1.893220336675643933e+00
1.823890438556671212e+00
1.794034775257110637e+00
1.768555194854736223e+00
1.749629785537719640e+00
1.730358675479888975e+00
1.715403159856796256e+00
1.700145112276077342e+00
1.687713954448699871e+00
1.674245678186416564e+00
1.665746193885803139e+00
1.646258456468582043e+00
1.643462095975875892e+00
1.628384593248367374e+00
1.623888322830200126e+00
1.605976413249969426e+00
1.600466038703918459e+00
1.590582603931427030e+00
1.580447776079177746e+00
1.566655892610549827e+00
1.560125475406646700e+00
1.558443380832672087e+00
1.537811664819717317e+00
1.537606229066848851e+00
1.524186228036880530e+00
1.523331808805465704e+00
1.512680854082107507e+00
1.510806035995483354e+00
1.498856880426406857e+00
1.496486927747726403e+00
1.487585813522338762e+00
1.490881376743316666e+00
1.481629071950912424e+00
1.477321785688400224e+00
1.472185186862945638e+00
1.470063910245895444e+00
1.469608704090118456e+00
1.461479387044906542e+00
1.455297886848449629e+00
1.454864824056625316e+00
1.444602575540542500e+00
1.442118517637252850e+00
1.449580534219741867e+00
1.435748014450073162e+00
1.443872656583786052e+00
1.432063796281814572e+00
1.428125044107437125e+00
1.418059178829193190e+00
1.417942084550857462e+00
1.426525736331939687e+00
1.422865739345550606e+00
1.410487180471420299e+00
1.410247309684753425e+00
1.406115286111831564e+00
1.403653346061706442e+00
1.404523291110992389e+00
1.398406124353408719e+00
1.396480446100234918e+00
1.391333418369293140e+00
1.386525453329086277e+00
1.389361558675765940e+00
1.384856287717819212e+00
1.376826804161071838e+00
1.384345182180404699e+00
1.379557703137397784e+00
1.376720057964325061e+00
1.371918589353561480e+00
1.372734468340873759e+00
1.374711387872695978e+00
1.366645928144454958e+00
1.355818797826767064e+00
1.362346919178962779e+00
1.372140565872192353e+00
1.361724140882492051e+00
1.368062479972839363e+00
1.364373394846916110e+00
1.350694716691970720e+00
1.350064836025238080e+00
1.350126125574111935e+00
1.348044543981552046e+00
1.352037907242775061e+00
1.344077300786971962e+00
1.337407420039177008e+00
1.341292617082595839e+00
1.349413666129112288e+00
1.337122926950454760e+00
1.328099115133285490e+00
1.325572448015213123e+00
1.331380558133125280e+00
1.333681480884552073e+00
1.323101493477821355e+00
1.329318102121353151e+00
1.326481189012527429e+00
1.327733732104301456e+00
1.323847798943519560e+00
1.318598970293998640e+00
1.311585642099380555e+00
1.316433396697044289e+00
1.309149424433708297e+00
1.304687102794647169e+00
1.312126254200935316e+00
1.305792077660560713e+00
1.305549650311470078e+00
1.299839324593544010e+00
1.307836934328079126e+00
1.304956762313842722e+00
1.296281653165817227e+00
1.309760716557502702e+00
1.292530339360237202e+00
1.294993248462676938e+00
1.292553170323371914e+00
1.287381145000457749e+00
1.298347371578216558e+00
1.295497800111770736e+00
1.284801489591598456e+00
1.280970047950744650e+00
1.291543406844139152e+00
1.286873239278793379e+00
1.283274467706680300e+00
1.276192268371582061e+00
1.281846492171287544e+00
1.281597878217697106e+00
1.286345029115676830e+00
1.276801654577255141e+00
1.273226583361625641e+00
1.277838959455490198e+00
1.271093972682952877e+00
1.271844612002372754e+00
1.272539981126785236e+00
1.272019366979598942e+00
1.266815531730651756e+00
1.271947819590568463e+00
1.260698629617690969e+00
1.264095601201057351e+00
1.261009531497955249e+00
1.259503283619880731e+00
1.257291074514389040e+00
1.259120285272598228e+00
1.252695609688758926e+00
1.260980963468551597e+00
1.261932603478431725e+00
1.252738409280776954e+00
1.256622352361679074e+00
1.250584499359130852e+00
1.255084089994430441e+00
1.253107466220855670e+00
1.252845767736434857e+00
1.245531560420990003e+00
1.240050030231475864e+00
1.238209088683128289e+00
1.241351425290107668e+00
1.235040692687034536e+00
1.234085393667221142e+00
1.243731133460998617e+00
1.237436699271202034e+00
1.238086380600929237e+00
1.227370132327079810e+00
1.234547179341316303e+00
1.237037058234214726e+00
1.232156746149063009e+00
1.231690558314323392e+00
1.238736786842346227e+00
1.231786074757575955e+00
1.221633720755577190e+00
1.232872925519943319e+00
1.227208812117576597e+00
1.228489244937896796e+00
1.219708256840705829e+00
1.224717132329940839e+00
1.215707732558250376e+00
1.221142872929573020e+00
1.231910269379615785e+00
1.225737933635711707e+00
1.216181734561920136e+00
1.215491409897804242e+00
1.221775646448135300e+00
1.213852261424064549e+00
1.219506515145301728e+00
1.209734210968017587e+00
1.207978874206542930e+00
1.213901187419891281e+00
1.215225430846214261e+00
1.201730616927146889e+00
1.212454522728920070e+00
1.211521769165992746e+00
1.200984017491340650e+00
1.208074085116386476e+00
1.206118481159210276e+00
1.197038912296295221e+00
1.208756961941719110e+00
1.197576898574829185e+00
1.199678844094276498e+00
1.197503340959549023e+00
1.197807352185249252e+00
1.189697680830955395e+00
1.199260310769081128e+00
1.197694672107696423e+00
1.191285109639167894e+00
1.188036339759826587e+00
1.194766898870468053e+00
1.191576575160026463e+00
1.191558425545692357e+00
1.192204343676567024e+00
1.191064805269241411e+00
1.188206432938575752e+00
1.183272270917892444e+00
1.182063733458518895e+00
1.179134999632835301e+00
1.188932932138442977e+00
1.184526212215423646e+00
1.184854697227478049e+00
1.182855181336402994e+00
1.186637585997581512e+00
1.182886544346809288e+00
1.176834145545959442e+00
1.182068470358848655e+00
1.176712845087051429e+00
1.172922517538070641e+00
1.173675095677375824e+00
1.171233584523200921e+00
1.174931772947311437e+00
1.175615646481513954e+00
1.174265985965728731e+00
1.169990901470184363e+00
1.172643372416496188e+00
1.174322922468185482e+00
1.172471796035766678e+00
1.164942662715911847e+00
1.164839586377143910e+00
1.163656913042068419e+00
1.158057975411415086e+00
1.164500501513481057e+00
1.171165141940116783e+00
1.171268439650535509e+00
1.162734979033470228e+00
1.162951625585556092e+00
1.163169011831283628e+00
1.160590939402580180e+00
1.164894898414611912e+00
1.152641673088073748e+00
1.155070760250091588e+00
1.159283342361450142e+00
1.155279380798339917e+00
1.159045899271964997e+00
1.155782373547554087e+00
1.160543519973754822e+00
1.159000205516815152e+00
1.148508332610130411e+00
1.149687596797943190e+00
1.152995284199714643e+00
1.145780624389648450e+00
1.152881340980529856e+00
1.145785633683204630e+00
1.142496135711669858e+00
1.146385822653770425e+00
1.147132217764854412e+00
1.147093924403190579e+00
1.144378705143928476e+00
1.142542977929115189e+00
1.138512421727180479e+00
1.144475144982338044e+00
1.140772361040115257e+00
1.140776242017746078e+00
1.138971748828887964e+00
1.137952948331832914e+00
1.140729727506637481e+00
1.145402136206626897e+00
1.132419309377670213e+00
1.143179423570632958e+00
1.135932515740394555e+00
1.133614135026931757e+00
1.129969642758369419e+00
1.139368796467780998e+00
1.128565724968910278e+00
1.130201292872428986e+00
1.135686541318893461e+00
1.141121367216110238e+00
1.132839414715766990e+00
1.127307116150856103e+00
1.125557468175887976e+00
1.123571294784545982e+00
1.129509925723075847e+00
1.120887576341629055e+00
1.133365779161453313e+00
1.124425497770309423e+00
1.122718532443046646e+00
1.125444700479507398e+00
1.119334921598434507e+00
1.123638615608215430e+00
1.117416198849678022e+00
1.122831070542335441e+00
1.115135626077651931e+00
1.119754410862922711e+00
1.117266498088836713e+00
1.113866248250007684e+00
1.106113457918167065e+00
1.113550679326057447e+00
1.116561710238456628e+00
1.120237916469573936e+00
1.115676947832107579e+00
1.111226616263389477e+00
1.116648286461830120e+00
1.107769551396369900e+00
1.113454422831535284e+00
1.113756292462348974e+00
1.113563660025596702e+00
1.108574930548667847e+00
1.112720749735832237e+00
1.111046695113182103e+00
1.106427774786949092e+00
1.100342049956321677e+00
1.110015293955803006e+00
1.107659991502761843e+00
1.096512697339057985e+00
1.101427123665809527e+00
1.099845415592193509e+00
1.108810921788215609e+00
1.107641312479972884e+00
1.108129314780235353e+00
1.107947980046272374e+00
1.096404893279075532e+00
1.102968994617462117e+00
1.095421320199966519e+00
1.091623341321945162e+00
1.092558182597160421e+00
1.089550374746322658e+00
1.102725462198257400e+00
1.097952295422554014e+00
1.096875288724899367e+00
1.100216612577438413e+00
1.097080784916877771e+00
1.095679541110992528e+00
1.091295859217643827e+00
1.091548495769500748e+00
1.094475404381751948e+00
1.089600010037422129e+00
1.095489727258682322e+00
1.089633802175521859e+00
1.096725389719009458e+00
1.088787121176719719e+00
1.094577853202819862e+00
1.086952101349830668e+00
1.085635245919227554e+00
1.082835382938384994e+00
1.085587082505226064e+00
1.086033994197845409e+00
1.082668816685676605e+00
1.085944280624389746e+00
1.091453510046005215e+00
1.077516470551490801e+00
1.077127264499664339e+00
1.085358191132545391e+00
1.085640024065971376e+00
1.079720901012420686e+00
1.076315473198890649e+00
1.077026113748550395e+00
1.077916397690773076e+00
1.078854487895965608e+00
1.080311871409416202e+00
1.078375168323516764e+00
1.081102777600288389e+00
1.077127125382423500e+00
1.083967238903045693e+00
1.068828801751136703e+00
1.073228153347969061e+00
1.071067996144294820e+00
1.077447128057479775e+00
1.072461664915084878e+00
1.073959081172943142e+00
1.064274083971977314e+00
1.067474221467971773e+00
1.074432944297790460e+00
1.075604072690010016e+00
1.069514952182769818e+00
1.072656117796897846e+00
1.072759156346321019e+00
1.071182744383812002e+00
1.065676986336708154e+00
1.063568554043769820e+00
1.065668488502502509e+00
1.064467370271682700e+00
1.061854403734207253e+00
1.068988474488258289e+00
1.065861074805259712e+00
1.067959846973419280e+00
1.065108110785484286e+00
1.058711838245391945e+00
1.060066259384155218e+00
1.060811372041702283e+00
1.053140561461448632e+00
1.060009546875953612e+00
1.056596614956855751e+00
1.064577041149139314e+00
1.061390524625778209e+00
1.059567342042923022e+00
1.058691877007484461e+00
1.062030078649520926e+00
1.056316962122917147e+00
1.056980951189994800e+00
1.063313864111900431e+00
1.058541752934455848e+00
1.056129542350769057e+00
1.056437315583229175e+00
1.058146630287170487e+00
1.057925913810729979e+00
1.048705103874206568e+00
1.051469680190086464e+00
1.048802281618118393e+00
1.046696285128593473e+00
1.052899611353874221e+00
1.048729168534278777e+00
1.047090338349342398e+00
1.052245522379875231e+00
1.046242062211036661e+00
1.045693489074706939e+00
1.055099985241889859e+00
1.040482858896255580e+00
1.047326929092407211e+00
1.049194074988365255e+00
1.045863131165504445e+00
1.050165864944458072e+00
1.046009512901306060e+00
1.053985144853591960e+00
1.040419717192649918e+00
1.046968526840210023e+00
1.048614264011383135e+00
1.040431226015090971e+00
1.046547880172729483e+00
1.042857092380523598e+00
1.038303823947906546e+00
1.035431445002555906e+00
1.047190145492553626e+00
1.037997731804847668e+00
1.044103383064270085e+00
1.034892324447631795e+00
1.039676650524139490e+00
1.037761159300804037e+00
1.035836169481277436e+00
1.031677109360694899e+00
1.025045686841010939e+00
1.030695381879806583e+00
1.039670815706253082e+00
1.042712427496910177e+00
1.031006837964058009e+00
1.031430326700210509e+00
1.036324377298355026e+00
1.040826680660247749e+00
1.032539761900901798e+00
1.027711486816406339e+00
1.041987029790878205e+00
1.033033046960830648e+00
1.039938063859939588e+00
1.033036259412765556e+00
1.035385542035102802e+00
1.035055563688278113e+00
1.026771732926368808e+00
1.032536345839500491e+00
1.018186375856399595e+00
1.032412489056587113e+00
1.030476315259933440e+00
1.020412268638610787e+00
1.027554377794265728e+00
1.026857788324356147e+00
1.032318033456802286e+00
1.027620272517204336e+00
1.021711760163307225e+00
1.013360881924629142e+00
1.024815984249114909e+00
1.023409170508384758e+00
1.029270442247390838e+00
1.028163306951522804e+00
1.027587531805038479e+00
1.020550952196121131e+00
1.016663957118987938e+00
1.019444034576415969e+00
1.018205286860466074e+00
1.016710965037345815e+00
1.021240729808807313e+00
1.026337590694427426e+00
1.011244422554969713e+00
1.021940872907638465e+00
1.019189788818359421e+00
1.019248390793800363e+00
1.016374241352081320e+00
1.018875094413757232e+00
1.017521550655364981e+00
1.016704900264739919e+00
1.017018678903579776e+00
1.009906463027000489e+00
1.013984224796295130e+00
1.012593498706817696e+00
1.013309389114379844e+00
1.009769463777542065e+00
1.012058163166046132e+00
1.005284101128578245e+00
1.004291724205017111e+00
1.012363714456558261e+00
1.014551006078720174e+00
1.009196470141410895e+00
1.001606193065643247e+00
