2.302055501461028886e+00
2.298157169342041062e+00
2.287579634189605748e+00
2.226095339298248099e+00
2.105128785133361990e+00
2.041908571243286286e+00
1.990388517379760636e+00
1.953372042179107648e+00
1.922377719402313279e+00
1.902364956140518260e+00
1.883809545040130651e+00
1.871690447807311974e+00
1.857443256616592375e+00
1.843154358148574756e+00
1.830258329868316602e+00
1.820476737499236997e+00
1.811030556440353489e+00
1.803334052801132126e+00
1.795813966512679993e+00
1.783567870855331527e+00
1.777531824111938441e+00
1.776307787656784098e+00
1.770615423679351874e+00
1.762611204385757357e+00
1.756325309038162308e+00
1.751505574226379425e+00
1.745045719385147187e+00
1.735386953115463315e+00
1.730127338647842405e+00
1.726162836551666357e+00
1.722428275108337292e+00
1.719649032592773352e+00
1.713803119659423890e+00
1.706613772630691583e+00
1.701639200925826989e+00
1.698214418649673485e+00
1.692091215372085511e+00
1.685915653228759803e+00
1.687970753908157429e+00
1.681149609804153400e+00
1.671817139148712217e+00
1.670151036977767900e+00
1.668647737026214495e+00
1.666909380674362229e+00
1.660509720563888569e+00
1.653863652944564722e+00
1.649901369810104379e+00
1.646078382968902520e+00
1.648688980579376295e+00
1.638394663333892831e+00
1.638394572257995563e+00
1.638954320669174125e+00
1.632791380643844548e+00
1.626116541147232031e+00
1.626201772451400851e+00
1.622910162925720323e+00
1.620486691236495913e+00
1.618647335290908762e+00
1.618758463144302384e+00
1.612934728384017857e+00
1.612546192646026721e+00
1.608963871955871650e+00
1.605350392341613697e+00
1.602984529972076411e+00
1.603257470607757584e+00
1.602555459022521944e+00
1.594509288072585962e+00
1.600106986999511705e+00
1.592345232009887646e+00
1.593676963806152314e+00
1.587279934406280457e+00
1.585517220258712667e+00
1.586725511074066119e+00
1.587179855108261206e+00
1.583261353969573904e+00
1.584129475116729635e+00
1.577089405536651556e+00
1.579332287788391076e+00
1.574013312578201207e+00
1.570271522760391170e+00
1.570306995868682831e+00
1.570674865961074751e+00
1.571453363656997615e+00
1.568504025936126700e+00
1.564397053480148347e+00
1.562189319849014213e+00
1.559676390886306718e+00
1.557051618337631282e+00
1.557948064327240090e+00
1.558559175491333049e+00
1.551827558279037511e+00
1.552100538015365627e+00
1.549611321449279711e+00
1.550335920333862250e+00
1.550453779220581030e+00
1.544856620788574109e+00
1.546644174337387101e+00
1.545312000751495329e+00
1.543760637760162258e+00
1.540895348072051974e+00
1.543881618261337296e+00
1.539437275886535561e+00
1.538919919490814303e+00
1.537115724086761448e+00
1.534338392972946163e+00
1.531765168428421031e+00
1.527794625997543232e+00
1.525381644010543880e+00
1.532849436283111544e+00
1.528898571252822913e+00
1.523688977241516085e+00
1.524437858343124397e+00
1.526323691129684468e+00
1.525982331752777199e+00
1.522066874980926521e+00
1.518995098590850912e+00
1.523071341991424577e+00
1.519997337102890089e+00
1.515495327949524018e+00
1.518791446447372406e+00
1.515706454753875665e+00
1.512299582719802915e+00
1.515903021574020348e+00
1.517404396772384700e+00
1.508138689756393536e+00
1.505022939443588337e+00
1.509024877071380555e+00
1.509484910249710099e+00
1.502735162496566801e+00
1.504087932109832826e+00
1.505297176361084066e+00
1.502324642658233733e+00
1.504087192296981845e+00
1.503247985363006523e+00
1.501513203859329293e+00
1.501220645427703948e+00
1.496248203039169278e+00
1.498003167629242016e+00
1.501272216796875059e+00
1.498407492637634286e+00
1.493830975294113239e+00
1.501692292213439917e+00
1.490894052505493228e+00
1.500505539417266831e+00
1.491308452844619659e+00
1.492690382719039865e+00
1.493067070960998555e+00
1.489012584686279395e+00
1.487533735513687061e+00
1.484342025995254444e+00
1.486875058174133235e+00
1.487206788063049290e+00
1.487292847156524767e+00
1.478411013364791859e+00
1.480218036651611335e+00
1.484983942270278856e+00
1.481595641851425116e+00
1.483021915197372476e+00
1.480842805624008163e+00
1.479685021400451550e+00
1.480040133714675799e+00
1.477673648834228581e+00
1.474344618320465150e+00
1.475103093147277722e+00
1.478016568660736052e+00
1.476519254684448335e+00
1.471159348011016776e+00
1.477566765069961541e+00
1.475161321163177552e+00
1.475710355520248429e+00
1.472165126323699891e+00
1.467840132713317924e+00
1.469716905832290754e+00
1.463856037378311159e+00
1.466587767839431677e+00
1.469165884971618707e+00
1.466708941221237072e+00
1.468092300176620402e+00
1.466283175468444888e+00
1.456906158208846946e+00
1.462502406835556101e+00
1.461796512603759757e+00
1.462438139438629214e+00
1.462207330942153938e+00
1.457320401906967211e+00
1.460970982313156030e+00
1.454996800661086942e+00
1.456856925964355565e+00
1.462429135084152287e+00
1.455070446014404384e+00
1.457671579122543415e+00
1.455954168319702147e+00
1.453213859319686829e+00
1.452761382341384966e+00
1.452745522499084396e+00
1.449555660009384184e+00
1.452064507007598815e+00
1.449892611026763811e+00
1.448834625720977876e+00
1.449071958780288716e+00
1.448300085783004842e+00
1.449542626380920352e+00
1.446005952119827187e+00
1.449974366903304945e+00
1.447798700571060193e+00
1.443026812553405813e+00
1.447835040807724072e+00
1.448511044263839809e+00
1.444306008577346701e+00
1.444684720277786161e+00
1.447853935718536267e+00
1.446484457492828390e+00
1.442256089925765927e+00
1.438648485422134415e+00
1.436089080333709633e+00
1.443078902006149189e+00
1.442451786041259787e+00
1.438872492074966480e+00
1.441251003980636547e+00
1.442751169443130532e+00
1.438778168916702294e+00
1.439739697933197116e+00
1.443823969602584745e+00
1.438612302303314161e+00
1.436811531066894521e+00
1.437266402006149191e+00
1.435508231163024950e+00
1.434847387075424141e+00
1.436407617330551112e+00
1.428633467674255364e+00
1.432160682916641337e+00
1.435858782768249409e+00
1.432913299798965534e+00
1.429855665922164842e+00
1.433464365959167486e+00
1.428782749652862449e+00
1.425880020141601534e+00
1.434866624355316089e+00
1.427928608417510903e+00
1.431785840988159197e+00
1.428943953990936322e+00
1.428794434070587149e+00
1.431070766925811810e+00
1.424512603521347121e+00
1.424280303716659590e+00
1.424349136829376139e+00
1.426048606157302778e+00
1.429684993982315078e+00
1.422818372726440517e+00
1.426269067525863576e+00
1.426341257095336879e+00
1.421220217704773026e+00
1.422561564683914259e+00
1.422026362895965512e+00
1.425002902507781943e+00
1.421354287862777621e+00
1.420568591356277555e+00
1.423127146959304756e+00
1.423712523460388235e+00
1.420038209915161165e+00
1.419722175598144620e+00
1.416549296379089329e+00
1.417738360881805493e+00
1.421626933813095128e+00
1.415232726097106930e+00
1.416685642957687286e+00
1.415122099876403805e+00
1.415653566598892299e+00
1.417687714815139666e+00
1.418286190986633333e+00
1.415625380992889371e+00
1.411265798091888346e+00
1.413932424306869606e+00
1.412823765754699812e+00
1.413612637519836346e+00
1.413656512975692836e+00
1.413132875919342002e+00
1.406443811178207381e+00
1.412410898447036711e+00
1.413070462703704733e+00
1.417145671129226736e+00
1.410184905767440711e+00
1.413332991838455177e+00
1.415778039455413806e+00
1.410750741004943798e+00
1.412757209300994798e+00
1.406181254386901891e+00
1.408243262290954645e+00
1.415320650815963699e+00
1.407390022754669179e+00
1.409126381635665837e+00
1.401206918001175028e+00
1.412795465230941794e+00
1.408387697935104432e+00
1.401665032625198259e+00
1.404520270586013808e+00
1.408184164762496859e+00
1.406460473537445077e+00
1.404720774888992274e+00
1.403386577844619731e+00
1.411739942789077773e+00
1.405772144794464218e+00
1.404263157367706238e+00
1.402944885015487753e+00
1.404348333358764744e+00
1.407431604146957449e+00
1.399370094776153595e+00
1.399944103956222596e+00
1.400222195386886526e+00
1.404458433389663696e+00
1.404145646810531556e+00
1.402802036762237581e+00
1.396835335969924818e+00
1.396112379789352431e+00
1.399400945425033571e+00
1.399715556621551560e+00
1.401550504684448306e+00
1.401346526384353641e+00
1.399677363157272314e+00
1.397057979822158735e+00
1.398902733325958270e+00
1.399991463899612487e+00
1.400650025367736751e+00
1.391574232578277615e+00
1.392037553310394360e+00
1.395403771877288923e+00
1.396078260660171599e+00
1.394718718051910500e+00
1.393427062034606978e+00
1.392374756574630723e+00
1.399234843015670693e+00
1.391745203971862743e+00
1.391407527446746784e+00
1.395389076471328815e+00
1.394209631204605060e+00
1.396116833925247214e+00
1.394057070970535328e+00
1.398439259767532361e+00
1.392730917215347253e+00
1.393010158061981141e+00
1.392293797969818225e+00
1.391297286272048961e+00
1.389608387947082413e+00
1.387300576925277751e+00
1.390563248872757063e+00
1.389377722263336112e+00
1.392276983499526999e+00
1.388071436882019061e+00
1.385142288208007777e+00
1.392645744800567575e+00
1.387288865089416401e+00
1.384741798400878965e+00
1.388275753259658796e+00
1.385734893798828082e+00
1.388115745067596496e+00
1.386367862224578751e+00
1.388360004901886047e+00
1.389572437286376916e+00
1.388467554092407186e+00
1.390386073827743596e+00
1.383722167253494284e+00
1.380968358039855959e+00
1.386357044458389254e+00
1.383144307136535689e+00
1.389034430742263737e+00
1.383760252237320021e+00
1.380624594211578460e+00
1.384495785236358634e+00
1.382890406847000042e+00
1.387201858520507702e+00
1.380051256179809505e+00
1.384077126264572133e+00
1.383296506166458162e+00
1.379895341396331743e+00
1.384190189838409468e+00
1.382482453107833908e+00
1.388269343137741085e+00
1.383647404670715231e+00
1.378078338861465468e+00
1.382614012479782106e+00
1.382376600027084290e+00
1.380121754288673452e+00
1.380444662094116204e+00
1.380750154018402176e+00
1.381266131639480532e+00
1.378155317306518635e+00
1.381175285816192533e+00
1.375562353849411057e+00
1.380251213788986187e+00
1.378839838027954068e+00
1.372491106271743755e+00
1.377343326330184858e+00
1.373817050933837880e+00
1.378307317495345963e+00
1.378953175783157459e+00
1.379131174564361517e+00
1.374164585590362586e+00
1.376535096168518102e+00
1.379087519884109492e+00
1.374321070194244321e+00
1.377971639871597320e+00
1.371276229858398477e+00
1.377064896583557019e+00
1.370454623699188135e+00
1.373289274215698352e+00
1.374820490360260106e+00
1.374636894941329901e+00
1.372444742202758805e+00
1.377992311477661103e+00
1.374735107660293609e+00
1.373597985982894842e+00
1.367480284214019681e+00
1.371333727359771659e+00
1.371253511428833116e+00
1.372194476366043192e+00
1.370860927581787125e+00
1.369180584669113188e+00
1.370023576259613129e+00
1.366318004846572842e+00
1.368473837375640878e+00
1.371990502595901384e+00
1.372253401279449392e+00
1.373000758886337325e+00
1.368364293336868265e+00
1.368890769481658998e+00
1.370019998311996501e+00
1.365647286891937151e+00
1.363802336454391417e+00
1.370549653530120926e+00
1.368367259025573768e+00
1.368591209173202428e+00
1.369529566526412889e+00
1.367124138832092273e+00
1.369857550859451267e+00
1.363949963092804030e+00
1.361343721866607570e+00
1.366696855068206817e+00
1.366431279182434011e+00
1.364771904230117849e+00
1.365057419538497907e+00
1.364827084541320845e+00
1.362829322099685658e+00
1.369909242391586401e+00
1.366114471197128255e+00
1.364109727621078516e+00
1.368236437082290591e+00
1.364097904920577919e+00
1.361335378170013488e+00
1.364650574207305844e+00
1.362925161600113011e+00
1.361763058900833157e+00
1.365635244369506784e+00
1.358478567123413194e+00
1.367286698102951004e+00
1.359279732465743962e+00
1.364165427446365264e+00
1.366380056381225616e+00
1.356822295665740974e+00
1.364886642217636004e+00
1.362202498197555567e+00
1.363447580575942952e+00
1.358855064630508425e+00
1.363070934057235783e+00
1.354105068683624236e+00
1.362191428661346349e+00
1.360095855712890600e+00
1.360832923889160107e+00
1.359681345701217570e+00
1.358510102510452233e+00
1.360303614854812659e+00
1.358943956851959234e+00
1.362694713354110743e+00
1.356439862489700277e+00
1.362033760070800792e+00
1.361176814317703210e+00
1.357477515459060591e+00
1.358242891550064169e+00
1.359107874393463034e+00
1.357893684148788527e+00
1.361045347213745149e+00
1.358116451978683470e+00
1.358005861759185695e+00
1.358232514619827302e+00
1.361766709804534958e+00
1.358539977908134411e+00
1.357300106287002484e+00
1.358081392526626630e+00
1.356581756830215424e+00
1.359385124444961512e+00
1.352362675428390393e+00
1.354058604001998845e+00
1.351989943981170672e+00
1.351187338113784886e+00
1.351085668802261441e+00
1.355033709764480676e+00
1.353358134746551533e+00
1.357355887174606313e+00
1.352393736600875807e+00
1.357593721032142708e+00
1.354029062271118189e+00
