1.445599943399429321e-01
2.060000002384185791e-01
2.445800006389617920e-01
2.700000107288360596e-01
2.912400066852569580e-01
3.081200122833251953e-01
3.199000060558319092e-01
3.330200016498565674e-01
3.403800129890441895e-01
3.482399880886077881e-01
3.541800081729888916e-01
3.569599986076354980e-01
3.626199960708618164e-01
3.668600022792816162e-01
3.684999942779541016e-01
3.735199868679046631e-01
3.751400113105773926e-01
3.789800107479095459e-01
3.819200098514556885e-01
3.832400143146514893e-01
3.905400037765502930e-01
3.869400024414062500e-01
3.938399851322174072e-01
3.955200016498565674e-01
3.994599878787994385e-01
4.007999897003173828e-01
4.031400084495544434e-01
4.050999879837036133e-01
4.057599902153015137e-01
4.104000031948089600e-01
4.102999866008758545e-01
4.144999980926513672e-01
4.171600043773651123e-01
4.169000089168548584e-01
4.164400100708007812e-01
4.201999902725219727e-01
4.215799868106842041e-01
4.233799874782562256e-01
4.253399968147277832e-01
4.249599874019622803e-01
4.247800111770629883e-01
4.293000102043151855e-01
4.302999973297119141e-01
4.305799901485443115e-01
4.332599937915802002e-01
4.322600066661834717e-01
4.358800053596496582e-01
4.363000094890594482e-01
4.363999962806701660e-01
4.388200044631958008e-01
4.395200014114379883e-01
4.412400126457214355e-01
4.435800015926361084e-01
4.431000053882598877e-01
4.453600049018859863e-01
4.465599954128265381e-01
4.463999867439270020e-01
4.453400075435638428e-01
4.486800134181976318e-01
4.502600133419036865e-01
4.480200111865997314e-01
4.502600133419036865e-01
4.514400064945220947e-01
4.523000121116638184e-01
4.500400125980377197e-01
4.522399902343750000e-01
4.523600041866302490e-01
4.580200016498565674e-01
4.574399888515472412e-01
4.566400051116943359e-01
4.598599970340728760e-01
4.577800035476684570e-01
4.588400125503540039e-01
4.591400027275085449e-01
4.628599882125854492e-01
4.629800021648406982e-01
4.612599909305572510e-01
4.642199873924255371e-01
4.672600030899047852e-01
4.629000127315521240e-01
4.688799977302551270e-01
4.657000005245208740e-01
4.650399982929229736e-01
4.682799875736236572e-01
4.652999937534332275e-01
4.715799987316131592e-01
4.692800045013427734e-01
4.702199995517730713e-01
4.702599942684173584e-01
4.697600007057189941e-01
4.715799987316131592e-01
4.735600054264068604e-01
4.709399938583374023e-01
4.736199975013732910e-01
4.740799963474273682e-01
4.741599857807159424e-01
4.731000065803527832e-01
4.770599901676177979e-01
4.758200049400329590e-01
4.753000140190124512e-01
4.765799939632415771e-01
4.726800024509429932e-01
4.752399921417236328e-01
4.761799871921539307e-01
4.792200028896331787e-01
4.782800078392028809e-01
4.809800088405609131e-01
4.821200072765350342e-01
4.774599969387054443e-01
4.815799891948699951e-01
4.809199869632720947e-01
4.811199903488159180e-01
4.798200130462646484e-01
4.833599925041198730e-01
4.848800003528594971e-01
4.856599867343902588e-01
4.849199950695037842e-01
4.834400117397308350e-01
4.819000065326690674e-01
4.872800111770629883e-01
4.851000010967254639e-01
4.848999977111816406e-01
4.868600070476531982e-01
4.871799945831298828e-01
4.869799911975860596e-01
4.850200116634368896e-01
4.862200021743774414e-01
4.878799915313720703e-01
4.887999892234802246e-01
4.876999855041503906e-01
4.894799888134002686e-01
4.880200028419494629e-01
4.895400106906890869e-01
4.917199909687042236e-01
4.876799881458282471e-01
4.891600012779235840e-01
4.909000098705291748e-01
4.925400018692016602e-01
4.923999905586242676e-01
4.965200126171112061e-01
4.960600137710571289e-01
4.935599863529205322e-01
4.939999878406524658e-01
4.963999986648559570e-01
4.930599927902221680e-01
4.938600063323974609e-01
4.944399893283843994e-01
4.961799979209899902e-01
4.925999939441680908e-01
4.962800145149230957e-01
4.947400093078613281e-01
4.927400052547454834e-01
4.968400001525878906e-01
4.981999993324279785e-01
4.933600127696990967e-01
4.975000023841857910e-01
4.994600117206573486e-01
4.982799887657165527e-01
4.998399913311004639e-01
5.008999705314636230e-01
4.937599897384643555e-01
4.998799860477447510e-01
5.006800293922424316e-01
4.996199905872344971e-01
5.009599924087524414e-01
5.018799901008605957e-01
4.993799924850463867e-01
5.004000067710876465e-01
5.013599991798400879e-01
5.005400180816650391e-01
5.023599863052368164e-01
5.007799863815307617e-01
5.000799894332885742e-01
5.034199953079223633e-01
5.003200173377990723e-01
5.010600090026855469e-01
5.049399733543395996e-01
5.039200186729431152e-01
5.037400126457214355e-01
5.055400133132934570e-01
5.044400095939636230e-01
5.034999847412109375e-01
5.038599967956542969e-01
5.053600072860717773e-01
5.039399862289428711e-01
5.048999786376953125e-01
5.072000026702880859e-01
5.056399703025817871e-01
5.084599852561950684e-01
5.066199898719787598e-01
5.058400034904479980e-01
5.078999996185302734e-01
5.064200162887573242e-01
5.102000236511230469e-01
5.074200034141540527e-01
5.057200193405151367e-01
5.085999965667724609e-01
5.072799921035766602e-01
5.060799717903137207e-01
5.092599987983703613e-01
5.095800161361694336e-01
5.061399936676025391e-01
5.085800290107727051e-01
5.080599784851074219e-01
5.086200237274169922e-01
5.072199702262878418e-01
5.082600116729736328e-01
5.084400177001953125e-01
5.098400115966796875e-01
5.095199942588806152e-01
5.061399936676025391e-01
5.102599859237670898e-01
5.098400115966796875e-01
5.130599737167358398e-01
5.113800168037414551e-01
5.110800266265869141e-01
5.123199820518493652e-01
5.106800198554992676e-01
5.123000144958496094e-01
5.118399858474731445e-01
5.124800205230712891e-01
5.135599970817565918e-01
5.140399932861328125e-01
5.109999775886535645e-01
5.097000002861022949e-01
5.122399926185607910e-01
5.152800083160400391e-01
5.135999917984008789e-01
5.111799836158752441e-01
5.141000151634216309e-01
5.141000151634216309e-01
5.159999728202819824e-01
5.155400037765502930e-01
5.154399871826171875e-01
5.152000188827514648e-01
5.120199918746948242e-01
5.170000195503234863e-01
5.162600278854370117e-01
5.143200159072875977e-01
5.173000097274780273e-01
5.166599750518798828e-01
5.172600150108337402e-01
5.146399736404418945e-01
5.154200196266174316e-01
5.156800150871276855e-01
5.174599885940551758e-01
5.199999809265136719e-01
5.187600255012512207e-01
5.188999772071838379e-01
5.143799781799316406e-01
5.191000103950500488e-01
5.205199718475341797e-01
5.179200172424316406e-01
5.182200074195861816e-01
5.161399841308593750e-01
5.193399786949157715e-01
5.185800194740295410e-01
5.187000036239624023e-01
5.212799906730651855e-01
5.180000066757202148e-01
5.187600255012512207e-01
5.208399891853332520e-01
5.209800004959106445e-01
5.176600217819213867e-01
5.178599953651428223e-01
5.206599831581115723e-01
5.198000073432922363e-01
5.189999938011169434e-01
5.191400051116943359e-01
5.207999944686889648e-01
5.190399885177612305e-01
5.228599905967712402e-01
5.200399756431579590e-01
5.218600034713745117e-01
5.193399786949157715e-01
5.201799869537353516e-01
5.208799839019775391e-01
5.243600010871887207e-01
5.225200057029724121e-01
5.229799747467041016e-01
5.217599868774414062e-01
5.226399898529052734e-01
5.229799747467041016e-01
5.194000005722045898e-01
5.205399990081787109e-01
5.233399868011474609e-01
5.224199891090393066e-01
5.212399959564208984e-01
5.198400020599365234e-01
5.248600244522094727e-01
5.261800289154052734e-01
5.226399898529052734e-01
5.233799815177917480e-01
5.239599943161010742e-01
5.265799760818481445e-01
5.229200124740600586e-01
5.247600078582763672e-01
5.260800123214721680e-01
5.279399752616882324e-01
5.274400115013122559e-01
5.241000056266784668e-01
5.224199891090393066e-01
5.262799859046936035e-01
5.254999995231628418e-01
5.239400267601013184e-01
5.259799957275390625e-01
5.289599895477294922e-01
5.260599851608276367e-01
5.240399837493896484e-01
5.238199830055236816e-01
5.256800055503845215e-01
5.245400071144104004e-01
5.245400071144104004e-01
5.236799716949462891e-01
5.264599919319152832e-01
5.281999707221984863e-01
5.271199941635131836e-01
5.284399986267089844e-01
5.256400108337402344e-01
5.253000259399414062e-01
5.287200212478637695e-01
5.284399986267089844e-01
5.269399881362915039e-01
5.298200249671936035e-01
5.299199819564819336e-01
5.276200175285339355e-01
5.267999768257141113e-01
5.300999879837036133e-01
5.225399732589721680e-01
5.292800068855285645e-01
5.273399949073791504e-01
5.289999842643737793e-01
5.262799859046936035e-01
5.313199758529663086e-01
5.288599729537963867e-01
5.321800112724304199e-01
5.303999781608581543e-01
5.279200077056884766e-01
5.270400047302246094e-01
5.294200181961059570e-01
5.279800295829772949e-01
5.273200273513793945e-01
5.286999940872192383e-01
5.279200077056884766e-01
5.274599790573120117e-01
5.294600129127502441e-01
5.301600098609924316e-01
5.335199832916259766e-01
5.284799933433532715e-01
5.287200212478637695e-01
5.261399745941162109e-01
5.278400182723999023e-01
5.317400097846984863e-01
5.313599705696105957e-01
5.298600196838378906e-01
5.298399925231933594e-01
5.299599766731262207e-01
5.305799841880798340e-01
5.292400121688842773e-01
5.327000021934509277e-01
5.334600210189819336e-01
5.335599780082702637e-01
5.318400263786315918e-01
5.322800278663635254e-01
5.302199721336364746e-01
5.328000187873840332e-01
5.321599841117858887e-01
5.335400104522705078e-01
5.306599736213684082e-01
5.300199985504150391e-01
5.316799879074096680e-01
5.325199961662292480e-01
5.310800075531005859e-01
5.308799743652343750e-01
5.332400202751159668e-01
5.320199728012084961e-01
5.356000065803527832e-01
5.317199826240539551e-01
5.331400036811828613e-01
5.334799885749816895e-01
5.335400104522705078e-01
5.329399704933166504e-01
5.368800163269042969e-01
5.349199771881103516e-01
5.379199981689453125e-01
5.335199832916259766e-01
5.339800119400024414e-01
5.331400036811828613e-01
5.335800051689147949e-01
5.333799719810485840e-01
5.363799929618835449e-01
5.351200103759765625e-01
5.339000225067138672e-01
5.354999899864196777e-01
5.362200140953063965e-01
5.355200171470642090e-01
5.361199975013732910e-01
5.349400043487548828e-01
5.358600020408630371e-01
5.358200073242187500e-01
5.356400012969970703e-01
5.336400270462036133e-01
5.339999794960021973e-01
5.369200110435485840e-01
5.375999808311462402e-01
5.328000187873840332e-01
5.343199968338012695e-01
5.346599817276000977e-01
5.373799800872802734e-01
5.348399877548217773e-01
5.360599756240844727e-01
5.376799702644348145e-01
5.372400283813476562e-01
5.336400270462036133e-01
5.406000018119812012e-01
5.370000004768371582e-01
5.368999838829040527e-01
5.348200201988220215e-01
5.345600247383117676e-01
5.389199852943420410e-01
5.343400239944458008e-01
5.348399877548217773e-01
5.360199809074401855e-01
5.388600230216979980e-01
5.372800230979919434e-01
5.354999899864196777e-01
5.398200154304504395e-01
5.383800268173217773e-01
5.347999930381774902e-01
5.377600193023681641e-01
5.353199839591979980e-01
5.371000170707702637e-01
5.355200171470642090e-01
5.386000275611877441e-01
5.370600223541259766e-01
5.399600267410278320e-01
5.367599725723266602e-01
5.379199981689453125e-01
5.374400019645690918e-01
5.363399982452392578e-01
5.402799844741821289e-01
5.393999814987182617e-01
5.385599732398986816e-01
5.378999710083007812e-01
5.372999906539916992e-01
5.428400039672851562e-01
5.384799838066101074e-01
5.397599935531616211e-01
5.364800095558166504e-01
5.386400222778320312e-01
5.376600027084350586e-01
5.389400124549865723e-01
5.407400131225585938e-01
5.408800244331359863e-01
5.384600162506103516e-01
5.398399829864501953e-01
5.399199724197387695e-01
5.372599959373474121e-01
5.399399995803833008e-01
5.415400266647338867e-01
5.400599837303161621e-01
5.385400056838989258e-01
5.404400229454040527e-01
5.431200265884399414e-01
5.428000092506408691e-01
5.390400290489196777e-01
5.424600243568420410e-01
5.406600236892700195e-01
5.419999957084655762e-01
5.438399910926818848e-01
5.415599942207336426e-01
5.414400100708007812e-01
5.401999950408935547e-01
5.395200252532958984e-01
5.394999980926513672e-01
5.423200130462646484e-01
5.395600199699401855e-01
5.383399724960327148e-01
5.405799746513366699e-01
5.414000153541564941e-01
5.429999828338623047e-01
5.429400205612182617e-01
5.421800017356872559e-01
5.410599708557128906e-01
5.424399971961975098e-01
5.378199815750122070e-01
5.411400198936462402e-01
5.391200184822082520e-01
5.429999828338623047e-01
5.417799949645996094e-01
5.432599782943725586e-01
5.434399843215942383e-01
5.443999767303466797e-01
5.424799919128417969e-01
5.421599745750427246e-01
5.410799980163574219e-01
5.457999706268310547e-01
5.431399941444396973e-01
5.443000197410583496e-01
5.456200242042541504e-01
