3.271200060844421387e-01
3.606599867343902588e-01
3.715800046920776367e-01
3.823199868202209473e-01
3.883199989795684814e-01
3.940599858760833740e-01
4.025599956512451172e-01
4.074600040912628174e-01
4.134399890899658203e-01
4.172399938106536865e-01
4.188399910926818848e-01
4.280000030994415283e-01
4.273200035095214844e-01
4.338800013065338135e-01
4.341199994087219238e-01
4.399999976158142090e-01
4.418199956417083740e-01
4.453000128269195557e-01
4.481799900531768799e-01
4.529399871826171875e-01
4.541800022125244141e-01
4.541000127792358398e-01
4.597800076007843018e-01
4.625799953937530518e-01
4.680399894714355469e-01
4.674000144004821777e-01
4.712800085544586182e-01
4.708000123500823975e-01
4.758599996566772461e-01
4.754399955272674561e-01
4.771800041198730469e-01
4.769200086593627930e-01
4.793800115585327148e-01
4.816200137138366699e-01
4.828599989414215088e-01
4.850200116634368896e-01
4.871799945831298828e-01
4.841600060462951660e-01
4.886600077152252197e-01
4.883800148963928223e-01
4.916000068187713623e-01
4.943000078201293945e-01
4.941599965095520020e-01
4.965800046920776367e-01
4.925999939441680908e-01
4.963600039482116699e-01
4.983400106430053711e-01
5.019800066947937012e-01
5.027199983596801758e-01
4.992400109767913818e-01
5.007799863815307617e-01
5.038200020790100098e-01
5.045599937438964844e-01
5.055400133132934570e-01
5.080800056457519531e-01
5.101600289344787598e-01
5.104399919509887695e-01
5.081800222396850586e-01
5.123400092124938965e-01
5.116599798202514648e-01
5.116000175476074219e-01
5.147399902343750000e-01
5.191400051116943359e-01
5.131999850273132324e-01
5.192999839782714844e-01
5.200999975204467773e-01
5.183799862861633301e-01
5.194799900054931641e-01
5.157399773597717285e-01
5.207800269126892090e-01
5.271400213241577148e-01
5.231000185012817383e-01
5.185199975967407227e-01
5.240600109100341797e-01
5.221199989318847656e-01
5.243600010871887207e-01
5.267800092697143555e-01
5.274199843406677246e-01
5.269600152969360352e-01
5.290399789810180664e-01
5.281199812889099121e-01
5.294200181961059570e-01
5.304200053215026855e-01
5.296400189399719238e-01
5.291399955749511719e-01
5.317599773406982422e-01
5.343599915504455566e-01
5.343400239944458008e-01
5.339400172233581543e-01
5.350199937820434570e-01
5.382599830627441406e-01
5.347200036048889160e-01
5.371400117874145508e-01
5.369799733161926270e-01
5.374600291252136230e-01
5.396800041198730469e-01
5.414000153541564941e-01
5.409399867057800293e-01
5.445399880409240723e-01
5.440400242805480957e-01
5.396800041198730469e-01
5.459399819374084473e-01
5.450599789619445801e-01
5.454599857330322266e-01
5.436199903488159180e-01
5.435799956321716309e-01
5.460799932479858398e-01
5.425000190734863281e-01
5.489000082015991211e-01
5.473799705505371094e-01
5.488200187683105469e-01
5.510200262069702148e-01
5.475599765777587891e-01
5.481399893760681152e-01
5.515800118446350098e-01
5.530999898910522461e-01
5.527200102806091309e-01
5.540800094604492188e-01
5.526000261306762695e-01
5.544999837875366211e-01
5.529999732971191406e-01
5.521199703216552734e-01
5.513399839401245117e-01
5.535399913787841797e-01
5.554599761962890625e-01
5.536400079727172852e-01
5.569400191307067871e-01
5.543000102043151855e-01
5.548999905586242676e-01
5.573999881744384766e-01
5.594000220298767090e-01
5.567200183868408203e-01
5.624600052833557129e-01
5.601199865341186523e-01
5.588799715042114258e-01
5.622799992561340332e-01
5.621399879455566406e-01
5.622199773788452148e-01
5.645800232887268066e-01
5.620599985122680664e-01
5.625000000000000000e-01
5.656200051307678223e-01
5.625200271606445312e-01
5.641400218009948730e-01
5.640000104904174805e-01
5.625399947166442871e-01
5.633999705314636230e-01
5.668799877166748047e-01
5.671200156211853027e-01
5.685600042343139648e-01
5.686399936676025391e-01
5.691800117492675781e-01
5.697799921035766602e-01
5.692600011825561523e-01
5.691999793052673340e-01
5.710600018501281738e-01
5.733799934387207031e-01
5.711600184440612793e-01
5.691199898719787598e-01
5.729799866676330566e-01
5.707799792289733887e-01
5.699800252914428711e-01
5.703999996185302734e-01
5.741800069808959961e-01
5.715199708938598633e-01
5.704600214958190918e-01
5.749999880790710449e-01
5.741199851036071777e-01
5.754600167274475098e-01
5.765200257301330566e-01
5.745599865913391113e-01
5.740200281143188477e-01
5.745599865913391113e-01
5.785400271415710449e-01
5.760800242424011230e-01
5.766400098800659180e-01
5.784199833869934082e-01
5.762400031089782715e-01
5.797600150108337402e-01
5.806599855422973633e-01
5.780000090599060059e-01
5.777199864387512207e-01
5.816599726676940918e-01
5.800799727439880371e-01
5.766000151634216309e-01
5.822399854660034180e-01
5.799800157546997070e-01
5.845599770545959473e-01
5.853999853134155273e-01
5.794000029563903809e-01
5.845199823379516602e-01
5.838800072669982910e-01
5.818600058555603027e-01
5.832599997520446777e-01
5.887799859046936035e-01
5.848600268363952637e-01
5.871800184249877930e-01
5.877599716186523438e-01
5.873600244522094727e-01
5.868600010871887207e-01
5.867400169372558594e-01
5.855600237846374512e-01
5.852800011634826660e-01
5.878999829292297363e-01
5.883799791336059570e-01
5.895799994468688965e-01
5.896999835968017578e-01
5.914800167083740234e-01
5.869200229644775391e-01
5.917199850082397461e-01
5.889999866485595703e-01
5.896400213241577148e-01
5.886999964714050293e-01
5.894600152969360352e-01
5.929600000381469727e-01
5.904800295829772949e-01
5.915399789810180664e-01
5.923600196838378906e-01
5.916000008583068848e-01
5.944600105285644531e-01
5.942400097846984863e-01
5.907400250434875488e-01
5.918400287628173828e-01
5.930399894714355469e-01
5.933600068092346191e-01
5.935800075531005859e-01
5.954800248146057129e-01
5.957400202751159668e-01
5.977399945259094238e-01
5.960400104522705078e-01
6.004400253295898438e-01
5.967000126838684082e-01
5.938199758529663086e-01
5.939999818801879883e-01
5.977799892425537109e-01
5.953999757766723633e-01
5.942199826240539551e-01
5.969600081443786621e-01
5.957199931144714355e-01
6.007999777793884277e-01
5.989800095558166504e-01
6.003800034523010254e-01
5.999799966812133789e-01
5.991399884223937988e-01
5.994200110435485840e-01
6.001200079917907715e-01
5.992000102996826172e-01
6.040199995040893555e-01
6.021199822425842285e-01
6.009200215339660645e-01
6.050199866294860840e-01
6.007199883460998535e-01
6.064000129699707031e-01
6.072999835014343262e-01
6.039999723434448242e-01
6.017000079154968262e-01
5.988399982452392578e-01
6.041200160980224609e-01
6.039599776268005371e-01
6.069399714469909668e-01
6.034600138664245605e-01
6.064599752426147461e-01
6.056600213050842285e-01
6.037600040435791016e-01
6.082599759101867676e-01
6.052799820899963379e-01
6.051599979400634766e-01
6.058200001716613770e-01
6.040999889373779297e-01
6.044200062751770020e-01
6.079000234603881836e-01
6.076400279998779297e-01
6.042600274085998535e-01
6.092000007629394531e-01
6.094599962234497070e-01
6.100000143051147461e-01
6.046599745750427246e-01
6.082800030708312988e-01
6.104400157928466797e-01
6.123999953269958496e-01
6.085600256919860840e-01
6.081200242042541504e-01
6.108199954032897949e-01
6.077399849891662598e-01
6.101199984550476074e-01
6.095200181007385254e-01
6.138600111007690430e-01
6.125199794769287109e-01
6.110000014305114746e-01
6.157000064849853516e-01
6.137599945068359375e-01
6.141999959945678711e-01
6.146600246429443359e-01
6.128200292587280273e-01
6.154199838638305664e-01
6.171799898147583008e-01
6.161800026893615723e-01
6.133800148963928223e-01
6.139799952507019043e-01
6.147999763488769531e-01
6.156399846076965332e-01
6.150799989700317383e-01
6.164000034332275391e-01
6.153200268745422363e-01
6.136000156402587891e-01
6.160200238227844238e-01
6.176199913024902344e-01
6.159800291061401367e-01
6.164399981498718262e-01
6.179800033569335938e-01
6.184399724006652832e-01
6.151599884033203125e-01
6.190000176429748535e-01
6.205000281333923340e-01
6.180599927902221680e-01
6.208599805831909180e-01
6.179199814796447754e-01
6.172599792480468750e-01
6.179800033569335938e-01
6.186800003051757812e-01
6.218400001525878906e-01
6.209800243377685547e-01
6.210200190544128418e-01
6.232799887657165527e-01
6.232799887657165527e-01
6.224600076675415039e-01
6.195399761199951172e-01
6.220999956130981445e-01
6.230400204658508301e-01
6.207200288772583008e-01
6.211400032043457031e-01
6.216599941253662109e-01
6.216999888420104980e-01
6.200000047683715820e-01
6.215000152587890625e-01
6.243399977684020996e-01
6.239200234413146973e-01
6.259999871253967285e-01
6.200199723243713379e-01
6.244999766349792480e-01
6.225799918174743652e-01
6.231999993324279785e-01
6.262800097465515137e-01
6.262000203132629395e-01
6.267399787902832031e-01
6.252800226211547852e-01
6.277199983596801758e-01
6.249600052833557129e-01
6.233999729156494141e-01
6.277400255203247070e-01
6.278200149536132812e-01
6.239600181579589844e-01
6.261399984359741211e-01
6.273599863052368164e-01
6.283400058746337891e-01
6.288800239562988281e-01
6.291999816894531250e-01
6.271600127220153809e-01
6.297799944877624512e-01
6.271600127220153809e-01
6.291400194168090820e-01
6.305199861526489258e-01
6.251400113105773926e-01
6.297399997711181641e-01
6.316000223159790039e-01
6.290000081062316895e-01
6.278600096702575684e-01
6.324200034141540527e-01
6.304000020027160645e-01
6.334000229835510254e-01
6.349200010299682617e-01
6.304799914360046387e-01
6.287599802017211914e-01
6.309000253677368164e-01
6.311399936676025391e-01
6.329200267791748047e-01
6.315799951553344727e-01
6.334000229835510254e-01
6.315600275993347168e-01
6.321799755096435547e-01
6.320599913597106934e-01
6.329600214958190918e-01
6.313800215721130371e-01
6.322600245475769043e-01
6.326199769973754883e-01
6.333000063896179199e-01
6.360800266265869141e-01
6.356199979782104492e-01
6.313599944114685059e-01
6.369199752807617188e-01
6.359199881553649902e-01
6.353200078010559082e-01
6.328600049018859863e-01
6.323400139808654785e-01
6.353399753570556641e-01
6.359199881553649902e-01
6.352199912071228027e-01
6.333600282669067383e-01
6.342399716377258301e-01
6.327199935913085938e-01
6.366800069808959961e-01
6.351400017738342285e-01
6.382200121879577637e-01
6.369799971580505371e-01
6.336200237274169922e-01
6.377599835395812988e-01
6.386600136756896973e-01
6.371600031852722168e-01
6.374400258064270020e-01
6.395800113677978516e-01
6.377000212669372559e-01
6.387599706649780273e-01
6.403800249099731445e-01
6.397600173950195312e-01
6.411600112915039062e-01
6.382600069046020508e-01
6.419600248336791992e-01
6.409999728202819824e-01
6.396399736404418945e-01
6.409400105476379395e-01
6.378600001335144043e-01
6.378999948501586914e-01
6.372200250625610352e-01
6.390399932861328125e-01
6.401200294494628906e-01
6.391599774360656738e-01
6.409800052642822266e-01
6.410400271415710449e-01
6.412400007247924805e-01
6.418799757957458496e-01
6.463400125503540039e-01
6.425999999046325684e-01
6.436399817466735840e-01
6.421399712562561035e-01
6.446599960327148438e-01
6.446999907493591309e-01
6.431999802589416504e-01
6.435400247573852539e-01
6.450600028038024902e-01
6.448000073432922363e-01
6.468600034713745117e-01
6.417999863624572754e-01
6.419199705123901367e-01
6.460800170898437500e-01
6.410199999809265137e-01
6.425799727439880371e-01
6.433799862861633301e-01
6.431400179862976074e-01
6.468799710273742676e-01
6.427199840545654297e-01
6.439200043678283691e-01
6.445000171661376953e-01
6.454600095748901367e-01
6.458200216293334961e-01
6.438199877738952637e-01
6.446200013160705566e-01
6.463999748229980469e-01
6.508399844169616699e-01
6.449000239372253418e-01
6.463400125503540039e-01
6.489999890327453613e-01
6.467199921607971191e-01
6.434999704360961914e-01
6.466400027275085449e-01
6.461399793624877930e-01
6.503599882125854492e-01
6.502199769020080566e-01
6.501799821853637695e-01
6.492599844932556152e-01
6.448199748992919922e-01
6.450200080871582031e-01
6.470800042152404785e-01
6.506000161170959473e-01
6.500399708747863770e-01
6.506999731063842773e-01
6.503599882125854492e-01
6.494799852371215820e-01
6.502799987792968750e-01
6.468999981880187988e-01
6.531800031661987305e-01
6.493600010871887207e-01
6.516199707984924316e-01
6.489800214767456055e-01
6.507400274276733398e-01
6.517599821090698242e-01
6.492999792098999023e-01
6.509799957275390625e-01
6.502599716186523438e-01
6.549400091171264648e-01
6.521599888801574707e-01
6.516799926757812500e-01
6.530399918556213379e-01
6.506000161170959473e-01
6.516199707984924316e-01
6.557000279426574707e-01
6.550599932670593262e-01
6.549000144004821777e-01
6.493800282478332520e-01
6.554200053215026855e-01
6.561800241470336914e-01
