2.290943140506744413e+00
2.178752309322357306e+00
2.051125313997268496e+00
1.994222690343856907e+00
1.953483654022216687e+00
1.921192904949188263e+00
1.896669715166091841e+00
1.871229074001312220e+00
1.851233041286468595e+00
1.829815613985061651e+00
1.814497017145156876e+00
1.802756217718124443e+00
1.792344810009002698e+00
1.783608123540878276e+00
1.774732656478881898e+00
1.765109203577041708e+00
1.756466801881790163e+00
1.749969984531402512e+00
1.742815077543258706e+00
1.737613050222396760e+00
1.726927963972091584e+00
1.722082248449325670e+00
1.711524539947509860e+00
1.705076544046401965e+00
1.699479673862457352e+00
1.689975411891937229e+00
1.684523810386657772e+00
1.680295666933059762e+00
1.670968716144561661e+00
1.664627488851547321e+00
1.659610373258590732e+00
1.652928385972976644e+00
1.646334325075149430e+00
1.644821554660797158e+00
1.639112655878067093e+00
1.632168441295623884e+00
1.622231766700744648e+00
1.624073964357376054e+00
1.614155854463577233e+00
1.614726625442504782e+00
1.612830309391021677e+00
1.601384003400802669e+00
1.605568809509277273e+00
1.597485155820846492e+00
1.592815150976180982e+00
1.588802205324173045e+00
1.586685557126998880e+00
1.583014521360397442e+00
1.578971129655837968e+00
1.574048638820648272e+00
1.569862660169601520e+00
1.565124025583267242e+00
1.559309208869934071e+00
1.556667321681976413e+00
1.561776794910430866e+00
1.553009605407714933e+00
1.551496173858642580e+00
1.551934156656265218e+00
1.544762296915054289e+00
1.541764031171798610e+00
1.539247247457504297e+00
1.537484278440475416e+00
1.531632395029068006e+00
1.532695623397827056e+00
1.534562774181365885e+00
1.530302632808685281e+00
1.525668859243392905e+00
1.521271273851394712e+00
1.519818207740783800e+00
1.522018231630325236e+00
1.514622828006744415e+00
1.516312833547592165e+00
1.510761669158935616e+00
1.512396783828735325e+00
1.505945743322372410e+00
1.506498201370239265e+00
1.502985488414764426e+00
1.500277088880539011e+00
1.497410192489623926e+00
1.500885991811752307e+00
1.491507790088653529e+00
1.494657312393188553e+00
1.494842995405197161e+00
1.490115660667419517e+00
1.491039706230163464e+00
1.484113157510757341e+00
1.483504503726959189e+00
1.484654781579971328e+00
1.479345595836639493e+00
1.481140636444091774e+00
1.478274460554122927e+00
1.477358633279800326e+00
1.477953871488571158e+00
1.472201724767684849e+00
1.471504566192626928e+00
1.470507484674453691e+00
1.470013205051422078e+00
1.466895580530166665e+00
1.465971370697021436e+00
1.463550042867660439e+00
1.465029282569885183e+00
1.462756046056747472e+00
1.462027314186096216e+00
1.460089222431182776e+00
1.457885403633117694e+00
1.456669264078140236e+00
1.451266601562499980e+00
1.454172018766403118e+00
1.455155416250228928e+00
1.452125964879989573e+00
1.449151286363601576e+00
1.449077264547347976e+00
1.450634341239929181e+00
1.444922234058380051e+00
1.440549232006073099e+00
1.440118614435195843e+00
1.441266409873962484e+00
1.442081447839737018e+00
1.439929464817047089e+00
1.436382678031921323e+00
1.438269890546798768e+00
1.433096512079238938e+00
1.433268970966339095e+00
1.432694193601608212e+00
1.431372981071472150e+00
1.434098130702972318e+00
1.429035930156707712e+00
1.428953831434249810e+00
1.428181516408920215e+00
1.427200536966323874e+00
1.425379498243331877e+00
1.428731855869293188e+00
1.425973989963531530e+00
1.421563622474670385e+00
1.427831805944442811e+00
1.423382057428359992e+00
1.421101722717285076e+00
1.421205148935317908e+00
1.417874051570892302e+00
1.413706745862960856e+00
1.412482609987258941e+00
1.413190489768981983e+00
1.416779917955398593e+00
1.412972815513610758e+00
1.415438763618469320e+00
1.413021274089813151e+00
1.415366296529769974e+00
1.409512081384658888e+00
1.408133917331695573e+00
1.408152221679687566e+00
1.408591449260711670e+00
1.408964738845825293e+00
1.400618873596191305e+00
1.401308858871459950e+00
1.408690828323364341e+00
1.405130815267562783e+00
1.398606749057769827e+00
1.395943420886993414e+00
1.401364852428436336e+00
1.397191778421402075e+00
1.406908430814743038e+00
1.401007582426071263e+00
1.393632258653640710e+00
1.394847265958786053e+00
1.393431513547897405e+00
1.394997033357620264e+00
1.399193264961242633e+00
1.394854282855987559e+00
1.393333621025085511e+00
1.393305352926254237e+00
1.389937485694885178e+00
1.394302806138992379e+00
1.391324114799499467e+00
1.392272987127304074e+00
1.391400130987167305e+00
1.389605750799179029e+00
1.387642665863037195e+00
1.386214414358138969e+00
1.385710363149643021e+00
1.385917015790939288e+00
1.388715544223785292e+00
1.383931346178054911e+00
1.386762449741363534e+00
1.379878732919693096e+00
1.384226359844207721e+00
1.380773196935653591e+00
1.377150894165038997e+00
1.379167428731918443e+00
1.373768828868865866e+00
1.377603370666503846e+00
1.379672838687896697e+00
1.374165206909179648e+00
1.375827458858490004e+00
1.370691755056381300e+00
1.377035753965377918e+00
1.376493075132370070e+00
1.373908208370208772e+00
1.371300301790237430e+00
1.374679322719573937e+00
1.370918616056442163e+00
1.374230294942855757e+00
1.370158046960830767e+00
1.369662521600723215e+00
1.372876848936080973e+00
1.370876642942428614e+00
1.372815856933593759e+00
1.369732995510101414e+00
1.367741044282913210e+00
1.365918380737304760e+00
1.370199811458587602e+00
1.369638772964477447e+00
1.366439577817916806e+00
1.365933593749999897e+00
1.364062316894531168e+00
1.367756275892257678e+00
1.359999176979064917e+00
1.364572079896926970e+00
1.364692842960357755e+00
1.360564218759536814e+00
1.362883261203765795e+00
1.361387513399124227e+00
1.358769490242004441e+00
1.360112996816635222e+00
1.360952813625335711e+00
1.364653666973113966e+00
1.361444047689437831e+00
1.357256764411926220e+00
1.355895533561706445e+00
1.358689570784568756e+00
1.355069828510284458e+00
1.353406779050827069e+00
1.354154350042343191e+00
1.352676272392272949e+00
1.349286969661712687e+00
1.358179872035980118e+00
1.356814888238906835e+00
1.351230518937110991e+00
1.352001819849014241e+00
1.352581884741783202e+00
1.348318809509277294e+00
1.347618480205535985e+00
1.350916594028472861e+00
1.350617247104644703e+00
1.350211336612701318e+00
1.353135807037353588e+00
1.344339928627014125e+00
1.345836328268051219e+00
1.349452904701232914e+00
1.345715969324111860e+00
1.351828820586204571e+00
1.347975387334823694e+00
1.342136373519897452e+00
1.349161963701248190e+00
1.346804770708084131e+00
1.347452091693878140e+00
1.342208288431167684e+00
1.341788739204406777e+00
1.339152777194976718e+00
1.339765124797821061e+00
1.345984519243240252e+00
1.338435603618621794e+00
1.342465216398239125e+00
1.340358402490615886e+00
1.341379914760589598e+00
1.343588120698928856e+00
1.338701491832733126e+00
1.337466681480407704e+00
1.339350718498230064e+00
1.338539890050888026e+00
1.338882241487503011e+00
1.342281820058822683e+00
1.338576343059539875e+00
1.336250940203666637e+00
1.339129056692123454e+00
1.335176403880119267e+00
1.338148970842361507e+00
1.337349277019500793e+00
1.334656279802322487e+00
1.336857380628585723e+00
1.336749146461486903e+00
1.334145771741866993e+00
1.331604224443435625e+00
1.331108058333396960e+00
1.338980689287185610e+00
1.337258341550827012e+00
1.334489326000213527e+00
1.332671347737312217e+00
1.331878573417663469e+00
1.331037382125854540e+00
1.326476144075393604e+00
1.328119726181030247e+00
1.330166540861129842e+00
1.331268534898757849e+00
1.326798569679260353e+00
1.327932203769683905e+00
1.330801251649856631e+00
1.328445426464080814e+00
1.324771982669830317e+00
1.320155225872993388e+00
1.323208974838256946e+00
1.322952836275100630e+00
1.329447477579116743e+00
1.318916197538375856e+00
1.327487650394439722e+00
1.324976853251457198e+00
1.321833996772766140e+00
1.318778872489929199e+00
1.326484564304351910e+00
1.328121099352836509e+00
1.325398548960685652e+00
1.328834257602691693e+00
1.321274234294891325e+00
1.323379622936248889e+00
1.323630589246749922e+00
1.322317197203636274e+00
1.322640213012695298e+00
1.322006042242050095e+00
1.322309555292129568e+00
1.321582267522811938e+00
1.322964762449264420e+00
1.319094660758972193e+00
1.313797418355941771e+00
1.321020879626274125e+00
1.313591089725494321e+00
1.313755248785018814e+00
1.320289242267608687e+00
1.322062761068344194e+00
1.319850078225135892e+00
1.325167090415954485e+00
1.316320104837417571e+00
1.319077048301696697e+00
1.316439450025558511e+00
1.319035799503326389e+00
1.317256771802902238e+00
1.312794058084487903e+00
1.310318841695785608e+00
1.315338225603103650e+00
1.315448345899581817e+00
1.312730654954910259e+00
1.314598207235336380e+00
1.316543760299682564e+00
1.315651955485343860e+00
1.315218161582946799e+00
1.313775306940078824e+00
1.315443824529647809e+00
1.311759821653366131e+00
1.311268265008926459e+00
1.307662710547447205e+00
1.314622195124626192e+00
1.312199880361557103e+00
1.312273248672485293e+00
1.313200947999954238e+00
1.307576342225074795e+00
1.307359068632125920e+00
1.312143847346305847e+00
1.307082442998886096e+00
1.312746754884719813e+00
1.310837207317352204e+00
1.309781480789184549e+00
1.303877228021621759e+00
1.303045862674713229e+00
1.301103524088859542e+00
1.306735141038894543e+00
1.307815320253372215e+00
1.310107176542282037e+00
1.307097606420516867e+00
1.302210761547088591e+00
1.305607474803924584e+00
1.306949694395065364e+00
1.309071575164794998e+00
1.304420565485954198e+00
1.307916138172149578e+00
1.307709176540374774e+00
1.303757957577705406e+00
1.301186195373535082e+00
1.307484732985496612e+00
1.304413603067398064e+00
1.306787362575531075e+00
1.303706193447113026e+00
1.304272372484207132e+00
1.300985457062721284e+00
1.299476864457130398e+00
1.301666136026382370e+00
1.298325430989265339e+00
1.298592505455017143e+00
1.301125142574310223e+00
1.300919749736785924e+00
1.300843632936477645e+00
1.302633880376815823e+00
1.301636696338653643e+00
1.300736023664474494e+00
1.297566952586173938e+00
1.295468036770820675e+00
1.300824901103973419e+00
1.300071196436882071e+00
1.296300018310546864e+00
1.299740200281143121e+00
1.296986015796661285e+00
1.296116572499275144e+00
1.296929281592368977e+00
1.296784029006958106e+00
1.301899356126785312e+00
1.295872653603553859e+00
1.294353249549865748e+00
1.295609908819198575e+00
1.302315818548202442e+00
1.299564248204231331e+00
1.295204617261886515e+00
1.294021502375602761e+00
1.296739169836044203e+00
1.295145807027816787e+00
1.293903173804283213e+00
1.289999195694923495e+00
1.296359359979629478e+00
1.290579545497894332e+00
1.292019405961036593e+00
1.293820619344711265e+00
1.290989507317543028e+00
1.294603369235992396e+00
1.292377316713333224e+00
1.294597945094108526e+00
1.294907206177711378e+00
1.292445957183837812e+00
1.289072520375251774e+00
1.292663981437683018e+00
1.291306024074554415e+00
1.289993416547775329e+00
1.288758289575576699e+00
1.291117795944213942e+00
1.292437539696693394e+00
1.295927470922470182e+00
1.292154778599739151e+00
1.293181764602661099e+00
1.284953149557113594e+00
1.289581580042838960e+00
1.283740592956542859e+00
1.287580910444259708e+00
1.292169393539428723e+00
1.288250879049301245e+00
1.290044754981994668e+00
1.285045088648796074e+00
1.283229560017585813e+00
1.285660881757736185e+00
1.288085559844970751e+00
1.286131986856460463e+00
1.284730164289474397e+00
1.287450390577316250e+00
1.289088951349258494e+00
1.293791149377822913e+00
1.287497200727462765e+00
1.291530332088470567e+00
1.282544209361076382e+00
1.284736278533935572e+00
1.283243791103362952e+00
1.285737115502357586e+00
1.289051376223564249e+00
1.282548800468444883e+00
1.285884636878967369e+00
1.286138537883758648e+00
1.281832483172416604e+00
1.286787148475647014e+00
1.285888238906860437e+00
1.284273337125778180e+00
1.283044097304344211e+00
1.278465580344200214e+00
1.284254694104194572e+00
1.280643770217895439e+00
1.280760017871856782e+00
1.280049814343452441e+00
1.278063787579536426e+00
1.279145404219627302e+00
1.280954731345176789e+00
1.281106879711151114e+00
1.281076830387115395e+00
1.282492994189262436e+00
1.280360801458358733e+00
1.282279046416282764e+00
1.283736268877983200e+00
1.283533789634704547e+00
1.280711323976516658e+00
1.276566925644874617e+00
1.277664632320403948e+00
1.277235503196716415e+00
1.279603280544280963e+00
1.281436212539672770e+00
1.282211367845535355e+00
1.277109431266784778e+00
1.280420921683311564e+00
1.275560833334922872e+00
1.276343039393424972e+00
1.278158882498741100e+00
1.278121951818466107e+00
1.276778371334075901e+00
1.277301459193229682e+00
1.279193077683448809e+00
1.280109279155731139e+00
1.269596005439758368e+00
1.279716898560524063e+00
1.281071950674057103e+00
1.276691692352294849e+00
