1.068599969148635864e-01
1.244599968194961548e-01
1.454199999570846558e-01
1.749199926853179932e-01
2.047600001096725464e-01
2.398799955844879150e-01
2.657400071620941162e-01
2.885000109672546387e-01
2.994399964809417725e-01
3.122400045394897461e-01
3.206200003623962402e-01
3.275400102138519287e-01
3.348200023174285889e-01
3.410199880599975586e-01
3.452599942684173584e-01
3.463999927043914795e-01
3.542200028896331787e-01
3.563399910926818848e-01
3.596799969673156738e-01
3.639799952507019043e-01
3.671799898147583008e-01
3.674600124359130859e-01
3.708600103855133057e-01
3.726199865341186523e-01
3.743000030517578125e-01
3.745400011539459229e-01
3.770999908447265625e-01
3.826799988746643066e-01
3.833999931812286377e-01
3.855600059032440186e-01
3.889600038528442383e-01
3.882600069046020508e-01
3.905200064182281494e-01
3.954600095748901367e-01
3.919200003147125244e-01
3.955999910831451416e-01
3.987799882888793945e-01
3.972600102424621582e-01
4.008800089359283447e-01
4.033400118350982666e-01
4.046800136566162109e-01
4.059000015258789062e-01
4.060600101947784424e-01
4.063999950885772705e-01
4.101600050926208496e-01
4.133200049400329590e-01
4.097400009632110596e-01
4.136599898338317871e-01
4.145799875259399414e-01
4.134399890899658203e-01
4.179799854755401611e-01
4.173200130462646484e-01
4.162400066852569580e-01
4.188399910926818848e-01
4.197799861431121826e-01
4.203000068664550781e-01
4.212200045585632324e-01
4.242999851703643799e-01
4.219200015068054199e-01
4.259200096130371094e-01
4.248999953269958496e-01
4.254600107669830322e-01
4.260599911212921143e-01
4.288800060749053955e-01
4.282999932765960693e-01
4.277800023555755615e-01
4.313400089740753174e-01
4.306800067424774170e-01
4.313800036907196045e-01
4.299199879169464111e-01
4.334799945354461670e-01
4.343200027942657471e-01
4.336400032043457031e-01
4.309799969196319580e-01
4.359000027179718018e-01
4.348999857902526855e-01
4.338000118732452393e-01
4.350599944591522217e-01
4.402599930763244629e-01
4.399200081825256348e-01
4.390200078487396240e-01
4.409399926662445068e-01
4.378400146961212158e-01
4.391399919986724854e-01
4.406200051307678223e-01
4.420799911022186279e-01
4.442600011825561523e-01
4.439600110054016113e-01
4.430600106716156006e-01
4.432600140571594238e-01
4.453999996185302734e-01
4.435999989509582520e-01
4.452799856662750244e-01
4.467599987983703613e-01
4.461799860000610352e-01
4.484800100326538086e-01
4.471800029277801514e-01
4.463199973106384277e-01
4.491199851036071777e-01
4.479399919509887695e-01
4.493399858474731445e-01
4.500400125980377197e-01
4.500400125980377197e-01
4.501200020313262939e-01
4.522399902343750000e-01
4.499999880790710449e-01
4.544000029563903809e-01
4.545400142669677734e-01
4.499000012874603271e-01
4.544999897480010986e-01
4.533599913120269775e-01
4.536199867725372314e-01
4.552200138568878174e-01
4.533399939537048340e-01
4.548400044441223145e-01
4.557400047779083252e-01
4.567399919033050537e-01
4.584200084209442139e-01
4.552200138568878174e-01
4.581600129604339600e-01
4.583199918270111084e-01
4.605000019073486328e-01
4.562399983406066895e-01
4.557000100612640381e-01
4.615800082683563232e-01
4.616400003433227539e-01
4.582799971103668213e-01
4.580999910831451416e-01
4.628199934959411621e-01
4.630999863147735596e-01
4.590399861335754395e-01
4.608800113201141357e-01
4.608399868011474609e-01
4.614199995994567871e-01
4.625400006771087646e-01
4.624199867248535156e-01
4.647200107574462891e-01
4.628399908542633057e-01
4.596599936485290527e-01
4.611400067806243896e-01
4.639399945735931396e-01
4.615800082683563232e-01
4.666799902915954590e-01
4.631200134754180908e-01
4.641000032424926758e-01
4.677999913692474365e-01
4.661000072956085205e-01
4.666399955749511719e-01
4.667800068855285645e-01
4.674200117588043213e-01
4.692200124263763428e-01
4.679600000381469727e-01
4.671599864959716797e-01
4.716599881649017334e-01
4.715400040149688721e-01
4.663400053977966309e-01
4.717600047588348389e-01
4.691799879074096680e-01
4.704400002956390381e-01
4.703800082206726074e-01
4.696199893951416016e-01
4.708800017833709717e-01
4.690600037574768066e-01
4.698800146579742432e-01
4.706600010395050049e-01
4.721800088882446289e-01
4.710600078105926514e-01
4.715600013732910156e-01
4.723599851131439209e-01
4.718799889087677002e-01
4.753600060939788818e-01
4.742999970912933350e-01
4.741800129413604736e-01
4.771200120449066162e-01
4.736599922180175781e-01
4.748199880123138428e-01
4.735600054264068604e-01
4.748399853706359863e-01
4.747399985790252686e-01
4.774399995803833008e-01
4.756999909877777100e-01
4.765000045299530029e-01
4.751999974250793457e-01
4.758599996566772461e-01
4.785000085830688477e-01
4.764600098133087158e-01
4.788599908351898193e-01
4.793600142002105713e-01
4.766399860382080078e-01
4.776000082492828369e-01
4.776600003242492676e-01
4.783799946308135986e-01
4.786599874496459961e-01
4.774599969387054443e-01
4.775399863719940186e-01
4.812200069427490234e-01
4.788199961185455322e-01
4.787600040435791016e-01
4.805400073528289795e-01
4.807600080966949463e-01
4.827199876308441162e-01
4.809199869632720947e-01
4.815599918365478516e-01
4.817200005054473877e-01
4.803000092506408691e-01
4.819000065326690674e-01
4.814600050449371338e-01
4.824399948120117188e-01
4.814800024032592773e-01
4.808000028133392334e-01
4.807600080966949463e-01
4.826799929141998291e-01
4.849199950695037842e-01
4.849599897861480713e-01
4.857200086116790771e-01
4.817000031471252441e-01
4.851000010967254639e-01
4.846400022506713867e-01
4.840799868106842041e-01
4.809400141239166260e-01
4.853000044822692871e-01
4.855799973011016846e-01
4.826000034809112549e-01
4.858599901199340820e-01
4.847599864006042480e-01
4.849799871444702148e-01
4.853799939155578613e-01
4.852800071239471436e-01
4.854600131511688232e-01
4.893000125885009766e-01
4.846200048923492432e-01
4.841800034046173096e-01
4.869199991226196289e-01
4.869000017642974854e-01
4.862200021743774414e-01
4.909400045871734619e-01
4.871000051498413086e-01
4.854600131511688232e-01
4.884600043296813965e-01
4.860599935054779053e-01
4.866600036621093750e-01
4.874599874019622803e-01
4.884400069713592529e-01
4.904200136661529541e-01
4.901199936866760254e-01
4.861600100994110107e-01
4.881399869918823242e-01
4.864000082015991211e-01
4.882400035858154297e-01
4.872800111770629883e-01
4.898400008678436279e-01
4.929400086402893066e-01
4.892799854278564453e-01
4.900600016117095947e-01
4.904400110244750977e-01
4.897600114345550537e-01
4.916999936103820801e-01
4.889200031757354736e-01
4.902200102806091309e-01
4.916400015354156494e-01
4.883199930191040039e-01
4.939000010490417480e-01
4.924600124359130859e-01
4.887199997901916504e-01
4.931600093841552734e-01
4.938200116157531738e-01
4.909200072288513184e-01
4.913800060749053955e-01
4.903799891471862793e-01
4.922400116920471191e-01
4.919599890708923340e-01
4.918000102043151855e-01
4.970200061798095703e-01
4.924399852752685547e-01
4.928399920463562012e-01
4.940800070762634277e-01
4.954600036144256592e-01
4.939199984073638916e-01
4.938600063323974609e-01
4.956200122833251953e-01
4.915800094604492188e-01
4.947800040245056152e-01
4.964599907398223877e-01
4.891999959945678711e-01
4.927000105381011963e-01
4.933399856090545654e-01
4.950399994850158691e-01
4.945200085639953613e-01
4.916599988937377930e-01
4.959599971771240234e-01
4.947800040245056152e-01
4.981000125408172607e-01
4.933600127696990967e-01
4.967800080776214600e-01
4.968200027942657471e-01
4.961200058460235596e-01
4.954600036144256592e-01
4.975199997425079346e-01
4.951600134372711182e-01
4.978600144386291504e-01
4.939999878406524658e-01
4.957599937915802002e-01
4.980599880218505859e-01
4.983400106430053711e-01
4.960399866104125977e-01
4.952600002288818359e-01
4.958400130271911621e-01
4.973599910736083984e-01
4.998799860477447510e-01
4.956600069999694824e-01
4.962199926376342773e-01
4.984999895095825195e-01
4.987600147724151611e-01
4.990200102329254150e-01
4.986200034618377686e-01
4.972200095653533936e-01
4.961600005626678467e-01
4.961799979209899902e-01
4.953399896621704102e-01
4.984000027179718018e-01
4.973399937152862549e-01
4.963800013065338135e-01
4.984999895095825195e-01
5.008800029754638672e-01
4.988400042057037354e-01
5.004799962043762207e-01
4.991199970245361328e-01
5.004799962043762207e-01
4.980399906635284424e-01
5.009800195693969727e-01
4.984599947929382324e-01
5.024399757385253906e-01
4.998599886894226074e-01
4.992600083351135254e-01
4.996800124645233154e-01
4.983400106430053711e-01
4.982399940490722656e-01
4.980399906635284424e-01
5.008400082588195801e-01
4.998599886894226074e-01
4.957799911499023438e-01
4.981800019741058350e-01
5.013399720191955566e-01
5.023400187492370605e-01
5.019599795341491699e-01
5.014799833297729492e-01
5.013999938964843750e-01
5.022199749946594238e-01
5.042600035667419434e-01
5.023000240325927734e-01
4.997200071811676025e-01
5.032200217247009277e-01
5.055599808692932129e-01
5.026599764823913574e-01
5.026999711990356445e-01
5.016599893569946289e-01
5.027800202369689941e-01
5.020400285720825195e-01
5.018799901008605957e-01
4.993999898433685303e-01
5.055800080299377441e-01
5.059800148010253906e-01
5.030999779701232910e-01
5.012400150299072266e-01
5.020599961280822754e-01
5.064399838447570801e-01
5.042799711227416992e-01
5.052999854087829590e-01
5.056999921798706055e-01
5.029199719429016113e-01
5.057799816131591797e-01
5.030800104141235352e-01
5.055199861526489258e-01
5.059800148010253906e-01
5.019800066947937012e-01
5.053799748420715332e-01
5.007200241088867188e-01
5.035200119018554688e-01
5.077800154685974121e-01
5.051599740982055664e-01
5.038599967956542969e-01
5.047000050544738770e-01
5.049999952316284180e-01
5.047799944877624512e-01
5.062800049781799316e-01
5.054600238800048828e-01
5.071799755096435547e-01
5.080800056457519531e-01
5.056200027465820312e-01
5.056999921798706055e-01
5.081999897956848145e-01
5.067200064659118652e-01
5.058000087738037109e-01
5.070199966430664062e-01
5.041800141334533691e-01
5.060200095176696777e-01
5.061799883842468262e-01
5.066999793052673340e-01
5.060200095176696777e-01
5.069599747657775879e-01
5.066400170326232910e-01
5.085200071334838867e-01
5.075799822807312012e-01
5.079799890518188477e-01
5.077000260353088379e-01
5.085999965667724609e-01
5.086399912834167480e-01
5.091000199317932129e-01
5.056399703025817871e-01
5.055599808692932129e-01
5.076599717140197754e-01
5.086799860000610352e-01
5.083000063896179199e-01
5.080599784851074219e-01
5.064799785614013672e-01
5.062999725341796875e-01
5.081599950790405273e-01
5.077800154685974121e-01
5.123999714851379395e-01
5.112000107765197754e-01
5.074200034141540527e-01
5.083199739456176758e-01
5.084999799728393555e-01
5.103600025177001953e-01
5.083400011062622070e-01
5.051800012588500977e-01
5.095000267028808594e-01
5.110999941825866699e-01
5.087800025939941406e-01
5.076599717140197754e-01
5.080000162124633789e-01
5.119400024414062500e-01
5.120000243186950684e-01
5.083199739456176758e-01
5.117800235748291016e-01
5.104799866676330566e-01
5.101400017738342285e-01
5.115000009536743164e-01
5.102199912071228027e-01
5.103800296783447266e-01
5.117200016975402832e-01
5.118600130081176758e-01
5.070000290870666504e-01
5.104799866676330566e-01
5.100200176239013672e-01
5.094000101089477539e-01
5.098599791526794434e-01
5.116199851036071777e-01
5.103800296783447266e-01
5.101799964904785156e-01
5.120199918746948242e-01
5.105999708175659180e-01
5.128999948501586914e-01
5.092200040817260742e-01
5.141400098800659180e-01
5.119400024414062500e-01
5.081999897956848145e-01
5.120000243186950684e-01
5.112199783325195312e-01
5.096799731254577637e-01
5.116400122642517090e-01
5.108399987220764160e-01
5.133399963378906250e-01
5.137000083923339844e-01
5.116599798202514648e-01
5.121799707412719727e-01
5.127999782562255859e-01
5.123199820518493652e-01
5.129200220108032227e-01
5.119799971580505371e-01
5.138000249862670898e-01
5.128800272941589355e-01
5.134199857711791992e-01
5.122200250625610352e-01
5.127000212669372559e-01
5.144400000572204590e-01
5.115799903869628906e-01
5.120000243186950684e-01
5.156000256538391113e-01
5.127000212669372559e-01
5.148800015449523926e-01
5.154799818992614746e-01
5.150600075721740723e-01
5.119400024414062500e-01
5.098999738693237305e-01
5.134199857711791992e-01
5.118399858474731445e-01
5.124400258064270020e-01
5.118399858474731445e-01
5.128399729728698730e-01
5.125600099563598633e-01
5.168799757957458496e-01
5.171999931335449219e-01
5.136399865150451660e-01
5.115799903869628906e-01
5.141199827194213867e-01
5.126600265502929688e-01
5.144400000572204590e-01
5.131599903106689453e-01
5.157399773597717285e-01
