3.377999961376190186e-01
3.637000024318695068e-01
3.775399923324584961e-01
3.857800066471099854e-01
3.902199864387512207e-01
3.976199924945831299e-01
4.025000035762786865e-01
4.106200039386749268e-01
4.111999869346618652e-01
4.211600124835968018e-01
4.229399859905242920e-01
4.257200062274932861e-01
4.310599863529205322e-01
4.327799975872039795e-01
4.409799873828887939e-01
4.426999986171722412e-01
4.433200061321258545e-01
4.490599930286407471e-01
4.516200125217437744e-01
4.578399956226348877e-01
4.588199853897094727e-01
4.609200060367584229e-01
4.638600051403045654e-01
4.659599959850311279e-01
4.702599942684173584e-01
4.741800129413604736e-01
4.720799922943115234e-01
4.779799878597259521e-01
4.756399989128112793e-01
4.797599911689758301e-01
4.837599992752075195e-01
4.812000095844268799e-01
4.830200076103210449e-01
4.865399897098541260e-01
4.898400008678436279e-01
4.902400076389312744e-01
4.944399893283843994e-01
4.909600019454956055e-01
4.900799989700317383e-01
4.961200058460235596e-01
4.977799952030181885e-01
4.965400099754333496e-01
4.957599937915802002e-01
5.017200112342834473e-01
5.008800029754638672e-01
5.015400052070617676e-01
5.055800080299377441e-01
5.033599734306335449e-01
5.013599991798400879e-01
5.072199702262878418e-01
5.075799822807312012e-01
5.066800117492675781e-01
5.092800259590148926e-01
5.115000009536743164e-01
5.119600296020507812e-01
5.101199746131896973e-01
5.125600099563598633e-01
5.134400129318237305e-01
5.157799720764160156e-01
5.155400037765502930e-01
5.152599811553955078e-01
5.153999924659729004e-01
5.172399878501892090e-01
5.213400125503540039e-01
5.195000171661376953e-01
5.187799930572509766e-01
5.203199982643127441e-01
5.212200284004211426e-01
5.242599844932556152e-01
5.236600041389465332e-01
5.234000086784362793e-01
5.242599844932556152e-01
5.231599807739257812e-01
5.270799994468688965e-01
5.260199904441833496e-01
5.275599956512451172e-01
5.269200205802917480e-01
5.299800038337707520e-01
5.303800106048583984e-01
5.314599871635437012e-01
5.295799970626831055e-01
5.321800112724304199e-01
5.335599780082702637e-01
5.340800285339355469e-01
5.317999720573425293e-01
5.344200134277343750e-01
5.336199998855590820e-01
5.378000140190124512e-01
5.363600254058837891e-01
5.385400056838989258e-01
5.370399951934814453e-01
5.345600247383117676e-01
5.364199876785278320e-01
5.379999876022338867e-01
5.413799881935119629e-01
5.432599782943725586e-01
5.426999926567077637e-01
5.414000153541564941e-01
5.412399768829345703e-01
5.426800251007080078e-01
5.425000190734863281e-01
5.401200056076049805e-01
5.426399707794189453e-01
5.440400242805480957e-01
5.410199761390686035e-01
5.442399978637695312e-01
5.466799736022949219e-01
5.438600182533264160e-01
5.438399910926818848e-01
5.461999773979187012e-01
5.444999933242797852e-01
5.458199977874755859e-01
5.483999848365783691e-01
5.525400042533874512e-01
5.528399944305419922e-01
5.504000186920166016e-01
5.485200285911560059e-01
5.540400147438049316e-01
5.496399998664855957e-01
5.519400238990783691e-01
5.515999794006347656e-01
5.526400208473205566e-01
5.516200065612792969e-01
5.559599995613098145e-01
5.540599822998046875e-01
5.547999739646911621e-01
5.567799806594848633e-01
5.528399944305419922e-01
5.572400093078613281e-01
5.575799942016601562e-01
5.607200264930725098e-01
5.573999881744384766e-01
5.595800280570983887e-01
5.594999790191650391e-01
5.600399971008300781e-01
5.580800175666809082e-01
5.612999796867370605e-01
5.614200234413146973e-01
5.626599788665771484e-01
5.634599924087524414e-01
5.634599924087524414e-01
5.597000122070312500e-01
5.619999766349792480e-01
5.658599734306335449e-01
5.627999901771545410e-01
5.649399757385253906e-01
5.662599802017211914e-01
5.644800066947937012e-01
5.627200007438659668e-01
5.651400089263916016e-01
5.655999779701232910e-01
5.675799846649169922e-01
5.694000124931335449e-01
5.698800086975097656e-01
5.656999945640563965e-01
5.673000216484069824e-01
5.647799968719482422e-01
5.673800110816955566e-01
5.678799748420715332e-01
5.701400041580200195e-01
5.696399807929992676e-01
5.680000185966491699e-01
5.694000124931335449e-01
5.706999897956848145e-01
5.690400004386901855e-01
5.730400085449218750e-01
5.699599981307983398e-01
5.708000063896179199e-01
5.751600265502929688e-01
5.733199715614318848e-01
5.721799731254577637e-01
5.744400024414062500e-01
5.752599835395812988e-01
5.733000040054321289e-01
5.760800242424011230e-01
5.730999708175659180e-01
5.736200213432312012e-01
5.771999955177307129e-01
5.742200016975402832e-01
5.732399821281433105e-01
5.772399902343750000e-01
5.767199993133544922e-01
5.747600197792053223e-01
5.773199796676635742e-01
5.762799978256225586e-01
5.784999728202819824e-01
5.798799991607666016e-01
5.795800089836120605e-01
5.806999802589416504e-01
5.813000202178955078e-01
5.818799734115600586e-01
5.803200006484985352e-01
5.830399990081787109e-01
5.763400197029113770e-01
5.801799893379211426e-01
5.789600014686584473e-01
5.808399915695190430e-01
5.821599960327148438e-01
5.832399725914001465e-01
5.804200172424316406e-01
5.837600231170654297e-01
5.868600010871887207e-01
5.840399861335754395e-01
5.860000252723693848e-01
5.876200199127197266e-01
5.843200087547302246e-01
5.824400186538696289e-01
5.872600078582763672e-01
5.867800116539001465e-01
5.854200124740600586e-01
5.889000296592712402e-01
5.870199799537658691e-01
5.884199738502502441e-01
5.883200168609619141e-01
5.849000215530395508e-01
5.892400145530700684e-01
5.874999761581420898e-01
5.855000019073486328e-01
5.906800031661987305e-01
5.874999761581420898e-01
5.896800160408020020e-01
5.896999835968017578e-01
5.878999829292297363e-01
5.911999940872192383e-01
5.881000161170959473e-01
5.900800228118896484e-01
5.920799970626831055e-01
5.913000106811523438e-01
5.908799767494201660e-01
5.907800197601318359e-01
5.924999713897705078e-01
5.946999788284301758e-01
5.925199985504150391e-01
5.927000045776367188e-01
5.925800204277038574e-01
5.931800007820129395e-01
5.931800007820129395e-01
5.937200188636779785e-01
5.922999978065490723e-01
5.963400006294250488e-01
5.964999794960021973e-01
5.969799757003784180e-01
5.931800007820129395e-01
5.953400135040283203e-01
5.960199832916259766e-01
5.936800241470336914e-01
5.960800051689147949e-01
5.943599939346313477e-01
5.975599884986877441e-01
5.956000089645385742e-01
5.988000035285949707e-01
5.988199710845947266e-01
5.975999832153320312e-01
5.962399840354919434e-01
5.991799831390380859e-01
5.994600057601928711e-01
5.993400216102600098e-01
5.996599793434143066e-01
6.008800268173217773e-01
6.011000275611877441e-01
6.027399897575378418e-01
5.982800126075744629e-01
6.009799838066101074e-01
6.003999710083007812e-01
5.988799929618835449e-01
5.996999740600585938e-01
6.036999821662902832e-01
6.021599769592285156e-01
6.007800102233886719e-01
6.030799746513366699e-01
6.021999716758728027e-01
6.037600040435791016e-01
6.022199988365173340e-01
6.027600169181823730e-01
6.033200025558471680e-01
6.025599837303161621e-01
6.072800159454345703e-01
6.057000160217285156e-01
6.078400015830993652e-01
6.032599806785583496e-01
6.053199768066406250e-01
6.050999760627746582e-01
6.073600053787231445e-01
6.021800041198730469e-01
6.085799932479858398e-01
6.061999797821044922e-01
6.064000129699707031e-01
6.040800213813781738e-01
6.078000068664550781e-01
6.050000190734863281e-01
6.071599721908569336e-01
6.111199855804443359e-01
6.066600084304809570e-01
6.063600182533264160e-01
6.073399782180786133e-01
6.072400212287902832e-01
6.105800271034240723e-01
6.062600016593933105e-01
6.082999706268310547e-01
6.094400286674499512e-01
6.084600090980529785e-01
6.096000075340270996e-01
6.113600134849548340e-01
6.098200082778930664e-01
6.109200119972229004e-01
6.119599938392639160e-01
6.111599802970886230e-01
6.130999922752380371e-01
6.135799884796142578e-01
6.113200187683105469e-01
6.068999767303466797e-01
6.132000088691711426e-01
6.092200279235839844e-01
6.155200004577636719e-01
6.136999726295471191e-01
6.145600080490112305e-01
6.182199716567993164e-01
6.149399876594543457e-01
6.097199916839599609e-01
6.150199770927429199e-01
6.135399937629699707e-01
6.143400073051452637e-01
6.125400066375732422e-01
6.127399802207946777e-01
6.123600006103515625e-01
6.135200262069702148e-01
6.160799860954284668e-01
6.172199845314025879e-01
6.170600056648254395e-01
6.191599965095520020e-01
6.152200102806091309e-01
6.184399724006652832e-01
6.176800131797790527e-01
6.196399927139282227e-01
6.177800297737121582e-01
6.197400093078613281e-01
6.161800026893615723e-01
6.190800070762634277e-01
6.195600032806396484e-01
6.170600056648254395e-01
6.180599927902221680e-01
6.210200190544128418e-01
6.205800175666809082e-01
6.179400086402893066e-01
6.209800243377685547e-01
6.192799806594848633e-01
6.179800033569335938e-01
6.158999800682067871e-01
6.206200122833251953e-01
6.184999942779541016e-01
6.188399791717529297e-01
6.186199784278869629e-01
6.214799880981445312e-01
6.215999722480773926e-01
6.201599836349487305e-01
6.195999979972839355e-01
6.228600144386291504e-01
6.226599812507629395e-01
6.241599917411804199e-01
6.224399805068969727e-01
6.220200061798095703e-01
6.206799745559692383e-01
6.198599934577941895e-01
6.237800121307373047e-01
6.262800097465515137e-01
6.228799819946289062e-01
6.271799802780151367e-01
6.243600249290466309e-01
6.244800090789794922e-01
6.217799782752990723e-01
6.251199841499328613e-01
6.251599788665771484e-01
6.238600015640258789e-01
6.242799758911132812e-01
6.234200000762939453e-01
6.253200173377990723e-01
6.221799850463867188e-01
6.280400156974792480e-01
6.194000244140625000e-01
6.261000037193298340e-01
6.275399923324584961e-01
6.259199976921081543e-01
6.272600293159484863e-01
6.268399953842163086e-01
6.272600293159484863e-01
6.279399991035461426e-01
6.305000185966491699e-01
6.291800141334533691e-01
6.268200278282165527e-01
6.277800202369689941e-01
6.280400156974792480e-01
6.267600059509277344e-01
6.260399818420410156e-01
6.304600238800048828e-01
6.280999779701232910e-01
6.292799711227416992e-01
6.286000013351440430e-01
6.295999884605407715e-01
6.282600164413452148e-01
6.299399733543395996e-01
6.303799748420715332e-01
6.304799914360046387e-01
6.286799907684326172e-01
6.262599825859069824e-01
6.302999854087829590e-01
6.309599876403808594e-01
6.320800185203552246e-01
6.302800178527832031e-01
6.320199966430664062e-01
6.306599974632263184e-01
6.290400028228759766e-01
6.335200071334838867e-01
6.320400238037109375e-01
6.333600282669067383e-01
6.334199905395507812e-01
6.293399930000305176e-01
6.325399875640869141e-01
6.335800290107727051e-01
6.344199776649475098e-01
6.320999860763549805e-01
6.356199979782104492e-01
6.327999830245971680e-01
6.302000284194946289e-01
6.353800296783447266e-01
6.352999806404113770e-01
6.372200250625610352e-01
6.342599987983703613e-01
6.379799842834472656e-01
6.322399973869323730e-01
6.320599913597106934e-01
6.384199857711791992e-01
6.366999745368957520e-01
6.359999775886535645e-01
6.385599970817565918e-01
6.370999813079833984e-01
6.362800002098083496e-01
6.374800205230712891e-01
6.355999708175659180e-01
6.355800032615661621e-01
6.352599859237670898e-01
6.394799947738647461e-01
6.356199979782104492e-01
6.387199759483337402e-01
6.360599994659423828e-01
6.375200152397155762e-01
6.373999714851379395e-01
6.380400061607360840e-01
6.343600153923034668e-01
6.397600173950195312e-01
6.393200159072875977e-01
6.375799775123596191e-01
6.363800168037414551e-01
6.368399858474731445e-01
6.356599926948547363e-01
6.414600014686584473e-01
6.389600038528442383e-01
6.419000029563903809e-01
6.394400000572204590e-01
6.380400061607360840e-01
6.409000158309936523e-01
6.410999894142150879e-01
6.394400000572204590e-01
6.396800279617309570e-01
6.399800181388854980e-01
6.411799788475036621e-01
6.415399909019470215e-01
6.430199742317199707e-01
6.408799886703491211e-01
6.472799777984619141e-01
6.406199932098388672e-01
6.403599977493286133e-01
6.409199833869934082e-01
6.448000073432922363e-01
6.434999704360961914e-01
6.422600150108337402e-01
6.428200006484985352e-01
6.423599720001220703e-01
6.407200098037719727e-01
6.434000134468078613e-01
6.435800194740295410e-01
6.401200294494628906e-01
6.459199786186218262e-01
6.411799788475036621e-01
6.432999968528747559e-01
6.416199803352355957e-01
6.439800262451171875e-01
6.417599916458129883e-01
6.431000232696533203e-01
6.425200104713439941e-01
6.459199786186218262e-01
6.461200118064880371e-01
6.425399780273437500e-01
6.460800170898437500e-01
6.441400051116943359e-01
6.448199748992919922e-01
6.447600126266479492e-01
6.453599929809570312e-01
6.464400291442871094e-01
6.472399830818176270e-01
6.473799943923950195e-01
