1.867844310760498061e+00
1.797466650724411030e+00
1.775487340211868270e+00
1.754137114524841223e+00
1.739704992294311525e+00
1.717149909257888796e+00
1.702725655078887845e+00
1.682609838485717768e+00
1.672970800638198918e+00
1.652658646345138482e+00
1.640508012771606516e+00
1.622065402030944847e+00
1.610233179092407152e+00
1.597642728805541923e+00
1.586449962377548317e+00
1.575864405155181780e+00
1.562960180521011377e+00
1.552516130924224802e+00
1.541834926605224698e+00
1.530557070970535172e+00
1.522152244329452619e+00
1.515993665933609069e+00
1.509093196153640681e+00
1.502016225814819306e+00
1.491894865512847890e+00
1.478555581808090214e+00
1.484062936544418232e+00
1.475602670431137131e+00
1.472707801342010514e+00
1.459746756076812702e+00
1.454226171255111666e+00
1.454658594131469806e+00
1.445783668279647882e+00
1.440324121713638217e+00
1.433782506942749002e+00
1.436883717775344849e+00
1.426926543712615958e+00
1.429263536214828489e+00
1.427081831216812091e+00
1.417763079881668054e+00
1.414627042055129902e+00
1.414868263721466013e+00
1.412046926021575999e+00
1.401389497995376487e+00
1.408456082820892297e+00
1.398787310361862213e+00
1.391637457609176565e+00
1.393350377559661846e+00
1.398825938701629745e+00
1.389750260353088462e+00
1.385400332689285197e+00
1.382387035131454445e+00
1.379886554956436084e+00
1.376604430437087911e+00
1.375045893430709931e+00
1.374684288978576641e+00
1.368671833753585920e+00
1.370327033996582067e+00
1.360839023351669397e+00
1.359057847499847371e+00
1.360487220525741670e+00
1.362203452587127606e+00
1.358534444093704163e+00
1.348622371673583897e+00
1.353106703281402590e+00
1.346895474672317405e+00
1.348321722984314075e+00
1.344695781707763604e+00
1.342004475831985566e+00
1.338703510880470349e+00
1.337446980714797951e+00
1.336179145336151119e+00
1.337796276807785123e+00
1.333882606267928983e+00
1.328269634246826092e+00
1.327980375051498463e+00
1.332467000484466535e+00
1.320397427797317613e+00
1.324311407089233450e+00
1.321438856124877992e+00
1.323714912533760169e+00
1.320785532832145615e+00
1.319197273015976002e+00
1.319047377586364700e+00
1.318320206046104337e+00
1.309069185256958034e+00
1.310084609508514353e+00
1.305863359808921764e+00
1.307890514373779345e+00
1.302487996935844494e+00
1.305510725617408774e+00
1.305981687664985680e+00
1.303454699873924261e+00
1.299335418939590481e+00
1.296341466069221404e+00
1.289331802368164137e+00
1.295190756082534866e+00
1.292820250153541517e+00
1.293885217428207390e+00
1.291406710505485611e+00
1.290395134210586603e+00
1.284979256510734524e+00
1.286885282158851673e+00
1.284393247485160927e+00
1.282722935199737568e+00
1.281865466952323951e+00
1.275004112005233781e+00
1.279781672477722232e+00
1.281349361181259194e+00
1.281765332579612782e+00
1.280536457538604678e+00
1.273631961226463272e+00
1.269300961375236403e+00
1.266602753877639875e+00
1.266147645831108060e+00
1.271925551891326833e+00
1.267927778363227898e+00
1.263045075535774275e+00
1.266374024391174302e+00
1.265442457675933774e+00
1.262085165381431562e+00
1.258902416706085159e+00
1.262392528057098451e+00
1.256559928417205763e+00
1.255530042648315359e+00
1.258331521391868657e+00
1.250111701726913438e+00
1.254815399408340415e+00
1.251630445837974559e+00
1.247156226038932836e+00
1.247258375287056076e+00
1.247050021290779132e+00
1.246413728475570748e+00
1.242787645220756465e+00
1.244093862414360041e+00
1.246175549626350465e+00
1.240638122797012244e+00
1.243350036144256654e+00
1.235147076964378421e+00
1.236265883088111917e+00
1.236230491518974350e+00
1.240907569408416844e+00
1.236584982752799933e+00
1.229281613588333100e+00
1.232200633525848410e+00
1.226033427238464313e+00
1.226853895187377974e+00
1.231541056632995623e+00
1.232744942665100041e+00
1.229493965268135147e+00
1.228203536391258233e+00
1.224723090767860345e+00
1.219791586875915490e+00
1.224213452339172337e+00
1.221668201565742518e+00
1.218739505767822306e+00
1.224590755462646507e+00
1.217695068597793639e+00
1.216717165827751135e+00
1.215546456217765803e+00
1.215782607316970854e+00
1.218086554169654834e+00
1.219961898326873850e+00
1.208698619246482808e+00
1.216210126996040364e+00
1.207694285631179865e+00
1.208990354776382503e+00
1.212282014131546015e+00
1.209502392768859957e+00
1.209638251662254360e+00
1.207571234345436118e+00
1.204606213569641149e+00
1.202397357463836691e+00
1.204955957770347696e+00
1.200451688885688872e+00
1.203522990584373398e+00
1.204803079724311887e+00
1.196708255887031447e+00
1.202607882738113476e+00
1.205882329702377298e+00
1.193592233657836843e+00
1.194354680776596123e+00
1.196367161870002693e+00
1.196816359043121336e+00
1.190659700274467436e+00
1.191721366643905711e+00
1.191218410849571141e+00
1.187396763920784082e+00
1.189187740325927667e+00
1.189609496235847441e+00
1.186420585393905602e+00
1.187319464921951395e+00
1.187328913927078178e+00
1.188824310183525190e+00
1.180006313443183963e+00
1.187605306982994158e+00
1.184129563331604018e+00
1.186475441455841162e+00
1.177789386510849079e+00
1.182194870710372880e+00
1.183368362903594928e+00
1.174888610243797205e+00
1.178802225589752117e+00
1.175493751049041746e+00
1.171589007973671048e+00
1.175685788631439133e+00
1.176996902823448155e+00
1.171254962801933308e+00
1.167812690377235452e+00
1.172506233096122674e+00
1.166775919914245563e+00
1.165350855231285010e+00
1.164838407754898109e+00
1.169896794557571340e+00
1.171533829212188627e+00
1.166319108128547777e+00
1.164895942687988351e+00
1.164153251051902815e+00
1.161662998557090765e+00
1.166095224380493178e+00
1.160655266284942533e+00
1.164698811650276111e+00
1.166078646659851170e+00
1.160364222288131630e+00
1.172186676621437051e+00
1.155863949418068026e+00
1.154596229434013299e+00
1.159030079245567224e+00
1.157186251163482726e+00
1.158611588358879008e+00
1.156551027297973544e+00
1.149680998563766376e+00
1.155681631684303268e+00
1.155568328619003271e+00
1.153603811979293736e+00
1.154526805996894945e+00
1.152122791767120402e+00
1.147508605241775559e+00
1.150203021407127491e+00
1.141812647104263334e+00
1.144314847826957804e+00
1.143800976991653506e+00
1.150012315511703465e+00
1.147236274123191846e+00
1.143445910573005708e+00
1.146384266018867448e+00
1.147184113979339504e+00
1.147528953671455465e+00
1.141684549808502203e+00
1.140876274228096010e+00
1.138733737945556657e+00
1.141703916072845493e+00
1.137931668162345922e+00
1.139286952018737864e+00
1.139455602049827654e+00
1.136021857261657608e+00
1.139869772195815978e+00
1.135821730732917700e+00
1.129168695449829007e+00
1.135051600098609947e+00
1.128746664285659840e+00
1.132224486351013137e+00
1.132419363975524895e+00
1.133454722046852048e+00
1.132721713542938158e+00
1.133136137604713545e+00
1.124684172749519373e+00
1.130732517123222314e+00
1.132432738184928844e+00
1.120363138914108214e+00
1.126673501968383784e+00
1.126264197468757722e+00
1.125600795507430973e+00
1.122097938537597761e+00
1.127852902650833045e+00
1.124067623496055601e+00
1.121901789069175814e+00
1.119350320935249332e+00
1.116948463320732055e+00
1.119716005086898836e+00
1.118385378360748250e+00
1.115232616066932581e+00
1.117815514326095494e+00
1.120735098958015374e+00
1.115341960668563948e+00
1.116437908768653786e+00
1.118878478527069120e+00
1.117505319595336832e+00
1.116968032240867714e+00
1.113177040934562712e+00
1.116501086473465021e+00
1.108774939656257619e+00
1.121125105142593448e+00
1.116108905911445515e+00
1.111210277318954498e+00
1.119507817745208689e+00
1.105112560510635333e+00
1.110037356853485147e+00
1.110618583321571373e+00
1.105817398190498402e+00
1.111188912272453200e+00
1.104382151007652357e+00
1.098923130154609629e+00
1.105746541023254315e+00
1.099738028407096779e+00
1.103018420577049241e+00
1.102005309343337958e+00
1.097164530992507991e+00
1.096286005496978744e+00
1.097891535401344321e+00
1.106082917094230567e+00
1.096175786972045874e+00
1.105075838685035672e+00
1.096361470103263791e+00
1.096829005837440585e+00
1.095079256892204311e+00
1.090293649435043255e+00
1.093794609189033595e+00
1.103522598981857339e+00
1.096416963219642549e+00
1.089679059505462622e+00
1.094544688344001759e+00
1.097568054556846695e+00
1.092772740721702496e+00
1.091536486148834140e+00
1.095889530777931276e+00
1.087184993982315051e+00
1.091793634057044882e+00
1.088916277527809173e+00
1.079955319762230026e+00
1.090092471599578783e+00
1.082697489261627233e+00
1.082011410593986422e+00
1.083424112915992721e+00
1.090835843563079832e+00
1.082450776576995954e+00
1.085662611603736893e+00
1.085000973224639953e+00
1.081349196314811634e+00
1.082612121462821930e+00
1.088903321981430139e+00
1.081569477558135928e+00
1.076905702710151624e+00
1.083781703710555933e+00
1.076483832120895379e+00
1.080171747446060149e+00
1.083643458247184777e+00
1.083771383881569017e+00
1.082108440279960559e+00
1.079801899552345290e+00
1.081848274827003520e+00
1.085152244329452564e+00
1.076022471189499008e+00
1.074553537249565149e+00
1.074394795775413414e+00
1.078313425540924131e+00
1.071772535800933790e+00
1.075283030986785793e+00
1.070045034646987858e+00
1.072189101576805026e+00
1.076006345272064291e+00
1.073057835578918429e+00
1.075712993741035461e+00
1.071902608633041432e+00
1.064745366334915122e+00
1.073358522772789092e+00
1.061357395529747061e+00
1.068646378993987955e+00
1.064582260847091622e+00
1.068726601719856228e+00
1.064339315414428722e+00
1.064014051079750001e+00
1.070576041698455771e+00
1.068066614985466067e+00
1.069214123487472579e+00
1.060894707322120656e+00
1.070768885970115658e+00
1.063668726444244372e+00
1.073592457652091881e+00
1.062542419433593732e+00
1.057846049785613918e+00
1.058739748120308022e+00
1.054975891113281161e+00
1.058726675868034262e+00
1.057476412415504496e+00
1.060779075026512253e+00
1.053816968321800163e+00
1.056079342961311340e+00
1.060196931838989221e+00
1.059158331513404772e+00
1.058582535028457672e+00
1.060686645269393935e+00
1.058680613517761326e+00
1.048897981524467449e+00
1.055557619094848576e+00
1.051862540841102645e+00
1.048394234895706267e+00
1.054264654159545955e+00
1.055325556159019573e+00
1.052657192230224581e+00
1.049740571498870789e+00
1.052740692853927573e+00
1.056972533345222454e+00
1.056507447361946017e+00
1.048123177528381245e+00
1.049816820263862693e+00
1.047611076474189717e+00
1.049147083163261440e+00
1.045953992605209271e+00
1.049766083598136834e+00
1.050077017188072226e+00
1.039673569321632352e+00
1.048412476658821202e+00
1.039974538445472607e+00
1.044133566021919313e+00
1.047072239398956217e+00
1.040386642694473229e+00
1.042804387927055432e+00
1.041050945281982498e+00
1.043671217203140156e+00
1.033792367935180589e+00
1.041068013429641725e+00
1.044898644208908101e+00
1.042536292076110760e+00
1.038459901213645953e+00
1.031849082827568154e+00
1.040409716367721504e+00
1.031710489273071296e+00
1.045451522946357681e+00
1.042436034679412815e+00
1.031540070056915281e+00
1.030645679593086284e+00
1.033060070872306779e+00
1.033277361512184189e+00
1.033589165687561096e+00
1.036611728191375814e+00
1.032408465266227759e+00
1.039304875731468236e+00
1.029922469615936365e+00
1.035990538716316189e+00
1.028106602311134266e+00
1.030116859674453655e+00
1.027431324124336243e+00
1.036938048005104029e+00
1.028667002558708132e+00
1.029722223043441742e+00
1.030166142106056171e+00
1.032620590448379616e+00
1.026507472038268975e+00
1.029092916131019608e+00
1.032173981547355623e+00
1.033528239727020237e+00
1.034178065538406299e+00
1.034991149783134556e+00
1.020609043598174948e+00
1.026712984204292356e+00
1.023079915523529060e+00
1.026801630496978701e+00
1.030402323961257860e+00
1.021891903638839638e+00
1.018530085563659648e+00
1.020140303611755339e+00
1.022588844656944218e+00
1.025513177514076224e+00
1.022196804523467950e+00
1.012812515258789015e+00
1.021251998424530072e+00
1.022668396830558768e+00
1.012360781669616738e+00
1.019178842425346287e+00
1.018890017390251090e+00
1.014965524196624669e+00
1.012103461384773251e+00
1.017180165648460477e+00
1.017029481768608079e+00
1.016289178371429403e+00
1.012089556574821581e+00
1.018088296055793762e+00
1.015229615330696111e+00
1.015512509822845466e+00
1.017472070932388339e+00
1.009974123597145113e+00
1.019091987490653883e+00
1.016515690207481448e+00
1.014039840102195722e+00
1.009257356762885971e+00
1.016844563722610451e+00
1.010637040734291059e+00
1.011159672856330793e+00
1.008735030055046167e+00
1.006374868869781558e+00
1.010839469313621564e+00
1.004156942248344508e+00
1.014040163040161202e+00
1.005669119596481309e+00
1.006298566222190827e+00
1.007642514348030094e+00
1.008034640073776300e+00
1.006383681535720775e+00
9.993944042921065751e-01
