2.830600142478942871e-01
3.425799906253814697e-01
3.588599860668182373e-01
3.690600097179412842e-01
3.738799989223480225e-01
3.770799934864044189e-01
3.818799853324890137e-01
3.899599909782409668e-01
3.939599990844726562e-01
3.973599970340728760e-01
4.011000096797943115e-01
4.063400030136108398e-01
4.104399979114532471e-01
4.108799993991851807e-01
4.140000045299530029e-01
4.171999990940093994e-01
4.211399853229522705e-01
4.251599907875061035e-01
4.294199943542480469e-01
4.313000142574310303e-01
4.309400022029876709e-01
4.376200139522552490e-01
4.384000003337860107e-01
4.424600005149841309e-01
4.427999854087829590e-01
4.432600140571594238e-01
4.480200111865997314e-01
4.494400024414062500e-01
4.506399929523468018e-01
4.533599913120269775e-01
4.573999941349029541e-01
4.561800062656402588e-01
4.598399996757507324e-01
4.629200100898742676e-01
4.620999991893768311e-01
4.667200148105621338e-01
4.637799859046936035e-01
4.633600115776062012e-01
4.681400060653686523e-01
4.689599871635437012e-01
4.716199934482574463e-01
4.726000130176544189e-01
4.738200008869171143e-01
4.739600121974945068e-01
4.762800037860870361e-01
4.791400134563446045e-01
4.803999960422515869e-01
4.799199998378753662e-01
4.804799854755401611e-01
4.833399951457977295e-01
4.880400002002716064e-01
4.863399863243103027e-01
4.863199889659881592e-01
4.887000024318695068e-01
4.900200068950653076e-01
4.908800125122070312e-01
4.936000108718872070e-01
4.923200011253356934e-01
4.954999983310699463e-01
4.946399927139282227e-01
4.945999979972839355e-01
5.012199878692626953e-01
4.969600141048431396e-01
5.018399953842163086e-01
5.001000165939331055e-01
5.000200271606445312e-01
5.006800293922424316e-01
5.042600035667419434e-01
5.012199878692626953e-01
5.050600171089172363e-01
5.075200200080871582e-01
5.051800012588500977e-01
5.092399716377258301e-01
5.045800209045410156e-01
5.051800012588500977e-01
5.103600025177001953e-01
5.094400048255920410e-01
5.071600079536437988e-01
5.106800198554992676e-01
5.102599859237670898e-01
5.136399865150451660e-01
5.110599994659423828e-01
5.138199925422668457e-01
5.164200067520141602e-01
5.144799947738647461e-01
5.153599977493286133e-01
5.128800272941589355e-01
5.174199938774108887e-01
5.162199735641479492e-01
5.193200111389160156e-01
5.195400118827819824e-01
5.189399719238281250e-01
5.175999999046325684e-01
5.199599862098693848e-01
5.235800147056579590e-01
5.224999785423278809e-01
5.211200118064880371e-01
5.233799815177917480e-01
5.221999883651733398e-01
5.243399739265441895e-01
5.238000154495239258e-01
5.273799896240234375e-01
5.224800109863281250e-01
5.278400182723999023e-01
5.246400237083435059e-01
5.279600024223327637e-01
5.300599932670593262e-01
5.295000076293945312e-01
5.265200138092041016e-01
5.275999903678894043e-01
5.304600000381469727e-01
5.265399813652038574e-01
5.315600037574768066e-01
5.277199745178222656e-01
5.298399925231933594e-01
5.324599742889404297e-01
5.320600271224975586e-01
5.297600030899047852e-01
5.327000021934509277e-01
5.350400209426879883e-01
5.322399735450744629e-01
5.350800156593322754e-01
5.360400080680847168e-01
5.335400104522705078e-01
5.368800163269042969e-01
5.353800058364868164e-01
5.381199717521667480e-01
5.381799936294555664e-01
5.388200283050537109e-01
5.345199704170227051e-01
5.388399958610534668e-01
5.396400094032287598e-01
5.378199815750122070e-01
5.403599739074707031e-01
5.360400080680847168e-01
5.396800041198730469e-01
5.412999987602233887e-01
5.421400070190429688e-01
5.430399775505065918e-01
5.412799715995788574e-01
5.437999963760375977e-01
5.408800244331359863e-01
5.417600274085998535e-01
5.459799766540527344e-01
5.398200154304504395e-01
5.447800159454345703e-01
5.444800257682800293e-01
5.440599918365478516e-01
5.451599955558776855e-01
5.412399768829345703e-01
5.450000166893005371e-01
5.446400046348571777e-01
5.475199818611145020e-01
5.480800271034240723e-01
5.442000031471252441e-01
5.458999872207641602e-01
5.472000241279602051e-01
5.462999939918518066e-01
5.453000068664550781e-01
5.476199984550476074e-01
5.475599765777587891e-01
5.476800203323364258e-01
5.474600195884704590e-01
5.490800142288208008e-01
5.505999922752380371e-01
5.504199862480163574e-01
5.499200224876403809e-01
5.497199892997741699e-01
5.481200218200683594e-01
5.527399778366088867e-01
5.515800118446350098e-01
5.528399944305419922e-01
5.507599711418151855e-01
5.485399961471557617e-01
5.552999973297119141e-01
5.496600270271301270e-01
5.508599877357482910e-01
5.526000261306762695e-01
5.518800020217895508e-01
5.499399900436401367e-01
5.551000237464904785e-01
5.534399747848510742e-01
5.519400238990783691e-01
5.557399988174438477e-01
5.531600117683410645e-01
5.527399778366088867e-01
5.561800003051757812e-01
5.555599927902221680e-01
5.555800199508666992e-01
5.568799972534179688e-01
5.580800175666809082e-01
5.574600100517272949e-01
5.550400018692016602e-01
5.580800175666809082e-01
5.600399971008300781e-01
5.589399933815002441e-01
5.564200282096862793e-01
5.589799880981445312e-01
5.578799843788146973e-01
5.582399964332580566e-01
5.556600093841552734e-01
5.555999875068664551e-01
5.598000288009643555e-01
5.572800040245056152e-01
5.608999729156494141e-01
5.588999986648559570e-01
5.579199790954589844e-01
5.603600144386291504e-01
5.624200105667114258e-01
5.625600218772888184e-01
5.608400106430053711e-01
5.593600273132324219e-01
5.604400038719177246e-01
5.620399713516235352e-01
5.634199976921081543e-01
5.606399774551391602e-01
5.639399886131286621e-01
5.608800053596496582e-01
5.651400089263916016e-01
5.648999810218811035e-01
5.626199841499328613e-01
5.673599839210510254e-01
5.636600255966186523e-01
5.619800090789794922e-01
5.638800263404846191e-01
5.648599863052368164e-01
5.637599825859069824e-01
5.636399984359741211e-01
5.621600151062011719e-01
5.667600035667419434e-01
5.674600005149841309e-01
5.664799809455871582e-01
5.672399997711181641e-01
5.644199848175048828e-01
5.632799863815307617e-01
5.653799772262573242e-01
5.672399997711181641e-01
5.676000118255615234e-01
5.675799846649169922e-01
5.680000185966491699e-01
5.674600005149841309e-01
5.713400244712829590e-01
5.687999725341796875e-01
5.667399764060974121e-01
5.682200193405151367e-01
5.714600086212158203e-01
5.671399831771850586e-01
5.696200132369995117e-01
5.677199959754943848e-01
5.678799748420715332e-01
5.727999806404113770e-01
5.722799897193908691e-01
5.722399950027465820e-01
5.664399862289428711e-01
5.709999799728393555e-01
5.699999928474426270e-01
5.712599754333496094e-01
5.702999830245971680e-01
5.686600208282470703e-01
5.691000223159790039e-01
5.691400170326232910e-01
5.703799724578857422e-01
5.724800229072570801e-01
5.725200176239013672e-01
5.715799927711486816e-01
5.720800161361694336e-01
5.728200078010559082e-01
5.716199874877929688e-01
5.749400258064270020e-01
5.726400017738342285e-01
5.756000280380249023e-01
5.734599828720092773e-01
5.729600191116333008e-01
5.731599926948547363e-01
5.752800107002258301e-01
5.748199820518493652e-01
5.748199820518493652e-01
5.725399851799011230e-01
5.762599706649780273e-01
5.747200250625610352e-01
5.730800032615661621e-01
5.773000121116638184e-01
5.727599859237670898e-01
5.759999752044677734e-01
5.767599940299987793e-01
5.742200016975402832e-01
5.748599767684936523e-01
5.740000009536743164e-01
5.760200023651123047e-01
5.755000114440917969e-01
5.730199813842773438e-01
5.776799917221069336e-01
5.770999789237976074e-01
5.757799744606018066e-01
5.767800211906433105e-01
5.758399963378906250e-01
5.768799781799316406e-01
5.790200233459472656e-01
5.769600272178649902e-01
5.777000188827514648e-01
5.789399743080139160e-01
5.806199908256530762e-01
5.775799751281738281e-01
5.811600089073181152e-01
5.814599990844726562e-01
5.793799757957458496e-01
5.787000060081481934e-01
5.805799961090087891e-01
5.811200141906738281e-01
5.778399705886840820e-01
5.787000060081481934e-01
5.789399743080139160e-01
5.812399983406066895e-01
5.810599923133850098e-01
5.795800089836120605e-01
5.810199975967407227e-01
5.817400217056274414e-01
5.791000127792358398e-01
5.781999826431274414e-01
5.816599726676940918e-01
5.799599885940551758e-01
5.821200013160705566e-01
5.804799795150756836e-01
5.809199810028076172e-01
5.830199718475341797e-01
5.829799771308898926e-01
5.840600132942199707e-01
5.817199945449829102e-01
5.831199884414672852e-01
5.854200124740600586e-01
5.823199748992919922e-01
5.845599770545959473e-01
5.799800157546997070e-01
5.866400003433227539e-01
5.819000005722045898e-01
5.837000012397766113e-01
5.829399824142456055e-01
5.838800072669982910e-01
5.826399922370910645e-01
5.856999754905700684e-01
5.837399959564208984e-01
5.864400267601013184e-01
5.853800177574157715e-01
5.861600041389465332e-01
5.866400003433227539e-01
5.853000283241271973e-01
5.840600132942199707e-01
5.836799740791320801e-01
5.856400132179260254e-01
5.851399898529052734e-01
5.852199792861938477e-01
5.862600207328796387e-01
5.844200253486633301e-01
5.843999981880187988e-01
5.863599777221679688e-01
5.857999920845031738e-01
5.906199812889099121e-01
5.857800245285034180e-01
5.860199928283691406e-01
5.876399874687194824e-01
5.849999785423278809e-01
5.876399874687194824e-01
5.846599936485290527e-01
5.877199769020080566e-01
5.884199738502502441e-01
5.870599746704101562e-01
5.842400193214416504e-01
5.882999897003173828e-01
5.891600251197814941e-01
5.902600288391113281e-01
5.863000154495239258e-01
5.889800190925598145e-01
5.887799859046936035e-01
5.896800160408020020e-01
5.896000266075134277e-01
5.895400047302246094e-01
5.893399715423583984e-01
5.895599722862243652e-01
5.884799957275390625e-01
5.903599858283996582e-01
5.856000185012817383e-01
5.903599858283996582e-01
5.910599827766418457e-01
5.902199745178222656e-01
5.896800160408020020e-01
5.902600288391113281e-01
5.954399704933166504e-01
5.921400189399719238e-01
5.920600295066833496e-01
5.894600152969360352e-01
5.892400145530700684e-01
5.910800099372863770e-01
5.926799774169921875e-01
5.900400280952453613e-01
5.923200249671936035e-01
5.895400047302246094e-01
5.909399986267089844e-01
5.925400257110595703e-01
5.937799811363220215e-01
5.913800001144409180e-01
5.921599864959716797e-01
5.889800190925598145e-01
5.940999984741210938e-01
5.936999917030334473e-01
5.957999825477600098e-01
5.919799804687500000e-01
5.928199887275695801e-01
5.913199782371520996e-01
5.911200046539306641e-01
5.941799879074096680e-01
5.928199887275695801e-01
5.923600196838378906e-01
5.942800045013427734e-01
5.899999737739562988e-01
5.936999917030334473e-01
5.954399704933166504e-01
5.935800075531005859e-01
5.936599969863891602e-01
5.956599712371826172e-01
5.923200249671936035e-01
5.974400043487548828e-01
5.943400263786315918e-01
5.963000059127807617e-01
5.953999757766723633e-01
5.955799818038940430e-01
5.960999727249145508e-01
5.944600105285644531e-01
5.936599969863891602e-01
5.934399962425231934e-01
5.932199954986572266e-01
5.951200127601623535e-01
5.955399870872497559e-01
5.956000089645385742e-01
5.950599908828735352e-01
5.990999937057495117e-01
5.972599983215332031e-01
5.964800119400024414e-01
5.945600271224975586e-01
5.943800210952758789e-01
5.946999788284301758e-01
5.973799824714660645e-01
5.951399803161621094e-01
5.953000187873840332e-01
5.993000268936157227e-01
5.949199795722961426e-01
5.970199704170227051e-01
6.007599830627441406e-01
5.976799726486206055e-01
5.960199832916259766e-01
5.949000120162963867e-01
6.022800207138061523e-01
5.963600277900695801e-01
5.980200171470642090e-01
5.966600179672241211e-01
5.983200073242187500e-01
5.993800163269042969e-01
5.971599817276000977e-01
5.961400270462036133e-01
6.007800102233886719e-01
5.988600254058837891e-01
5.998600125312805176e-01
5.987399816513061523e-01
6.000999808311462402e-01
5.989800095558166504e-01
5.995000004768371582e-01
5.990399718284606934e-01
5.997599959373474121e-01
5.975400209426879883e-01
5.985000133514404297e-01
5.982599854469299316e-01
6.020399928092956543e-01
5.980200171470642090e-01
6.004999876022338867e-01
6.003400087356567383e-01
5.974199771881103516e-01
5.980399847030639648e-01
6.019999980926513672e-01
5.999799966812133789e-01
6.001999974250793457e-01
5.997599959373474121e-01
6.016799807548522949e-01
5.954800248146057129e-01
6.014400124549865723e-01
6.001200079917907715e-01
6.009600162506103516e-01
6.012600064277648926e-01
6.017600297927856445e-01
6.041399836540222168e-01
6.026200056076049805e-01
6.014000177383422852e-01
6.022999882698059082e-01
6.005600094795227051e-01
6.016799807548522949e-01
5.991600155830383301e-01
6.016600131988525391e-01
6.007400155067443848e-01
5.982000231742858887e-01
6.017600297927856445e-01
6.009799838066101074e-01
6.011599898338317871e-01
