2.322199940681457520e-01
2.985399961471557617e-01
3.261199891567230225e-01
3.378599882125854492e-01
3.507199883460998535e-01
3.592199981212615967e-01
3.663200139999389648e-01
3.689399957656860352e-01
3.773599863052368164e-01
3.783999979496002197e-01
3.844200074672698975e-01
3.856000006198883057e-01
3.896799981594085693e-01
3.949199914932250977e-01
3.975799977779388428e-01
3.979200124740600586e-01
4.039399921894073486e-01
4.063200056552886963e-01
4.125800132751464844e-01
4.113000035285949707e-01
4.169600009918212891e-01
4.189000129699707031e-01
4.209600090980529785e-01
4.230999946594238281e-01
4.235799908638000488e-01
4.283599853515625000e-01
4.323799908161163330e-01
4.328800141811370850e-01
4.347000122070312500e-01
4.377799928188323975e-01
4.389599859714508057e-01
4.415200054645538330e-01
4.426600039005279541e-01
4.441399872303009033e-01
4.482800066471099854e-01
4.469600021839141846e-01
4.480800032615661621e-01
4.507200121879577637e-01
4.534400105476379395e-01
4.535799920558929443e-01
4.576799869537353516e-01
4.568600058555603027e-01
4.586200118064880371e-01
4.586400091648101807e-01
4.601199924945831299e-01
4.604800045490264893e-01
4.656200110912322998e-01
4.668999910354614258e-01
4.651199877262115479e-01
4.636999964714050293e-01
4.681600034236907959e-01
4.685400128364562988e-01
4.705199897289276123e-01
4.710400104522705078e-01
4.722799956798553467e-01
4.717400074005126953e-01
4.756000041961669922e-01
4.754799902439117432e-01
4.765799939632415771e-01
4.771400094032287598e-01
4.781999886035919189e-01
4.777800142765045166e-01
4.777199923992156982e-01
4.833199977874755859e-01
4.828200042247772217e-01
4.853000044822692871e-01
4.860599935054779053e-01
4.837200045585632324e-01
4.844399988651275635e-01
4.881199896335601807e-01
4.875600039958953857e-01
4.876799881458282471e-01
4.906800091266632080e-01
4.926399886608123779e-01
4.918000102043151855e-01
4.908399879932403564e-01
4.935800135135650635e-01
4.954200088977813721e-01
4.945600032806396484e-01
4.945000112056732178e-01
4.953800141811370850e-01
4.947400093078613281e-01
4.968599975109100342e-01
5.000200271606445312e-01
4.991599917411804199e-01
4.997000098228454590e-01
4.958600103855133057e-01
5.005599856376647949e-01
4.979600012302398682e-01
5.014200210571289062e-01
5.034000277519226074e-01
5.051400065422058105e-01
4.997000098228454590e-01
5.031599998474121094e-01
5.042200088500976562e-01
5.052999854087829590e-01
5.031599998474121094e-01
5.036799907684326172e-01
5.052199959754943848e-01
5.094199776649475098e-01
5.060999989509582520e-01
5.067200064659118652e-01
5.096399784088134766e-01
5.070199966430664062e-01
5.100399851799011230e-01
5.089399814605712891e-01
5.095400214195251465e-01
5.127400159835815430e-01
5.127400159835815430e-01
5.123199820518493652e-01
5.123000144958496094e-01
5.106400251388549805e-01
5.142800211906433105e-01
5.134800076484680176e-01
5.117599964141845703e-01
5.113000273704528809e-01
5.124800205230712891e-01
5.135400295257568359e-01
5.152199864387512207e-01
5.145199894905090332e-01
5.182600021362304688e-01
5.159400105476379395e-01
5.205199718475341797e-01
5.189800262451171875e-01
5.182800292968750000e-01
5.164399743080139160e-01
5.189800262451171875e-01
5.190200209617614746e-01
5.201399922370910645e-01
5.189399719238281250e-01
5.221199989318847656e-01
5.217199921607971191e-01
5.223000049591064453e-01
5.195199847221374512e-01
5.214200019836425781e-01
5.214200019836425781e-01
5.211600065231323242e-01
5.192999839782714844e-01
5.235800147056579590e-01
5.250399708747863770e-01
5.232999920845031738e-01
5.245599746704101562e-01
5.230399966239929199e-01
5.242999792098999023e-01
5.250599980354309082e-01
5.244799852371215820e-01
5.255600214004516602e-01
5.253400206565856934e-01
5.264400243759155273e-01
5.250800251960754395e-01
5.289599895477294922e-01
5.289000272750854492e-01
5.272600054740905762e-01
5.267599821090698242e-01
5.289400219917297363e-01
5.282599925994873047e-01
5.293599963188171387e-01
5.289999842643737793e-01
5.290799736976623535e-01
5.297799706459045410e-01
5.278400182723999023e-01
5.258200168609619141e-01
5.343199968338012695e-01
5.288199782371520996e-01
5.297399759292602539e-01
5.300400257110595703e-01
5.317000150680541992e-01
5.354200005531311035e-01
5.310599803924560547e-01
5.307000279426574707e-01
5.331000089645385742e-01
5.354800224304199219e-01
5.328199863433837891e-01
5.368000268936157227e-01
5.341600179672241211e-01
5.344200134277343750e-01
5.325800180435180664e-01
5.332000255584716797e-01
5.319200158119201660e-01
5.328000187873840332e-01
5.315399765968322754e-01
5.357000231742858887e-01
5.346999764442443848e-01
5.401399731636047363e-01
5.354400277137756348e-01
5.385000109672546387e-01
5.364999771118164062e-01
5.353800058364868164e-01
5.399000048637390137e-01
5.355600118637084961e-01
5.376399755477905273e-01
5.369200110435485840e-01
5.384799838066101074e-01
5.410000085830688477e-01
5.377200245857238770e-01
5.373399853706359863e-01
5.425199866294860840e-01
5.396199822425842285e-01
5.401600003242492676e-01
5.412600040435791016e-01
5.408200025558471680e-01
5.406399965286254883e-01
5.429800152778625488e-01
5.414000153541564941e-01
5.379400253295898438e-01
5.428400039672851562e-01
5.416799783706665039e-01
5.428199768066406250e-01
5.419600009918212891e-01
5.415199995040893555e-01
5.411199927330017090e-01
5.418800115585327148e-01
5.414000153541564941e-01
5.418800115585327148e-01
5.445200204849243164e-01
5.445799827575683594e-01
5.424399971961975098e-01
5.439000129699707031e-01
5.462999939918518066e-01
5.474399924278259277e-01
5.450999736785888672e-01
5.439599752426147461e-01
5.452399849891662598e-01
5.445399880409240723e-01
5.450599789619445801e-01
5.457400083541870117e-01
5.472400188446044922e-01
5.447599887847900391e-01
5.412399768829345703e-01
5.457400083541870117e-01
5.443999767303466797e-01
5.479599833488464355e-01
5.454400181770324707e-01
5.456799864768981934e-01
5.477600097656250000e-01
5.487200021743774414e-01
5.447999835014343262e-01
5.493599772453308105e-01
5.492600202560424805e-01
5.469400286674499512e-01
5.534399747848510742e-01
5.454999804496765137e-01
5.485200285911560059e-01
5.499600172042846680e-01
5.438799858093261719e-01
5.489000082015991211e-01
5.500199794769287109e-01
5.490199923515319824e-01
5.500000119209289551e-01
5.510399937629699707e-01
5.522000193595886230e-01
5.519999861717224121e-01
5.514600276947021484e-01
5.510200262069702148e-01
5.501599907875061035e-01
5.513600111007690430e-01
5.504599809646606445e-01
5.501400232315063477e-01
5.495399832725524902e-01
5.508599877357482910e-01
5.536999702453613281e-01
5.529400110244750977e-01
5.536400079727172852e-01
5.534200072288513184e-01
5.482800006866455078e-01
5.522999763488769531e-01
5.523200035095214844e-01
5.522000193595886230e-01
5.512800216674804688e-01
5.564399957656860352e-01
5.535799860954284668e-01
5.543199777603149414e-01
5.542200207710266113e-01
5.539399981498718262e-01
5.572999715805053711e-01
5.581600069999694824e-01
5.538799762725830078e-01
5.529000163078308105e-01
5.537999868392944336e-01
5.544800162315368652e-01
5.527600049972534180e-01
5.557000041007995605e-01
5.537400245666503906e-01
5.572999715805053711e-01
5.557399988174438477e-01
5.558599829673767090e-01
5.540400147438049316e-01
5.566200017929077148e-01
5.529400110244750977e-01
5.547199845314025879e-01
5.554800033569335938e-01
5.548800230026245117e-01
5.583400130271911621e-01
5.564000010490417480e-01
5.573199987411499023e-01
5.607399940490722656e-01
5.563399791717529297e-01
5.616000294685363770e-01
5.581600069999694824e-01
5.559200048446655273e-01
5.563200116157531738e-01
5.567200183868408203e-01
5.560399889945983887e-01
5.580999851226806641e-01
5.584400296211242676e-01
5.599600076675415039e-01
5.582399964332580566e-01
5.588799715042114258e-01
5.561199784278869629e-01
5.593799948692321777e-01
5.600799918174743652e-01
5.598400235176086426e-01
5.587999820709228516e-01
5.572999715805053711e-01
5.579199790954589844e-01
5.602999925613403320e-01
5.612599849700927734e-01
5.596200227737426758e-01
5.602200031280517578e-01
5.605400204658508301e-01
5.596600174903869629e-01
5.599799752235412598e-01
5.568799972534179688e-01
5.590999722480773926e-01
5.594599843025207520e-01
5.590400099754333496e-01
5.617200136184692383e-01
5.625200271606445312e-01
5.598000288009643555e-01
5.643000006675720215e-01
5.614200234413146973e-01
5.620999932289123535e-01
5.621600151062011719e-01
5.622400045394897461e-01
5.612999796867370605e-01
5.603799819946289062e-01
5.601999759674072266e-01
5.598400235176086426e-01
5.632799863815307617e-01
5.614399909973144531e-01
5.639200210571289062e-01
5.640199780464172363e-01
5.633400082588195801e-01
5.624200105667114258e-01
5.633999705314636230e-01
5.614799857139587402e-01
5.613999962806701660e-01
5.609400272369384766e-01
5.626999735832214355e-01
5.662599802017211914e-01
5.635200142860412598e-01
5.643200278282165527e-01
5.604000091552734375e-01
5.665000081062316895e-01
5.643000006675720215e-01
5.636600255966186523e-01
5.612400174140930176e-01
5.638200044631958008e-01
5.656599998474121094e-01
5.618000030517578125e-01
5.626000165939331055e-01
5.652999877929687500e-01
5.629199743270874023e-01
5.660799741744995117e-01
5.659599900245666504e-01
5.674999952316284180e-01
5.665000081062316895e-01
5.661799907684326172e-01
5.653399825096130371e-01
5.651800036430358887e-01
5.654199719429016113e-01
5.691999793052673340e-01
5.637800097465515137e-01
5.678200125694274902e-01
5.668600201606750488e-01
5.649200081825256348e-01
5.667799711227416992e-01
5.656399726867675781e-01
5.637999773025512695e-01
5.673000216484069824e-01
5.659800171852111816e-01
5.688400268554687500e-01
5.673599839210510254e-01
5.703799724578857422e-01
5.652999877929687500e-01
5.653600096702575684e-01
5.655000209808349609e-01
5.684199929237365723e-01
5.692800283432006836e-01
5.713199973106384277e-01
5.658000111579895020e-01
5.653799772262573242e-01
5.702800154685974121e-01
5.654799938201904297e-01
5.677800178527832031e-01
5.722399950027465820e-01
5.679799914360046387e-01
5.683799982070922852e-01
5.673400163650512695e-01
5.694599747657775879e-01
5.690199732780456543e-01
5.679799914360046387e-01
5.684199929237365723e-01
5.687199831008911133e-01
5.708199739456176758e-01
5.689799785614013672e-01
5.715199708938598633e-01
5.725600123405456543e-01
5.678600072860717773e-01
5.682600140571594238e-01
5.683000087738037109e-01
5.708400011062622070e-01
5.706800222396850586e-01
5.718399882316589355e-01
5.690600275993347168e-01
5.704799890518188477e-01
5.699599981307983398e-01
5.740200281143188477e-01
5.702599883079528809e-01
5.687400102615356445e-01
5.711200237274169922e-01
5.695800185203552246e-01
5.728600025177001953e-01
5.737800002098083496e-01
5.693200230598449707e-01
5.699200034141540527e-01
5.737800002098083496e-01
5.714200139045715332e-01
5.734599828720092773e-01
5.736600160598754883e-01
5.688400268554687500e-01
5.703399777412414551e-01
5.727999806404113770e-01
5.723199844360351562e-01
5.700399875640869141e-01
5.712800025939941406e-01
5.734800100326538086e-01
5.740799903869628906e-01
5.720599889755249023e-01
5.737800002098083496e-01
5.739600062370300293e-01
5.709000229835510254e-01
5.734599828720092773e-01
5.734800100326538086e-01
5.737800002098083496e-01
5.749599933624267578e-01
5.705400109291076660e-01
5.730400085449218750e-01
5.769799947738647461e-01
5.713400244712829590e-01
5.729399919509887695e-01
5.726600289344787598e-01
5.734000205993652344e-01
5.734599828720092773e-01
5.723199844360351562e-01
5.732799768447875977e-01
5.738999843597412109e-01
5.734599828720092773e-01
5.766999721527099609e-01
5.752800107002258301e-01
5.748199820518493652e-01
5.763400197029113770e-01
5.744400024414062500e-01
5.749999880790710449e-01
5.772600173950195312e-01
5.750799775123596191e-01
5.751399993896484375e-01
5.769799947738647461e-01
5.759999752044677734e-01
5.742800235748291016e-01
5.761399865150451660e-01
5.743200182914733887e-01
5.740399956703186035e-01
5.740399956703186035e-01
5.752800107002258301e-01
5.782399773597717285e-01
5.748199820518493652e-01
5.781599879264831543e-01
5.771999955177307129e-01
5.752400159835815430e-01
5.788800120353698730e-01
5.765200257301330566e-01
5.777599811553955078e-01
5.792800188064575195e-01
5.775600075721740723e-01
5.766999721527099609e-01
5.773800015449523926e-01
5.765399932861328125e-01
5.780199766159057617e-01
5.799400210380554199e-01
5.799599885940551758e-01
5.788000226020812988e-01
5.797799825668334961e-01
5.737800002098083496e-01
5.780799984931945801e-01
5.784199833869934082e-01
5.789399743080139160e-01
5.794000029563903809e-01
5.760599970817565918e-01
5.783600211143493652e-01
