2.005653052806854131e+00
1.851590813636779798e+00
1.814777409315109225e+00
1.794476047515869199e+00
1.780862348318100086e+00
1.769177523612976088e+00
1.758640181541442971e+00
1.746124597072601370e+00
1.734663537740707362e+00
1.723689702272415136e+00
1.713109146833419860e+00
1.698346437692642263e+00
1.685884263753890888e+00
1.673791542053222559e+00
1.656960939645767183e+00
1.647333601474761933e+00
1.638459374904632559e+00
1.623945229530334489e+00
1.615440347909927299e+00
1.605177431583404646e+00
1.601482995510101315e+00
1.584979555606842005e+00
1.578350562810897806e+00
1.570711175441741991e+00
1.566262318611145066e+00
1.560976778030395584e+00
1.550266035318374591e+00
1.545129609107971147e+00
1.540268324375152487e+00
1.536525642871856778e+00
1.527583053827285875e+00
1.526310972452163739e+00
1.517070121526718163e+00
1.514926629781722989e+00
1.510489137172698948e+00
1.498834960222244161e+00
1.499402952671051059e+00
1.500456089019775341e+00
1.488100867509841940e+00
1.484392296552658141e+00
1.482403199434280339e+00
1.477993572950363266e+00
1.473354624271392854e+00
1.473752873182296863e+00
1.468502281188964753e+00
1.454105320215225206e+00
1.456685792684555114e+00
1.451108981370925921e+00
1.449385291337967008e+00
1.447845545291900571e+00
1.435606810569763248e+00
1.436223937273025442e+00
1.436665826797485446e+00
1.435342457056045573e+00
1.430336170196533141e+00
1.428183545589446934e+00
1.422359363555908196e+00
1.420449152946472227e+00
1.416530527353286661e+00
1.412146926403045732e+00
1.412430668115615795e+00
1.408219117641448914e+00
1.405928430557251030e+00
1.398576226234436115e+00
1.399985008955001886e+00
1.400282341957092225e+00
1.396921420574188222e+00
1.393054052591323755e+00
1.388781370401382498e+00
1.389346048116683940e+00
1.389598600864410338e+00
1.383638243198394679e+00
1.376473180770874105e+00
1.379511054039001428e+00
1.379297941207885847e+00
1.371655988454818731e+00
1.372970581769943132e+00
1.377871184110641467e+00
1.369093953132629382e+00
1.366327616214752183e+00
1.359930501461029007e+00
1.366631971120834343e+00
1.362262427330017012e+00
1.358351617813110312e+00
1.358883401870727647e+00
1.358351510286331276e+00
1.355971900463104340e+00
1.352164767503738485e+00
1.350524720668792700e+00
1.349532196283340424e+00
1.342371968746185251e+00
1.344561658382415814e+00
1.346621534109115670e+00
1.340959356069564734e+00
1.341033941507339566e+00
1.340893352746963529e+00
1.335786223649978677e+00
1.334733058094978331e+00
1.331536389827728373e+00
1.332036627411842256e+00
1.327739664554596022e+00
1.325451668500900348e+00
1.330042227029800461e+00
1.325182189464569005e+00
1.327628476858139006e+00
1.325347461223602252e+00
1.322443920850753685e+00
1.320335956454277149e+00
1.319613783478736924e+00
1.320912389993667668e+00
1.315373404741287278e+00
1.312503349184990009e+00
1.312388930082321270e+00
1.318143628835678038e+00
1.311943306684494104e+00
1.307438563466072123e+00
1.312040565848350493e+00
1.309360229253768937e+00
1.309528218984603809e+00
1.306750372886657630e+00
1.304645058870315566e+00
1.300891281366348240e+00
1.301789096832275394e+00
1.302683247804641731e+00
1.299457888364791813e+00
1.296967555880546463e+00
1.296343822240829446e+00
1.297108900666236853e+00
1.295112956643104551e+00
1.299999187469482509e+00
1.295885579228401197e+00
1.291379497170448198e+00
1.290028633713722339e+00
1.290582954525947512e+00
1.289422087192535482e+00
1.287431119441986072e+00
1.285945704698562730e+00
1.286304551362991377e+00
1.285320670247077857e+00
1.282318345785141034e+00
1.280710545420646662e+00
1.280786281943321336e+00
1.281906894803047203e+00
1.278447088122367958e+00
1.282024814367294319e+00
1.274670707702636685e+00
1.277705128550529423e+00
1.273476053357124327e+00
1.273850830435752979e+00
1.278516473650932239e+00
1.272403766870498609e+00
1.269904873013496305e+00
1.272421884775161827e+00
1.268170437812805140e+00
1.271176239848136991e+00
1.270715813994407695e+00
1.268786596655845589e+00
1.270708816170692534e+00
1.268046925544738857e+00
1.262240797400474568e+00
1.263298756361007635e+00
1.268740795016288780e+00
1.264706308722496120e+00
1.260208608388900808e+00
1.259686060309409994e+00
1.258124856829643257e+00
1.260641631603240942e+00
1.264310872197151214e+00
1.258894498705863896e+00
1.255383632302284225e+00
1.256598982095718409e+00
1.258167077898979080e+00
1.259191391587257458e+00
1.257712367415428245e+00
1.246857454657554598e+00
1.255866507649421759e+00
1.256057122945785531e+00
1.249738497495651135e+00
1.254027526974678119e+00
1.253621521592140242e+00
1.249215435981750444e+00
1.249373707532882793e+00
1.254243090629577617e+00
1.246797311186790491e+00
1.246238169789314343e+00
1.251203175783157429e+00
1.239785262703895663e+00
1.243493054151534993e+00
1.244530930995941143e+00
1.240164898872375465e+00
1.245059445142745913e+00
1.238611981868743994e+00
1.240814287066459576e+00
1.240868012189865199e+00
1.238336675763130224e+00
1.237547107338905272e+00
1.238659078955650417e+00
1.235656014919281009e+00
1.236041052103042492e+00
1.235975637435912988e+00
1.240520137190818772e+00
1.238011203169822716e+00
1.234786882638931216e+00
1.233108156204223649e+00
1.230669219374656675e+00
1.232797221064567461e+00
1.236989658951759274e+00
1.228220185399055531e+00
1.228280568361282299e+00
1.225900388360023463e+00
1.227273563027381886e+00
1.231258440017700240e+00
1.228335611581802267e+00
1.223773226022720317e+00
1.224472134709358118e+00
1.229071535348892130e+00
1.226993132948875465e+00
1.226821993708610448e+00
1.219353574275970464e+00
1.219252219200134268e+00
1.224475747585296537e+00
1.218272436857223529e+00
1.220208239436149533e+00
1.220264870285987957e+00
1.222694029569625807e+00
1.219165920853614749e+00
1.223307870745658832e+00
1.220359637737274072e+00
1.222354758977890032e+00
1.217271694302558993e+00
1.215513529419899097e+00
1.214745271205902144e+00
1.212406605243682822e+00
1.213174185276031602e+00
1.216164240837097177e+00
1.215724156379699661e+00
1.215146620154380797e+00
1.208593137383461080e+00
1.211377400517463787e+00
1.210378923535347040e+00
1.211090097069740246e+00
1.203417305469512977e+00
1.210443612217903198e+00
1.210109247326850879e+00
1.206116062760353103e+00
1.204416055083274761e+00
1.208637352705001833e+00
1.206069943070411599e+00
1.210611791014671423e+00
1.208820722222328170e+00
1.204107990622520497e+00
1.204587936401367188e+00
1.196338305473327646e+00
1.211417515993118199e+00
1.204096557974815296e+00
1.199871224522590651e+00
1.198922542095184340e+00
1.203031044960021889e+00
1.200342908859252988e+00
1.202421922445297220e+00
1.200851026892661988e+00
1.201798928737640271e+00
1.199011102676391660e+00
1.195213400959968642e+00
1.198363682150840770e+00
1.198433516621589590e+00
1.196262777209281980e+00
1.194252314567565865e+00
1.191646049976348820e+00
1.194176193356514037e+00
1.192581265091896103e+00
1.196025969862937854e+00
1.199256816744804333e+00
1.194727715134620727e+00
1.190608630537986823e+00
1.190895384907722399e+00
1.189249295830726583e+00
1.193302848219871537e+00
1.192320646762847991e+00
1.188795614123344446e+00
1.192764787435531604e+00
1.188791912198066791e+00
1.186492488265037615e+00
1.186562932014465277e+00
1.187453409075736932e+00
1.186531635880470281e+00
1.189206824898719761e+00
1.187284651160240179e+00
1.188151461839675793e+00
1.186981995344162044e+00
1.190242479681968613e+00
1.183157276034355165e+00
1.186969481587409891e+00
1.186333282351493823e+00
1.183260194063186610e+00
1.185966097831726129e+00
1.181673688769340425e+00
1.183877617239952107e+00
1.185382111549377449e+00
1.186366327047348124e+00
1.179839108109474122e+00
1.176028006792068537e+00
1.183331119060516468e+00
1.181119900941848710e+00
1.177003412961959761e+00
1.179525738239288302e+00
1.183259002923965353e+00
1.177849966645240887e+00
1.174935376644134610e+00
1.180115186214446998e+00
1.179574798464775087e+00
1.176966051578521633e+00
1.170735874891281059e+00
1.172606167554855361e+00
1.174954154610633905e+00
1.173411759614944483e+00
1.176842126250267073e+00
1.174743673324585069e+00
1.178600535035133401e+00
1.172996165275573821e+00
1.176528147578239425e+00
1.170426483511924687e+00
1.171523952364921461e+00
1.171089419960975597e+00
1.164958841085433905e+00
1.169853963375091510e+00
1.170951326251030045e+00
1.171302103519439752e+00
1.166050955176353376e+00
1.164000633716583355e+00
1.170626642346382251e+00
1.165941896080970874e+00
1.171356952905654891e+00
1.164980242013931244e+00
1.170661282896995559e+00
1.167485385179519719e+00
1.165880737900733877e+00
1.166046554446220407e+00
1.166696907520294202e+00
1.163841896176338153e+00
1.166259487271308792e+00
1.162001012563705471e+00
1.163978913903236379e+00
1.164016572952270456e+00
1.163793129205703769e+00
1.163517843127250595e+00
1.161794137001037619e+00
1.165757189750671330e+00
1.160952160835266200e+00
1.159916040062904274e+00
1.161041552066802929e+00
1.161031506299972538e+00
1.161872057914733913e+00
1.165956744432449232e+00
1.156034420728683454e+00
1.157471051931381334e+00
1.154884166955947977e+00
1.154428266763687150e+00
1.156661229014396719e+00
1.156358319759368980e+00
1.155133265972137391e+00
1.158000285983085575e+00
1.159183950901031546e+00
1.157136710286140513e+00
1.154590054273605393e+00
1.157226690530776869e+00
1.157951131463050842e+00
1.152972133994102588e+00
1.152693154215812754e+00
1.153734971880912674e+00
1.153658912777900669e+00
1.157898569464683503e+00
1.154455533266067535e+00
1.153118910670280384e+00
1.153766411542892500e+00
1.151107779741287196e+00
1.152720928907394304e+00
1.152973030090332029e+00
1.151669356346130435e+00
1.154790845155715839e+00
1.156182427763938980e+00
1.145811570405960156e+00
1.144879958987236046e+00
1.149749969840049735e+00
1.149497400164604111e+00
1.147510651826858519e+00
1.144833069920539792e+00
1.145798238992691065e+00
1.145850956797599851e+00
1.148426375985145631e+00
1.149181728005409298e+00
1.149746019005775555e+00
1.144113008975982559e+00
1.146452373504638578e+00
1.147655428409576350e+00
1.149866660594940138e+00
1.144057594180107218e+00
1.146399989604949932e+00
1.142428814768791101e+00
1.143445936799049267e+00
1.146234633564949146e+00
1.147216436624526992e+00
1.141287141084670997e+00
1.140421768903732369e+00
1.138923578262329039e+00
1.144005963444709728e+00
1.139102595329284595e+00
1.143610169172287083e+00
1.141066383004188500e+00
1.137138329386711222e+00
1.139729779005050680e+00
1.143539652585983335e+00
1.138047159433364763e+00
1.144766530513763536e+00
1.137838639497756876e+00
1.138556905388832030e+00
1.140401188135147015e+00
1.143019948482513426e+00
1.133970344305038402e+00
1.142050183296203558e+00
1.134520357489585907e+00
1.134232537627220205e+00
1.134088129281997759e+00
1.136735661745071457e+00
1.133388359189033467e+00
1.133061522245407016e+00
1.137994019389152456e+00
1.136279934644699008e+00
1.132988154292106531e+00
1.144430065393447826e+00
1.136064454197883711e+00
1.133989625334739682e+00
1.134018729448318386e+00
1.135056914210319512e+00
1.129081923007965171e+00
1.133992178320884614e+00
1.131101946353912258e+00
1.134263929605483945e+00
1.131453474521636915e+00
1.136116619348525925e+00
1.131059555292129426e+00
1.134310363173484770e+00
1.131923165917396501e+00
1.128638057112693716e+00
1.133782290697097794e+00
1.125349754571914662e+00
1.127451823711395296e+00
1.129260434746742314e+00
1.128197967529296797e+00
1.132239285230636661e+00
1.121315298318863007e+00
1.132668228983879199e+00
1.127542283296585124e+00
1.128613570809364308e+00
1.126982767820358333e+00
1.126239993214607216e+00
1.129328967452049248e+00
1.132294776558876004e+00
1.121781910538673488e+00
1.125715245723724278e+00
1.121794716835021966e+00
1.123625072002410796e+00
1.122058983445167524e+00
1.124944123268127427e+00
1.120986898660659703e+00
1.123462177634239278e+00
1.123250473022460838e+00
1.127110351204872130e+00
1.122703620553016757e+00
1.123809218049049319e+00
1.121932474255561862e+00
1.126258185029029857e+00
1.118690372228622332e+00
1.121902180194854770e+00
1.123365450024604861e+00
1.121828103661537179e+00
1.119607776165008506e+00
1.124011752247810358e+00
1.118610883712768622e+00
1.119803668022155696e+00
1.117703337311744649e+00
1.124695177912712118e+00
1.122095871806144673e+00
1.119757307171821648e+00
1.115508257269859360e+00
1.120386047720909106e+00
1.114490756988525400e+00
1.113304582834243828e+00
1.115626712083816585e+00
1.114369191288947958e+00
1.116050427675247203e+00
1.117940043091774083e+00
1.118044517040252650e+00
1.119011811494827313e+00
1.116250882744789230e+00
1.118012518763542129e+00
1.118612273216247566e+00
1.113719661235809344e+00
1.118309335470199617e+00
1.121768432974815433e+00
