2.136367163658142054e+00
1.950015091419220026e+00
1.894140776395797809e+00
1.860579657316207891e+00
1.833824922800064039e+00
1.814439764261245758e+00
1.797039455175399869e+00
1.787374959707260125e+00
1.775751004695892421e+00
1.764869104862213156e+00
1.753550966501235875e+00
1.748261268615722619e+00
1.734219691276550401e+00
1.724465072631836016e+00
1.714265941858291731e+00
1.704493597984313880e+00
1.689667129039764459e+00
1.680458248615264827e+00
1.667119685411453167e+00
1.661775521278381351e+00
1.650706224203109640e+00
1.641654913187027054e+00
1.633324640989303633e+00
1.622634540557861271e+00
1.618309350728988738e+00
1.605661950111389125e+00
1.596934473991393988e+00
1.596834423780441270e+00
1.590007629394531330e+00
1.582056575298309342e+00
1.578085006237029964e+00
1.566209199666976915e+00
1.564963575124740602e+00
1.560411602020263633e+00
1.557630426168441717e+00
1.548888194322586065e+00
1.546529472351074297e+00
1.538903737068176181e+00
1.535908381700515690e+00
1.534352867841720647e+00
1.526934959411621051e+00
1.524061107873916576e+00
1.517646197795867957e+00
1.514358492612838836e+00
1.510907970190048299e+00
1.509296195268631013e+00
1.506680846929550066e+00
1.500244113922119205e+00
1.500607291460037240e+00
1.498185564279556292e+00
1.486000455617904725e+00
1.486528806209564291e+00
1.485138262748718185e+00
1.480136056423187352e+00
1.477853682279586689e+00
1.474742071390152010e+00
1.467914045572280779e+00
1.465093074560165354e+00
1.461864332675933742e+00
1.460616615056991474e+00
1.460644858837127691e+00
1.458211215972900376e+00
1.455269576072692805e+00
1.445317455053329425e+00
1.451658172845840422e+00
1.442249075174331763e+00
1.440026467800140431e+00
1.441620473384857215e+00
1.437675253391265784e+00
1.435925986289978029e+00
1.429542185306549085e+00
1.431020877361297572e+00
1.430170987606048660e+00
1.421485712051391515e+00
1.423119093656539880e+00
1.424186743497848573e+00
1.417656761407852128e+00
1.414442175626754672e+00
1.416828979969024571e+00
1.412943935155868580e+00
1.409395103454589737e+00
1.410697739124298078e+00
1.405877884626388630e+00
1.399738693475723217e+00
1.403457979917526188e+00
1.399706983566284091e+00
1.400526369571685859e+00
1.395420602560043299e+00
1.398839757442474463e+00
1.392670183420181340e+00
1.390707458972930910e+00
1.387685251951217724e+00
1.389261324644088802e+00
1.390478227376937825e+00
1.387199562549590981e+00
1.382274564027786257e+00
1.380693953037261945e+00
1.382729104757308924e+00
1.378603963136672883e+00
1.374640182971954339e+00
1.378922786235809328e+00
1.379082938909530709e+00
1.369128384590148961e+00
1.373809101581573433e+00
1.372081598997116014e+00
1.369439236283302330e+00
1.371545328140258757e+00
1.364314769506454361e+00
1.362021834373474016e+00
1.361615173339843832e+00
1.360035763263702346e+00
1.363203690290450965e+00
1.362344125270843476e+00
1.357121720314025781e+00
1.361223975181579560e+00
1.358801125288009670e+00
1.359184552907943822e+00
1.356979488849639814e+00
1.353755234241485583e+00
1.354710208654403614e+00
1.351381430149078300e+00
1.353620737314224165e+00
1.347132110118866022e+00
1.345687925815582275e+00
1.344926156997680700e+00
1.347714260339736958e+00
1.344415140151977495e+00
1.338482017040252714e+00
1.337355546474456869e+00
1.343558491945266775e+00
1.341565232992172341e+00
1.341832438468933075e+00
1.339196164608001727e+00
1.339087303280830366e+00
1.330300620079040597e+00
1.334986616253852842e+00
1.335722799301147568e+00
1.336586413383483940e+00
1.333889611721038815e+00
1.327832627296447798e+00
1.331776108503341716e+00
1.330015838384628335e+00
1.327618453502654949e+00
1.328215210556983994e+00
1.326395723819732586e+00
1.326543491601944069e+00
1.326010916829109210e+00
1.324866524457931627e+00
1.323653528213500907e+00
1.320553857564926048e+00
1.321386574268341052e+00
1.321961947917938307e+00
1.321618025064468460e+00
1.321806480169296361e+00
1.316423940181732144e+00
1.317183256864547625e+00
1.317442636728286764e+00
1.319745775461196979e+00
1.313538624286651579e+00
1.313668820261955306e+00
1.314086522936821044e+00
1.314789243698120114e+00
1.307393469929695184e+00
1.314533967494964539e+00
1.311982656955718918e+00
1.312865483403205857e+00
1.310291850805282543e+00
1.304898722410201994e+00
1.312483121156692523e+00
1.310476227045059172e+00
1.306862147569656463e+00
1.301500314354896437e+00
1.304406491756439301e+00
1.302921961307525578e+00
1.300754915475845319e+00
1.299119039297103928e+00
1.300089716434478682e+00
1.303324625134468118e+00
1.303139148235320954e+00
1.298240667343139698e+00
1.298860038757324142e+00
1.300395924806594827e+00
1.298497013568878256e+00
1.292062830209732116e+00
1.294254629373550403e+00
1.293493428230285680e+00
1.294566571831703206e+00
1.297221240282058652e+00
1.291984932899475025e+00
1.292686066865921024e+00
1.291673906445503173e+00
1.291666517376899748e+00
1.289910612821578928e+00
1.289488798141479542e+00
1.292218292355537423e+00
1.292940165519714357e+00
1.286739021420478801e+00
1.283679471611976597e+00
1.284551086783409124e+00
1.284918143510818567e+00
1.285118970394134585e+00
1.284630716562271013e+00
1.281491231799125607e+00
1.277681446552276556e+00
1.287008321642875597e+00
1.280541353940963800e+00
1.279213128328323457e+00
1.281380766391754245e+00
1.280714836835861181e+00
1.279171757459640402e+00
1.280461241483688450e+00
1.279937999010086092e+00
1.281847172021865822e+00
1.281264837622642538e+00
1.275282251834869429e+00
1.278664000272750956e+00
1.274921710848808232e+00
1.270116708159446661e+00
1.273002132177352808e+00
1.269147286534309416e+00
1.269099817276001074e+00
1.273331779003143316e+00
1.275103491544723466e+00
1.270629687786102302e+00
1.270950841784477259e+00
1.272638933181762688e+00
1.268560743927955592e+00
1.272958010673522988e+00
1.270787041902542214e+00
1.267925447225570768e+00
1.269186222553253085e+00
1.265324382066726594e+00
1.271127349495887682e+00
1.267015575647354231e+00
1.263041830539703314e+00
1.264614028453826977e+00
1.267841534614563059e+00
1.265739289641380383e+00
1.263448732972145105e+00
1.267446308374404973e+00
1.259310006976127605e+00
1.267030351519584652e+00
1.255394294261932275e+00
1.264765066504478508e+00
1.265934694290161033e+00
1.260482022762298593e+00
1.255783822536468586e+00
1.262812856554984986e+00
1.257747414469718938e+00
1.254966863155364987e+00
1.258604056239128077e+00
1.257040907263755836e+00
1.257226774811744718e+00
1.257295490860939058e+00
1.257669382929802016e+00
1.256827421307563863e+00
1.255456747293472342e+00
1.250221530795097458e+00
1.262755723834037891e+00
1.255678928732872013e+00
1.255346529960632340e+00
1.250027904391288747e+00
1.251630371809005826e+00
1.251195769071578923e+00
1.255707833290100162e+00
1.250488594651222307e+00
1.249851464629173181e+00
1.251602790355682338e+00
1.252111300468444766e+00
1.245186812639236473e+00
1.247224759817123330e+00
1.245630021691322309e+00
1.249183682322502209e+00
1.246951043128967207e+00
1.245929106235504236e+00
1.237437220573425201e+00
1.248685137748718255e+00
1.243353815913200489e+00
1.247816040158271855e+00
1.245139537453651357e+00
1.249715839743614110e+00
1.248060988664627002e+00
1.247074710607528614e+00
1.243917265415191542e+00
1.244828914523124608e+00
1.238328904032707234e+00
1.243483180761337348e+00
1.236513784646988023e+00
1.242583899617195176e+00
1.241802165269851654e+00
1.243991354346275280e+00
1.243931331872940138e+00
1.240810240268707343e+00
1.241632889151573105e+00
1.237718015670776328e+00
1.234372269988059934e+00
1.236707508921623289e+00
1.235315940022468473e+00
1.238272082924842810e+00
1.238144989252090378e+00
1.243206241488456820e+00
1.238740300297737074e+00
1.236246868968009949e+00
1.235659201860427769e+00
1.236930029034614575e+00
1.234400209546089089e+00
1.234787794470787015e+00
1.231031474590301489e+00
1.233885481119155969e+00
1.232524189829826256e+00
1.236438903331756656e+00
1.230980700135231087e+00
1.232892198324203381e+00
1.235868551373481727e+00
1.234032207131385839e+00
1.232837259173393152e+00
1.228633341670036350e+00
1.231720046281814529e+00
1.233774018287658647e+00
1.230576591372489981e+00
1.232267274975776594e+00
1.230731184244155951e+00
1.231075922369956999e+00
1.229115534901618956e+00
1.231557114958763188e+00
1.228943075060844325e+00
1.229917848587036122e+00
1.221981102108955275e+00
1.226434320807457068e+00
1.226785162568092336e+00
1.231475856304168781e+00
1.226128594636917146e+00
1.224366798162460412e+00
1.223627024888992221e+00
1.227002362847328110e+00
1.226700753211975137e+00
1.227752299785614065e+00
1.222892457246780307e+00
1.225041724562645040e+00
1.220647481918335053e+00
1.224230437636375513e+00
1.223306918382644604e+00
1.224141090154647893e+00
1.219715208530425921e+00
1.224957026481628519e+00
1.222658157825470049e+00
1.222495607972145182e+00
1.222314108610153216e+00
1.223127229452133147e+00
1.218029583096504220e+00
1.219768523335456933e+00
1.218824542999267679e+00
1.223906427502632122e+00
1.216514314413070785e+00
1.215103544235229593e+00
1.219465313792228667e+00
1.222043680906295782e+00
1.222893593072891250e+00
1.213062214493751512e+00
1.218201801061630229e+00
1.219494316220283592e+00
1.214927717089653081e+00
1.218476343989372213e+00
1.214089679121971077e+00
1.216774054288864093e+00
1.211060245037078875e+00
1.212951984763145363e+00
1.215299810528755131e+00
1.213564545035362263e+00
1.215286682009697028e+00
1.217885060906410244e+00
1.212641782879829488e+00
1.214072164893150285e+00
1.209901307582855301e+00
1.211587602019309928e+00
1.212822929978370601e+00
1.207705901861190867e+00
1.212273431539535595e+00
1.214344211697578446e+00
1.214597549200058024e+00
1.210423096895217876e+00
1.204143265008926322e+00
1.209179870486259523e+00
1.206907065987586902e+00
1.210899236679077173e+00
1.210819472551345921e+00
1.209615070223808209e+00
1.207468317270278924e+00
1.205329054713249137e+00
1.203831349253654537e+00
1.212371065616607568e+00
1.210427173972129733e+00
1.205250946164131198e+00
1.209173113822936907e+00
1.209783483624458311e+00
1.202933899641037030e+00
1.205866680860519402e+00
1.204731597304344204e+00
1.207967469334602306e+00
1.207746671915054248e+00
1.203878147721290537e+00
1.201394905924797030e+00
1.201832741022109907e+00
1.204659219264984094e+00
1.205478707194328258e+00
1.207288269162178018e+00
1.199980586767196655e+00
1.201698933839797867e+00
1.205975016593933136e+00
1.203921340107917848e+00
1.202857449412345847e+00
1.199854042768478291e+00
1.199524635195732047e+00
1.200143873333930911e+00
1.199494785666465724e+00
1.199808859586715792e+00
1.202315834045410092e+00
1.199330446004867490e+00
1.200371259450912387e+00
1.204950568675994926e+00
1.199718865156173653e+00
1.198886665344238267e+00
1.195539212703704779e+00
1.194605331659317038e+00
1.197033735156059375e+00
1.206069344520568798e+00
1.195996808648109422e+00
1.198007685184478754e+00
1.199395824670791644e+00
1.195338546872138918e+00
1.202096696853637736e+00
1.197441287875175453e+00
1.196145490646362219e+00
1.196515313029289151e+00
1.202961163401603750e+00
1.196593500256538434e+00
1.194823737621307336e+00
1.190376968860626272e+00
1.197569494962692271e+00
1.195105206131935160e+00
1.195715033173561093e+00
1.196638105034828259e+00
1.190788970232009802e+00
1.193972826123237629e+00
1.195772081017494104e+00
1.190542110204696691e+00
1.202218695521354741e+00
1.195960497856140226e+00
1.190680527210235651e+00
1.194789707899093667e+00
1.190863127350807238e+00
1.192365841984748931e+00
1.191725116729736245e+00
1.193553001642227107e+00
1.192054949760436910e+00
1.191456807971000620e+00
1.190609156489372156e+00
1.193326754212379548e+00
1.189144253730773926e+00
1.187256592631340091e+00
1.189715204834937978e+00
1.189921404957771323e+00
1.186429482460021889e+00
1.189712751626968323e+00
1.189587819337844854e+00
1.187230122923851106e+00
1.191884269714355460e+00
1.184161834716796813e+00
1.186510271310806219e+00
1.185826954245567277e+00
1.187174594640731717e+00
1.189233929514885046e+00
1.185506371259689384e+00
1.189929624915122996e+00
1.184360016345977762e+00
1.183210776567459099e+00
1.190328632593154801e+00
1.182631986021995596e+00
1.183054271459579532e+00
1.187573024630546481e+00
1.183884179472923348e+00
1.187624969601631220e+00
1.184485760092735207e+00
1.181734799504280176e+00
1.183770924925804158e+00
1.184472765803337158e+00
1.187077414751052773e+00
1.183371098518371634e+00
1.182657875895500199e+00
1.179932111144065932e+00
1.181406337380409344e+00
1.181464072108268759e+00
1.181849611639976594e+00
1.187126242041587787e+00
1.183785628676414570e+00
1.181172914147377018e+00
1.183126202940940841e+00
1.178835600256919802e+00
1.182760906219482377e+00
1.184801775097847010e+00
