1.881646667480468826e+00
1.786125672817230114e+00
1.752402693033218384e+00
1.729749481439590397e+00
1.718959115982055641e+00
1.700166501760482785e+00
1.688207129001617401e+00
1.672692922115325942e+00
1.666602246999740577e+00
1.656435636043548598e+00
1.647011527538299491e+00
1.644052434921264627e+00
1.637381693601608346e+00
1.629039154767990105e+00
1.627150352716445925e+00
1.621005867719650162e+00
1.618358981132507424e+00
1.610152649164199756e+00
1.605000999450683530e+00
1.602072799682617177e+00
1.595024332761764585e+00
1.595835661649704029e+00
1.588857711076736345e+00
1.592087030410766602e+00
1.587635400056838897e+00
1.584995247602462687e+00
1.577378674030303962e+00
1.577849646568298292e+00
1.576623694896698069e+00
1.571681128740310740e+00
1.569041204690933222e+00
1.568328437805175835e+00
1.559977706193923952e+00
1.566849612474441544e+00
1.559154335498809774e+00
1.559073592901229821e+00
1.557335198640823259e+00
1.555648490667343120e+00
1.553213710308074980e+00
1.551365788221359177e+00
1.555193178653716979e+00
1.546158076763153089e+00
1.539921744585037278e+00
1.546634863376617375e+00
1.543727303266525297e+00
1.546664701938629261e+00
1.541938660383224580e+00
1.540169571638107193e+00
1.540847748994827349e+00
1.538586275577545237e+00
1.533230399847030689e+00
1.539103154420852659e+00
1.533414108753204275e+00
1.534148833990097049e+00
1.531945941925048738e+00
1.525698552608490077e+00
1.531570950031280409e+00
1.525969228506088182e+00
1.525577943801879943e+00
1.529438051939010723e+00
1.522509453773498445e+00
1.527927283048629681e+00
1.524247632026672461e+00
1.518694523811340291e+00
1.519144304275512614e+00
1.519035163879394634e+00
1.525204242706298841e+00
1.519280292510986285e+00
1.518676825046539225e+00
1.518054569005966137e+00
1.517345768928527905e+00
1.514347144365310704e+00
1.515534787416458196e+00
1.515729247570037908e+00
1.514482902050018343e+00
1.512135578632354704e+00
1.515551956415176482e+00
1.512239567995071310e+00
1.512310082435607939e+00
1.511463630199432417e+00
1.509398644447326632e+00
1.507848317384719916e+00
1.510256965160369891e+00
1.507218724966049139e+00
1.505529796838760426e+00
1.510613836765289264e+00
1.505343770503997813e+00
1.506320950269699033e+00
1.502499471902847272e+00
1.508200639486312777e+00
1.506340838193893417e+00
1.498816051959991347e+00
1.503423562526702950e+00
1.505832108020782378e+00
1.499919954538345257e+00
1.498955634117126401e+00
1.498046426534652698e+00
1.501160601139068573e+00
1.500558802604675224e+00
1.498551189422607344e+00
1.502357121467590373e+00
1.497546634674072230e+00
1.495399027347564802e+00
1.491786723613738985e+00
1.493428740501403729e+00
1.494862899780273535e+00
1.497263382196426296e+00
1.490588785171508723e+00
1.491011859893798919e+00
1.498610847949981784e+00
1.495015875577926590e+00
1.491873039722442673e+00
1.489313215494155962e+00
1.496590124607086292e+00
1.487702060699462869e+00
1.489951277017593334e+00
1.489936911821365451e+00
1.488504744052886908e+00
1.487618381023406933e+00
1.491974310398101800e+00
1.490967863559722995e+00
1.487356780052184968e+00
1.489234785556793117e+00
1.484974438190460155e+00
1.485544748783111491e+00
1.485383102893829355e+00
1.490022517204284691e+00
1.488442074537277282e+00
1.487187839746475282e+00
1.486007925748825009e+00
1.484145937204361054e+00
1.481700547933578527e+00
1.483421619892120402e+00
1.479496241092681963e+00
1.481488148689269924e+00
1.480843940973281869e+00
1.480955938577652065e+00
1.477677783727645799e+00
1.479987546443939150e+00
1.486710729837417588e+00
1.479991279602050680e+00
1.474933903694152892e+00
1.482438834190368704e+00
1.482510873794555595e+00
1.476752345800399713e+00
1.481626759290695095e+00
1.478927063703536993e+00
1.480538616418838549e+00
1.477220058679580728e+00
1.479502219915389993e+00
1.480651431322097755e+00
1.479397343158721956e+00
1.478131864786148109e+00
1.476692738056182952e+00
1.473457073450088473e+00
1.484963563203811621e+00
1.474239534139633268e+00
1.478419353485107335e+00
1.477840734720230031e+00
1.480689192771911689e+00
1.477527955055236708e+00
1.470435874938964771e+00
1.478453353166580220e+00
1.472941677808761618e+00
1.473732591152191240e+00
1.477587277650833197e+00
1.475715882778167787e+00
1.468781198501586838e+00
1.475020875930786124e+00
1.472774311304092310e+00
1.474480747699737471e+00
1.473242872238159196e+00
1.469258764505386283e+00
1.470583534002304127e+00
1.469457434654235950e+00
1.468047587871551540e+00
1.473280249357223459e+00
1.468035509109496983e+00
1.467246791362762481e+00
1.472233678579330407e+00
1.466231997966766398e+00
1.471139802217483528e+00
1.467293088197708206e+00
1.466289013862609902e+00
1.471948050975799616e+00
1.460763503789901829e+00
1.468390289306640728e+00
1.467567589044570964e+00
1.464444477081298768e+00
1.466181895732879603e+00
1.469865669965743971e+00
1.463159304380416970e+00
1.468153215885162455e+00
1.465600242853164703e+00
1.466716782331466629e+00
1.456866374492645333e+00
1.461834737300872877e+00
1.467621860504150444e+00
1.467423600912094006e+00
1.466505075931548996e+00
1.465066291332244974e+00
1.463587592601776066e+00
1.464925673484802182e+00
1.463175585985183824e+00
1.460763822555541935e+00
1.467432098150253328e+00
1.463693918466568045e+00
1.461161598682403584e+00
1.464996394157409565e+00
1.461174570083618063e+00
1.456635041236877370e+00
1.461618830919265699e+00
1.462599991083145090e+00
1.462550060987472644e+00
1.461838010549545208e+00
1.456666454076766870e+00
1.460549486160278354e+00
1.456909165859222366e+00
1.454338758468628034e+00
1.460820277214050389e+00
1.458957035779953060e+00
1.460896483182907213e+00
1.454205791711807194e+00
1.459570579051971517e+00
1.455582608222961483e+00
1.460318996429443406e+00
1.452928290843963577e+00
1.452923277616500863e+00
1.455153110504150415e+00
1.452949188709258932e+00
1.458606136798858532e+00
1.457128399372100924e+00
1.454536069869995174e+00
1.456508566856384190e+00
1.462316292762756431e+00
1.450234767675399716e+00
1.453746912717819306e+00
1.457202998399734550e+00
1.455906630992889417e+00
1.453852456569671547e+00
1.455468924045562717e+00
1.454450675249099767e+00
1.454094390869140607e+00
1.451330816745758145e+00
1.451373023033142085e+00
1.454561891794204698e+00
1.448545941114425695e+00
1.448631911277771023e+00
1.452520445346832334e+00
1.454434610366821312e+00
1.452292724132537849e+00
1.451908678531646624e+00
1.452585670471191470e+00
1.445677817583084002e+00
1.455287645578384303e+00
1.449098616600036582e+00
1.448325380563735942e+00
1.447117550134658703e+00
1.446968692541122481e+00
1.443978256225585843e+00
1.449097783803939832e+00
1.449539819955825815e+00
1.451689022064208912e+00
1.450440671682357685e+00
1.444775569200515752e+00
1.451342038154602054e+00
1.444788329362869161e+00
1.447470853328704843e+00
1.444673501014709371e+00
1.453089124202728177e+00
1.450758850336074879e+00
1.451944239139556947e+00
1.453405984401702877e+00
1.445631456136703408e+00
1.446426897287368840e+00
1.448564781904220666e+00
1.443086696386337353e+00
1.445969226360320992e+00
1.446898255348205486e+00
1.445321189165115427e+00
1.445179116010665954e+00
1.440283681631088220e+00
1.446586745738983160e+00
1.444199358701705904e+00
1.444250735521316553e+00
1.444220973014831433e+00
1.443249049901962344e+00
1.443083802223205536e+00
1.441376262187957780e+00
1.445500141382217496e+00
1.442763163566589402e+00
1.441506715059280408e+00
1.440719771146774297e+00
1.443366338968276930e+00
1.446717343330383265e+00
1.440429548263549853e+00
1.445216795206069937e+00
1.438554348468780608e+00
1.436276646852493233e+00
1.433541677236557010e+00
1.443735347032546912e+00
1.439744128942489709e+00
1.446552937984466602e+00
1.443033152341842706e+00
1.437374976873397880e+00
1.440855723619461015e+00
1.438607564926147386e+00
1.441598148822784475e+00
1.443864557504654034e+00
1.441870025634765629e+00
1.441359558105468786e+00
1.440273452520370423e+00
1.437325461387634284e+00
1.437787562131881636e+00
1.437991154670715366e+00
1.435518330335617154e+00
1.434904722452163606e+00
1.430895770072937001e+00
1.434013156414031931e+00
1.434173949241638102e+00
1.434570548772811982e+00
1.436830278873443500e+00
1.439415295124053973e+00
1.437980090856552096e+00
1.436883183956146226e+00
1.436092834949493469e+00
1.436222075700759993e+00
1.438203405857086281e+00
1.437642770051956287e+00
1.433777094364166338e+00
1.435043558120727480e+00
1.435556444644928042e+00
1.436743736028671226e+00
1.432400304079055831e+00
1.434507968902587915e+00
1.433002693891525237e+00
1.434950669288635350e+00
1.425785667181014960e+00
1.434895419836044406e+00
1.431425087451934752e+00
1.431460171699523887e+00
1.434514106273651057e+00
1.431829054594039974e+00
1.431828841924667417e+00
1.431843300819396925e+00
1.434300622701644823e+00
1.427660955667495735e+00
1.430754705667495630e+00
1.432950889587402354e+00
1.427078523635864293e+00
1.433749530315399090e+00
1.431828797101974526e+00
1.431639060735702573e+00
1.434019283533096267e+00
1.431671580314636261e+00
1.429271677970886278e+00
1.426955294132232765e+00
1.434164927482604934e+00
1.425194936990737959e+00
1.429598356008529692e+00
1.428577097892761216e+00
1.429258808851242124e+00
1.425190897941589263e+00
1.429086391687393265e+00
1.425040440559387278e+00
1.426004103899002118e+00
1.428751896381378117e+00
1.429195945262908829e+00
1.429723037481307912e+00
1.425818711757659951e+00
1.426598964452743479e+00
1.427785663843154973e+00
1.423656620264053263e+00
1.430131680965423646e+00
1.424312659740448073e+00
1.433595762968063347e+00
1.430667738437652492e+00
1.427541647672653236e+00
1.421372705221176203e+00
1.421659371614456102e+00
1.428034036874771040e+00
1.423192830324172986e+00
1.425297843933105435e+00
1.426363028764724650e+00
1.426060355663299584e+00
1.425217626810073801e+00
1.423562392234802187e+00
1.419736068725585998e+00
1.429372351408004782e+00
1.424357750892639052e+00
1.422538919925689704e+00
1.420676508903503388e+00
1.424117539167404134e+00
1.424910878181457452e+00
1.419088251113891586e+00
1.420944490432739293e+00
1.423796755075454668e+00
1.422432319402694656e+00
1.418952142477035494e+00
1.420960142135620163e+00
1.422279554843902671e+00
1.423451355218887437e+00
1.423651350498199353e+00
1.416855024814605679e+00
1.424277139663696179e+00
1.415812803268432507e+00
1.423664471864700243e+00
1.420982076168060271e+00
1.423482994079589892e+00
1.419437927961349377e+00
1.418329703569412237e+00
1.421323870182037430e+00
1.421579699993133605e+00
1.416426474094390819e+00
1.416683564901351833e+00
1.419483791828155539e+00
1.419158409595489445e+00
1.419716529846191344e+00
1.417115731239318777e+00
1.417881438732147226e+00
1.418519936084747357e+00
1.421395394802093426e+00
1.419223846912384124e+00
1.416948233127593992e+00
1.418040047645568791e+00
1.418081146001815895e+00
1.413537162542343184e+00
1.418209125518798741e+00
1.415453097820281947e+00
1.412133176803588963e+00
1.414210772514343351e+00
1.417817293167114245e+00
1.412359903097152758e+00
1.411520591497421373e+00
1.418726398944854639e+00
1.414189250707626355e+00
1.418214452028274453e+00
1.413269947528839054e+00
1.413165027856826850e+00
1.416505051612853894e+00
1.417017260313033988e+00
1.415065793275833039e+00
1.411858693122863828e+00
1.408379388332366977e+00
1.413044450998306223e+00
1.418359720468521212e+00
1.417062421798706007e+00
1.408741388797760008e+00
1.411025335073471165e+00
1.415646839141845748e+00
1.412326389789581249e+00
1.410174638986587459e+00
1.408746752023696924e+00
1.406845390558242759e+00
1.411272086381912150e+00
1.412536690711975185e+00
1.415628901958465580e+00
1.414094873189926105e+00
1.408590861082076984e+00
1.409641259908676059e+00
1.406282766580581711e+00
1.408506946563720774e+00
1.407135599851608188e+00
1.414752193450927731e+00
1.411498609066009546e+00
1.410629965543746867e+00
1.409529225587844881e+00
1.408643446445465131e+00
1.409991508007049532e+00
1.417837654590606622e+00
1.406929665088653580e+00
1.407864813089370726e+00
1.408946905374526937e+00
1.408484784841537385e+00
1.407486138343811088e+00
1.405189388751983737e+00
1.409137537240982008e+00
1.400420314073562711e+00
1.409086970567703156e+00
1.403649029731750542e+00
1.407114852666854876e+00
1.411080550670623879e+00
1.405178866386413539e+00
1.403144414663314743e+00
1.406221235275268544e+00
1.405337075710296535e+00
1.409830474138259904e+00
1.403341815948486282e+00
1.405075567722320562e+00
1.400955157518386951e+00
1.406942976713180471e+00
1.404103607177734414e+00
1.409002621650695897e+00
1.404714058399200383e+00
1.408511593103408899e+00
1.404309283971786559e+00
1.401295074224472081e+00
1.401717247724532989e+00
1.400862556457519448e+00
1.406589403152465723e+00
