1.888799965381622314e-01
1.633999943733215332e-01
1.480599939823150635e-01
1.278399974107742310e-01
1.080999970436096191e-01
1.009799987077713013e-01
1.015399992465972900e-01
1.007400006055831909e-01
1.000000014901161194e-01
1.002200022339820862e-01
9.966000169515609741e-02
1.054000034928321838e-01
1.057199984788894653e-01
1.034400016069412231e-01
1.018600016832351685e-01
1.056799963116645813e-01
9.920000284910202026e-02
9.920000284910202026e-02
9.973999857902526855e-02
9.818000346422195435e-02
1.009799987077713013e-01
9.842000156641006470e-02
1.025800034403800964e-01
1.001399978995323181e-01
1.002800017595291138e-01
1.016200035810470581e-01
9.967999905347824097e-02
1.007800027728080750e-01
1.024200022220611572e-01
1.001600027084350586e-01
9.950000047683715820e-02
9.886000305414199829e-02
1.013600006699562073e-01
9.967999905347824097e-02
9.855999797582626343e-02
1.017000004649162292e-01
9.690000116825103760e-02
9.880000352859497070e-02
1.001200005412101746e-01
1.001999974250793457e-01
9.978000074625015259e-02
9.982000291347503662e-02
9.826000034809112549e-02
9.942000359296798706e-02
9.854000061750411987e-02
9.961999952793121338e-02
1.001800000667572021e-01
9.994000196456909180e-02
9.967999905347824097e-02
9.956000000238418579e-02
9.867999702692031860e-02
9.923999756574630737e-02
9.905999898910522461e-02
1.002599969506263733e-01
9.737999737262725830e-02
1.000600010156631470e-01
9.799999743700027466e-02
9.893999993801116943e-02
1.004000008106231689e-01
9.882000088691711426e-02
1.005000025033950806e-01
1.024800017476081848e-01
9.886000305414199829e-02
9.814000129699707031e-02
1.000600010156631470e-01
1.019800007343292236e-01
1.014399975538253784e-01
1.001600027084350586e-01
1.009799987077713013e-01
1.013000011444091797e-01
9.956000000238418579e-02
1.008799970149993896e-01
1.015999987721443176e-01
9.889999777078628540e-02
9.889999777078628540e-02
9.893999993801116943e-02
9.864000231027603149e-02
9.914000332355499268e-02
1.021400019526481628e-01
1.013600006699562073e-01
1.005199998617172241e-01
1.000799983739852905e-01
9.994000196456909180e-02
1.006600037217140198e-01
9.961999952793121338e-02
9.888000041246414185e-02
1.006200015544891357e-01
1.003400012850761414e-01
9.864000231027603149e-02
9.967999905347824097e-02
1.011999994516372681e-01
9.929999709129333496e-02
9.775999933481216431e-02
9.950000047683715820e-02
1.009000018239021301e-01
1.015599966049194336e-01
9.927999973297119141e-02
1.019600033760070801e-01
1.014999970793724060e-01
9.839999675750732422e-02
1.007400006055831909e-01
1.008000001311302185e-01
1.024399995803833008e-01
9.769999980926513672e-02
9.948000311851501465e-02
9.886000305414199829e-02
9.929999709129333496e-02
1.002999991178512573e-01
9.790000319480895996e-02
9.743999689817428589e-02
9.960000216960906982e-02
9.989999979734420776e-02
9.880000352859497070e-02
1.015200018882751465e-01
9.870000183582305908e-02
1.005600020289421082e-01
1.001200005412101746e-01
1.028999984264373779e-01
1.004000008106231689e-01
1.000400036573410034e-01
9.995999932289123535e-02
9.725999832153320312e-02
1.012599989771842957e-01
9.758000075817108154e-02
9.849999845027923584e-02
1.002200022339820862e-01
1.010000035166740417e-01
1.000400036573410034e-01
9.991999715566635132e-02
9.756000339984893799e-02
1.005799993872642517e-01
9.960000216960906982e-02
1.000799983739852905e-01
9.961999952793121338e-02
9.712000191211700439e-02
1.013199985027313232e-01
9.855999797582626343e-02
9.935999661684036255e-02
9.786000102758407593e-02
1.001800000667572021e-01
1.002200022339820862e-01
9.803999960422515869e-02
9.861999750137329102e-02
1.010600030422210693e-01
1.012599989771842957e-01
1.015200018882751465e-01
1.004199981689453125e-01
9.948000311851501465e-02
9.867999702692031860e-02
1.011800020933151245e-01
1.002200022339820862e-01
9.895999729633331299e-02
1.005600020289421082e-01
9.997999668121337891e-02
1.020200029015541077e-01
1.027600020170211792e-01
1.001200005412101746e-01
1.012599989771842957e-01
9.967999905347824097e-02
1.018799990415573120e-01
9.762000292539596558e-02
9.880000352859497070e-02
1.006800010800361633e-01
9.876000136137008667e-02
9.870000183582305908e-02
9.905999898910522461e-02
9.743999689817428589e-02
9.775999933481216431e-02
1.007400006055831909e-01
9.926000237464904785e-02
1.001800000667572021e-01
9.929999709129333496e-02
1.015999987721443176e-01
1.005399972200393677e-01
9.926000237464904785e-02
9.978000074625015259e-02
9.787999838590621948e-02
1.004000008106231689e-01
9.786000102758407593e-02
1.004199981689453125e-01
9.950000047683715820e-02
9.893999993801116943e-02
9.886000305414199829e-02
9.802000224590301514e-02
1.008000001311302185e-01
9.827999770641326904e-02
1.003400012850761414e-01
1.009600013494491577e-01
9.849999845027923584e-02
9.961999952793121338e-02
9.805999696254730225e-02
1.002399995923042297e-01
1.031000018119812012e-01
9.989999979734420776e-02
1.014399975538253784e-01
9.904000163078308105e-02
1.007599979639053345e-01
1.003800034523010254e-01
1.009600013494491577e-01
1.002999991178512573e-01
1.019999980926513672e-01
9.945999830961227417e-02
1.008400022983551025e-01
1.018399968743324280e-01
1.004199981689453125e-01
9.950000047683715820e-02
9.867999702692031860e-02
9.899999946355819702e-02
9.765999764204025269e-02
9.944000095129013062e-02
9.973999857902526855e-02
1.010999977588653564e-01
9.898000210523605347e-02
1.010399982333183289e-01
9.905999898910522461e-02
9.855999797582626343e-02
1.004000008106231689e-01
9.951999783515930176e-02
9.935999661684036255e-02
9.972000122070312500e-02
1.007599979639053345e-01
9.927999973297119141e-02
1.006999984383583069e-01
1.008199974894523621e-01
9.843999892473220825e-02
1.034400016069412231e-01
9.995999932289123535e-02
1.014399975538253784e-01
9.927999973297119141e-02
9.845999628305435181e-02
9.882000088691711426e-02
9.911999851465225220e-02
1.003599986433982849e-01
1.005999967455863953e-01
9.956000000238418579e-02
1.011599972844123840e-01
1.005399972200393677e-01
9.926000237464904785e-02
9.922000020742416382e-02
9.911999851465225220e-02
9.994000196456909180e-02
9.995999932289123535e-02
1.002999991178512573e-01
9.883999824523925781e-02
1.011399999260902405e-01
1.015599966049194336e-01
1.007599979639053345e-01
1.024399995803833008e-01
1.012199968099594116e-01
9.893999993801116943e-02
9.886000305414199829e-02
1.017000004649162292e-01
1.013799980282783508e-01
1.024200022220611572e-01
1.002800017595291138e-01
9.989999979734420776e-02
1.007800027728080750e-01
1.002399995923042297e-01
9.916000068187713623e-02
1.004600003361701965e-01
9.731999784708023071e-02
9.889999777078628540e-02
9.957999736070632935e-02
9.771999716758728027e-02
9.883999824523925781e-02
1.012799963355064392e-01
9.989999979734420776e-02
1.001600027084350586e-01
9.948000311851501465e-02
1.017400026321411133e-01
9.957999736070632935e-02
1.000600010156631470e-01
9.967999905347824097e-02
1.008799970149993896e-01
9.922000020742416382e-02
9.774000197649002075e-02
1.009600013494491577e-01
9.989999979734420776e-02
9.700000286102294922e-02
9.644000232219696045e-02
9.910000115633010864e-02
1.013000011444091797e-01
1.017400026321411133e-01
1.001399978995323181e-01
1.014799997210502625e-01
1.023200005292892456e-01
1.005999967455863953e-01
1.010399982333183289e-01
1.006999984383583069e-01
9.899999946355819702e-02
1.018799990415573120e-01
1.005399972200393677e-01
9.827999770641326904e-02
9.938000142574310303e-02
9.948000311851501465e-02
9.818000346422195435e-02
1.004799976944923401e-01
9.973999857902526855e-02
9.790000319480895996e-02
9.957999736070632935e-02
1.015999987721443176e-01
1.018799990415573120e-01
1.004199981689453125e-01
1.016200035810470581e-01
9.917999804019927979e-02
1.004799976944923401e-01
9.858000278472900391e-02
1.008599996566772461e-01
1.015399992465972900e-01
1.009399965405464172e-01
9.880000352859497070e-02
1.000600010156631470e-01
1.010399982333183289e-01
9.972000122070312500e-02
1.036399975419044495e-01
1.010800004005432129e-01
9.985999763011932373e-02
1.014399975538253784e-01
1.004400029778480530e-01
9.893999993801116943e-02
9.867999702692031860e-02
9.886000305414199829e-02
1.018399968743324280e-01
9.973999857902526855e-02
9.933999925851821899e-02
9.954000264406204224e-02
9.880000352859497070e-02
9.978000074625015259e-02
1.005999967455863953e-01
1.020200029015541077e-01
1.010000035166740417e-01
9.982000291347503662e-02
1.009399965405464172e-01
9.883999824523925781e-02
9.904000163078308105e-02
9.954000264406204224e-02
1.000400036573410034e-01
1.025400012731552124e-01
9.830000251531600952e-02
9.973999857902526855e-02
9.945999830961227417e-02
1.013400033116340637e-01
1.001200005412101746e-01
1.009600013494491577e-01
1.008199974894523621e-01
1.022199988365173340e-01
9.803999960422515869e-02
9.883999824523925781e-02
9.901999682188034058e-02
9.935999661684036255e-02
1.001800000667572021e-01
1.025800034403800964e-01
9.914000332355499268e-02
9.944000095129013062e-02
1.012799963355064392e-01
1.000000014901161194e-01
1.000199988484382629e-01
9.932000190019607544e-02
9.867999702692031860e-02
9.805999696254730225e-02
1.002399995923042297e-01
1.022000014781951904e-01
9.833999723196029663e-02
1.014200001955032349e-01
9.888000041246414185e-02
1.020599976181983948e-01
9.764000028371810913e-02
9.811999648809432983e-02
1.007200032472610474e-01
9.898000210523605347e-02
9.886000305414199829e-02
9.967999905347824097e-02
9.904000163078308105e-02
1.004600003361701965e-01
1.005600020289421082e-01
1.013000011444091797e-01
9.889999777078628540e-02
1.008799970149993896e-01
9.907999634742736816e-02
9.920000284910202026e-02
9.927999973297119141e-02
1.016200035810470581e-01
9.982000291347503662e-02
9.613999724388122559e-02
1.011999994516372681e-01
9.780000150203704834e-02
1.002999991178512573e-01
9.982000291347503662e-02
1.014399975538253784e-01
9.942000359296798706e-02
1.002599969506263733e-01
9.852000325918197632e-02
9.820000082254409790e-02
1.001600027084350586e-01
1.011200025677680969e-01
9.929999709129333496e-02
1.002599969506263733e-01
1.020999997854232788e-01
9.926000237464904785e-02
1.005799993872642517e-01
1.000199988484382629e-01
1.029599979519844055e-01
9.920000284910202026e-02
1.001999974250793457e-01
9.768000245094299316e-02
9.901999682188034058e-02
9.793999791145324707e-02
1.021599993109703064e-01
9.944000095129013062e-02
1.005399972200393677e-01
1.009799987077713013e-01
1.023800000548362732e-01
1.008799970149993896e-01
1.005000025033950806e-01
9.712000191211700439e-02
1.022799983620643616e-01
1.017400026321411133e-01
1.002399995923042297e-01
1.027000024914741516e-01
9.979999810457229614e-02
1.001399978995323181e-01
1.004799976944923401e-01
1.004600003361701965e-01
9.765999764204025269e-02
1.020599976181983948e-01
9.886000305414199829e-02
1.006399989128112793e-01
9.895999729633331299e-02
1.013600006699562073e-01
9.904000163078308105e-02
9.877999871969223022e-02
1.013000011444091797e-01
9.950000047683715820e-02
9.967999905347824097e-02
1.006200015544891357e-01
9.966000169515609741e-02
9.803999960422515869e-02
9.920000284910202026e-02
9.994000196456909180e-02
1.000600010156631470e-01
1.006399989128112793e-01
9.966000169515609741e-02
1.004199981689453125e-01
1.001800000667572021e-01
9.882000088691711426e-02
1.004799976944923401e-01
9.942000359296798706e-02
1.001000031828880310e-01
1.007400006055831909e-01
1.007400006055831909e-01
1.032200008630752563e-01
1.006800010800361633e-01
9.712000191211700439e-02
9.780000150203704834e-02
1.004600003361701965e-01
9.865999966859817505e-02
1.001999974250793457e-01
9.969999641180038452e-02
1.002200022339820862e-01
1.001399978995323181e-01
1.023800000548362732e-01
1.000600010156631470e-01
9.984000027179718018e-02
9.989999979734420776e-02
9.871999919414520264e-02
1.010999977588653564e-01
1.004400029778480530e-01
9.917999804019927979e-02
1.005999967455863953e-01
9.898000210523605347e-02
9.984000027179718018e-02
9.917999804019927979e-02
1.042999997735023499e-01
9.886000305414199829e-02
9.777999669313430786e-02
1.004799976944923401e-01
1.001600027084350586e-01
9.826000034809112549e-02
1.005399972200393677e-01
9.972000122070312500e-02
9.945999830961227417e-02
9.784000366926193237e-02
1.013600006699562073e-01
1.014799997210502625e-01
9.991999715566635132e-02
1.007200032472610474e-01
9.963999688625335693e-02
1.014600023627281189e-01
1.028999984264373779e-01
1.009199991822242737e-01
1.009600013494491577e-01
1.019399985671043396e-01
9.860000014305114746e-02
9.938000142574310303e-02
9.889999777078628540e-02
9.786000102758407593e-02
1.003599986433982849e-01
1.014200001955032349e-01
1.009399965405464172e-01
1.001800000667572021e-01
