2.267133400917053176e+00
2.065984371900558614e+00
1.965829767227172953e+00
1.908913433313369712e+00
1.862815372705459493e+00
1.832208944320678601e+00
1.810909643650054912e+00
1.792520972251891997e+00
1.778613871574401761e+00
1.764768082380294700e+00
1.753341753244400003e+00
1.742692126750946091e+00
1.735941548585891780e+00
1.725512058496475154e+00
1.714278837919235299e+00
1.703718659162521298e+00
1.694013671159744217e+00
1.690234510898590115e+00
1.681968039512634183e+00
1.675066807746887099e+00
1.672656080007553170e+00
1.663073774099349977e+00
1.656844580411910961e+00
1.652337490797042951e+00
1.644125617027282660e+00
1.641553469419479327e+00
1.633213236570358218e+00
1.631199156761169444e+00
1.624985096216201796e+00
1.622742581844329735e+00
1.617102732896804840e+00
1.613466370344162071e+00
1.609534286260604796e+00
1.608135308027267563e+00
1.601154901981353795e+00
1.596132267713546771e+00
1.588884684085845933e+00
1.590346731424331583e+00
1.588271561384201114e+00
1.581735854625701876e+00
1.584437062501907301e+00
1.577542335271835405e+00
1.572812917947769229e+00
1.572232933759689422e+00
1.566618524074554486e+00
1.563793456792831327e+00
1.564170190095901525e+00
1.561408259153366007e+00
1.558593008279800518e+00
1.556147838830947983e+00
1.552102577924728388e+00
1.550656802177429183e+00
1.549285747289657511e+00
1.545881715536117529e+00
1.542378158807754529e+00
1.545614917516708431e+00
1.539374289989471345e+00
1.534305724143981919e+00
1.538311424493789659e+00
1.530681587219238304e+00
1.531185609102249101e+00
1.525529699563980213e+00
1.526858415603637775e+00
1.526923409461975023e+00
1.523808849573135449e+00
1.521186078548431464e+00
1.524412685394287204e+00
1.517610743761062642e+00
1.513159980058670140e+00
1.513697296619415322e+00
1.512323988914489714e+00
1.511433136940002475e+00
1.508755101203918425e+00
1.509410176038742168e+00
1.507303163051605166e+00
1.501371962070465083e+00
1.504958931922912635e+00
1.503514425039291336e+00
1.506213031053543094e+00
1.497534678459167434e+00
1.498827454566955542e+00
1.498928723096847548e+00
1.500362287521362248e+00
1.499122457504272532e+00
1.494837059259414680e+00
1.487798855781555130e+00
1.497519716978073179e+00
1.488989420652389484e+00
1.490978740692138649e+00
1.488931943416595516e+00
1.483474928379058921e+00
1.487978286743164125e+00
1.483428984642028770e+00
1.486677705526352034e+00
1.484036004066467296e+00
1.481063257694244406e+00
1.480919600486755305e+00
1.482920637369155914e+00
1.483324090242385873e+00
1.472845608234405468e+00
1.476555632352829051e+00
1.477645610094070472e+00
1.479655323505401521e+00
1.474462120056152292e+00
1.470546321153640701e+00
1.470531119108200002e+00
1.473028942108154382e+00
1.471939121246337967e+00
1.467675191879272534e+00
1.467270245552062979e+00
1.467332543134689304e+00
1.466194944620132556e+00
1.464698865413665674e+00
1.461812280178069967e+00
1.468653553485870455e+00
1.461559268236160225e+00
1.465890571832656919e+00
1.463413164854049597e+00
1.464566729545593304e+00
1.457638484239578203e+00
1.463296788454055752e+00
1.456709044456481861e+00
1.453635107040405217e+00
1.459470496892929070e+00
1.458863446235656669e+00
1.459206343650817805e+00
1.458181078433990585e+00
1.450030019760131905e+00
1.457334045171737591e+00
1.452211959362029958e+00
1.460215978384017843e+00
1.452961878538131746e+00
1.455148400545120291e+00
1.456897593975067240e+00
1.449429827928543135e+00
1.450610520362854095e+00
1.448446287155151335e+00
1.447231463193893397e+00
1.450607384681701584e+00
1.447923318147659399e+00
1.451950971841812210e+00
1.445988028287887639e+00
1.446141112565994202e+00
1.446795745849609460e+00
1.449019281864166286e+00
1.446100330591201688e+00
1.446188111543655452e+00
1.443063720703124941e+00
1.441186737298965514e+00
1.440795497894287180e+00
1.439920402288436874e+00
1.439198758840560810e+00
1.437649138450622477e+00
1.441147042274474988e+00
1.441973467350006199e+00
1.439405218839645340e+00
1.439357753515243532e+00
1.440851721525192364e+00
1.441600678443908601e+00
1.429775473356246884e+00
1.433819354772567722e+00
1.437007507085800162e+00
1.433026282310485788e+00
1.435088926553726107e+00
1.435844508171081557e+00
1.437658167123794462e+00
1.429232052326202318e+00
1.435190721273422287e+00
1.434854874849319506e+00
1.428977390527725211e+00
1.430562487602233812e+00
1.433940103769302477e+00
1.431749217033386312e+00
1.429904439687728956e+00
1.423376613140106217e+00
1.431986639022827079e+00
1.428216458320617610e+00
1.429330668687820438e+00
1.425451919317245464e+00
1.430526815414428610e+00
1.429040455102920548e+00
1.428943143606185906e+00
1.426018887996673534e+00
1.425138108730316100e+00
1.427944703578948982e+00
1.420224561691284082e+00
1.423159150123596284e+00
1.425401842355728199e+00
1.425833894252777068e+00
1.420599596261978181e+00
1.423934322595596269e+00
1.421361449003219590e+00
1.421310416460037196e+00
1.425716519832611162e+00
1.418151879310607821e+00
1.421955008029937684e+00
1.418101947784423889e+00
1.417761849164962840e+00
1.425592477321624862e+00
1.421196177482604961e+00
1.418179941892623974e+00
1.421449061155319216e+00
1.419901222467422564e+00
1.415674854516983050e+00
1.417567265510559116e+00
1.415485605478286724e+00
1.414729014635086157e+00
1.416067624807357817e+00
1.413086174726486233e+00
1.414014713764190745e+00
1.415959808111190821e+00
1.409555195331573474e+00
1.415334548950195392e+00
1.412979552507400482e+00
1.418644396781921335e+00
1.413614118814468412e+00
1.411238956451416060e+00
1.411348268985748389e+00
1.412940691232681178e+00
1.414776867389679005e+00
1.410082891225814761e+00
1.415113449811935320e+00
1.415588847398757899e+00
1.409504151344299405e+00
1.411159772396087586e+00
1.405774969339370628e+00
1.413836070060729977e+00
1.412447722673416228e+00
1.407590048074722322e+00
1.409436604738235399e+00
1.408581312656402629e+00
1.410676891326904325e+00
1.403737637042999253e+00
1.408420308589935388e+00
1.406342504978179919e+00
1.405467742204666193e+00
1.405870177984237746e+00
1.408467272996902553e+00
1.405015551328659074e+00
1.410624048471450731e+00
1.406278062105178916e+00
1.406342863798141440e+00
1.400908680677414031e+00
1.408454076766967766e+00
1.405318963050842251e+00
1.404307739496231111e+00
1.407061707258224548e+00
1.404171808004379240e+00
1.405952044010162272e+00
1.402288404226303076e+00
1.403950392246246404e+00
1.397994153976440446e+00
1.409988564729690586e+00
1.400521574258804414e+00
1.398165603637695265e+00
1.400542826414108211e+00
1.405606719493865953e+00
1.403178416013717733e+00
1.400130490303039599e+00
1.400614424943923852e+00
1.404737812042236245e+00
1.397757433891296364e+00
1.399454093456268255e+00
1.394997549533844028e+00
1.401432287216186623e+00
1.399041793346404994e+00
1.397697879791259812e+00
1.403776118278503349e+00
1.393566951990127478e+00
1.397874236583709795e+00
1.400655015707015894e+00
1.400601609706878747e+00
1.400329423666000439e+00
1.397578983068466174e+00
1.396619725704193016e+00
1.397984630346298163e+00
1.390150043487548892e+00
1.397984334945678642e+00
1.397747581720352184e+00
1.393022954225540122e+00
1.390483234405517576e+00
1.394188860416412323e+00
1.393623528957366853e+00
1.391251325607299805e+00
1.393615771770477352e+00
1.393921516418457074e+00
1.391920584201812749e+00
1.391683306694030842e+00
1.394975264549255467e+00
1.395024375915527415e+00
1.397402683496475229e+00
1.394214187860488785e+00
1.388036600112914964e+00
1.390895022153854299e+00
1.393919382333755452e+00
1.399944262027740471e+00
1.394868976354598944e+00
1.393778227567672667e+00
1.394710136890411345e+00
1.392997157096862892e+00
1.394665701866149909e+00
1.390004766464233432e+00
1.389591445207595921e+00
1.391877280235290559e+00
1.392087277889251684e+00
1.386332779645919722e+00
1.389825497627258377e+00
1.390174730539321946e+00
1.389804238080978305e+00
1.391169150829315138e+00
1.393711387395858869e+00
1.391932214975357018e+00
1.386706733226776178e+00
1.381799458503723210e+00
1.386798651695251516e+00
1.388150155544281006e+00
1.388450567960739068e+00
1.386775512695312518e+00
1.389292636394500624e+00
1.385835611343383844e+00
1.385924122095107958e+00
1.387291578292846772e+00
1.386727931499481148e+00
1.390281649827957100e+00
1.387094521999359120e+00
1.384508654356002788e+00
1.381654801845550562e+00
1.380709646463394114e+00
1.384203432083129792e+00
1.384929697751998923e+00
1.386442602872848484e+00
1.380853200197219799e+00
1.387076087474822916e+00
1.381943812608718902e+00
1.384053822755813679e+00
1.379419397354125998e+00
1.384501292705535791e+00
1.386391056776046682e+00
1.387707236051559434e+00
1.383591727733612053e+00
1.385639385461807205e+00
1.380588947057723948e+00
1.382243252754211449e+00
1.382659289836883465e+00
1.380500159502029422e+00
1.389026986598968616e+00
1.383325791358947843e+00
1.386273541212081906e+00
1.382332786321639917e+00
1.380245969295501807e+00
1.377087938308715787e+00
1.384606204986572164e+00
1.380724332809448285e+00
1.387340440750121973e+00
1.378905325412750349e+00
1.380948551893234288e+00
1.380074651479721082e+00
1.375561143159866440e+00
1.377303822755813645e+00
1.384563294649124199e+00
1.380420337438583278e+00
1.378834762334823605e+00
1.384901196002960244e+00
1.378237415552139300e+00
1.378579483032226660e+00
1.377258431196212829e+00
1.380740021467208756e+00
1.379027513980865427e+00
1.377911148071289116e+00
1.378682089805602917e+00
1.382325622320175196e+00
1.378702685117721538e+00
1.375598488330840974e+00
1.381043806791305562e+00
1.374590183496475326e+00
1.377600706100463812e+00
1.372999793767929022e+00
1.375992202758788974e+00
1.374942869424820024e+00
1.374859123468399114e+00
1.376595848798751742e+00
1.378327838182449305e+00
1.374272701263427710e+00
1.374333983421325733e+00
1.376737850427627530e+00
1.378958958864211937e+00
1.376406382799148620e+00
1.375347412586212181e+00
1.369916990756988584e+00
1.374048193454742384e+00
1.379563775300979511e+00
1.374358362674713119e+00
1.375638633489608686e+00
1.371230125904083330e+00
1.375026037454605055e+00
1.371817586660385224e+00
1.374150542020797783e+00
1.372020662307739336e+00
1.374928735733032203e+00
1.371059255838394275e+00
1.375203084707260048e+00
1.371145684242248475e+00
1.374088548421859679e+00
1.372221348762512116e+00
1.369705255985260051e+00
1.367166297674179187e+00
1.369003008365631047e+00
1.375134891748428290e+00
1.369501009225845278e+00
1.372314564228057865e+00
1.372724072217941238e+00
1.372540590286254858e+00
1.370103328943252485e+00
1.367547511577606123e+00
1.369069988489151068e+00
1.374078248739242447e+00
1.370955955743789589e+00
1.371756064891815230e+00
1.375345785856247005e+00
1.368733934879303060e+00
1.371088090181350694e+00
1.373905924677848889e+00
1.368553328037261929e+00
1.370173810958862370e+00
1.365736461162567084e+00
1.363411683917045591e+00
1.371582403898239155e+00
1.362093712568283044e+00
1.366466700077056950e+00
1.368382663011550981e+00
1.369720026254653833e+00
1.369552426815032975e+00
1.368519207715988228e+00
1.369192361116409407e+00
1.368353561639785720e+00
1.368852236270904577e+00
1.365224670648574889e+00
1.366595444679260307e+00
1.370610068321228114e+00
1.368442400217056321e+00
1.367692423820495495e+00
1.366174143552780107e+00
1.363341210126876923e+00
1.366716649293899577e+00
1.367970709085464476e+00
1.367126482009887622e+00
1.366790036916732731e+00
1.365481854677200291e+00
1.365077049493789607e+00
1.367044292926788307e+00
1.367834640979766814e+00
1.364256543397903476e+00
1.366490474462509264e+00
1.365618153333663987e+00
1.363614470481872454e+00
1.361649499654769890e+00
1.361781907558441196e+00
1.365818377494812053e+00
1.359115107297897307e+00
1.364514713048935013e+00
1.366729247570037886e+00
1.360445601224899326e+00
1.365392173528671371e+00
1.364078943490982132e+00
1.364244950532913281e+00
1.363115212202072213e+00
1.371855422019958581e+00
1.359647557020187358e+00
1.363913319349288944e+00
1.364057674407958887e+00
1.364050946950912557e+00
1.362023737192153972e+00
1.361219637632369972e+00
1.360793972492218007e+00
1.359896739721298209e+00
1.364476779222488334e+00
1.363522985219955519e+00
1.355721268653869549e+00
1.363361781835556119e+00
1.362500918626785351e+00
1.358224125862121490e+00
1.356450711011886634e+00
1.358135993242263861e+00
1.359395740747451731e+00
1.364400381565094023e+00
1.362701766490936217e+00
1.357767487287521391e+00
1.359454275369644138e+00
1.364494579315185474e+00
1.356028465986251819e+00
1.359206964015960750e+00
1.355497519731521550e+00
1.364801647186279387e+00
1.363216164588928248e+00
1.362084077835083118e+00
1.359506344318389903e+00
1.359196531534194952e+00
1.354702885389327927e+00
1.364497140288353005e+00
1.354533447265624968e+00
