1.955578551769256546e+00
1.807288618087768528e+00
1.766772349119186458e+00
1.741569796562194794e+00
1.720186537742614652e+00
1.704887299776077336e+00
1.684640973806381226e+00
1.674569010019302473e+00
1.665578075408935543e+00
1.654167432785034197e+00
1.640709309339523303e+00
1.632129089832305979e+00
1.621834951877594078e+00
1.617660398006439237e+00
1.612380076169967591e+00
1.607130988597869958e+00
1.600271351099014305e+00
1.595430189609527538e+00
1.587962635993957594e+00
1.583858539104461727e+00
1.583915615081787021e+00
1.577839341163635334e+00
1.572135972261428760e+00
1.567746781587600724e+00
1.561626701831817732e+00
1.564126005411148101e+00
1.562017673730850209e+00
1.559087527513504101e+00
1.549485459089279260e+00
1.548406994819641058e+00
1.548493545532226623e+00
1.546519325733184846e+00
1.541555593490600673e+00
1.539515906810760448e+00
1.534319015026092581e+00
1.529979908227920626e+00
1.529214608192443814e+00
1.526530775070190415e+00
1.522300277471542396e+00
1.519624450206756627e+00
1.522314891099929790e+00
1.519276503801345823e+00
1.513485502243042014e+00
1.513746363639831616e+00
1.511477811574935881e+00
1.508211125612259007e+00
1.512804650306701637e+00
1.509991617918014617e+00
1.508333453178405836e+00
1.502382348299026393e+00
1.502653233289718671e+00
1.500663476467132496e+00
1.500426330566406286e+00
1.497597983598709215e+00
1.493825077295303450e+00
1.495183236360549950e+00
1.491964818716049246e+00
1.495407596588134824e+00
1.494211063385009863e+00
1.491249413251876765e+00
1.492062512874603231e+00
1.489837678670883125e+00
1.489755863189697216e+00
1.485206498384475715e+00
1.485517142534255930e+00
1.481092011213302584e+00
1.481864782333373931e+00
1.479030988216400111e+00
1.485042032480239804e+00
1.479258372545242395e+00
1.477392536163329995e+00
1.474961189031601005e+00
1.473732532739639334e+00
1.478920849800109849e+00
1.474835638046264608e+00
1.475106302022934024e+00
1.469998069524764972e+00
1.471725688695907586e+00
1.474661798954010061e+00
1.464693466663360644e+00
1.472100934505462755e+00
1.471623955726623523e+00
1.471038937807083169e+00
1.462618497133254980e+00
1.468631203651428185e+00
1.469282901048660328e+00
1.467514944791793896e+00
1.465392385482788162e+00
1.464647188425064028e+00
1.464266355991363566e+00
1.464618225336074886e+00
1.464082402467727695e+00
1.462981940746307385e+00
1.462281321763992281e+00
1.460946385145187376e+00
1.461825673341751175e+00
1.455823346853256206e+00
1.463125099420547581e+00
1.460026934623718242e+00
1.459040552139282187e+00
1.461224663734435936e+00
1.453477543830871577e+00
1.456417795658111469e+00
1.456913194179535020e+00
1.458142730951309307e+00
1.456067768335342461e+00
1.454862864255905164e+00
1.451992459297180238e+00
1.455378916978836035e+00
1.453097071886062519e+00
1.449728130340576238e+00
1.452172316312789979e+00
1.456510948657989468e+00
1.454243060350418171e+00
1.446228203535079970e+00
1.448534340143203814e+00
1.448891812324524020e+00
1.451415358304977365e+00
1.449796675205230700e+00
1.450773771524429323e+00
1.447010706663131696e+00
1.450407454490661552e+00
1.447818928241729752e+00
1.442998637914657545e+00
1.443925775766372599e+00
1.450625949144363380e+00
1.450266884088516228e+00
1.444445700407028133e+00
1.445468791484832760e+00
1.440616246938705380e+00
1.440531319141387989e+00
1.444775465011596705e+00
1.442548539638519367e+00
1.442617126226425128e+00
1.440260963916778492e+00
1.446003347396850547e+00
1.441252845287323003e+00
1.442608385086059597e+00
1.434961385250091537e+00
1.441856438875198432e+00
1.444198010444641023e+00
1.441439948797226034e+00
1.437269860029220636e+00
1.445475119113922124e+00
1.442399524450302062e+00
1.440577221155166621e+00
1.436094707727432196e+00
1.438703215837478622e+00
1.432203282833099278e+00
1.434684467077255166e+00
1.433259956121444745e+00
1.435745510578155582e+00
1.434487660884857130e+00
1.435357975006103626e+00
1.431497012138366776e+00
1.434577716112136914e+00
1.437395425558090301e+00
1.433315039634704524e+00
1.431864324808120648e+00
1.430751591920852661e+00
1.432976948738098111e+00
1.434532416105270380e+00
1.427010853052139261e+00
1.434875687122344923e+00
1.427390285730361974e+00
1.430913105964660703e+00
1.429508962631225621e+00
1.433432369709014997e+00
1.434479539871215792e+00
1.425613877534866347e+00
1.432025552272796709e+00
1.432307760477065983e+00
1.428068567752838192e+00
1.434518079757690412e+00
1.430304547071456822e+00
1.431924170494079496e+00
1.429172052145004201e+00
1.431258845806121727e+00
1.423114589214324877e+00
1.426407853364944467e+00
1.426122954607009996e+00
1.420705936193466190e+00
1.427993463039398225e+00
1.424181946754455641e+00
1.425100114107131999e+00
1.427561932563781832e+00
1.430579797744750969e+00
1.426347145318984877e+00
1.422435756921768268e+00
1.420890253782272294e+00
1.425358295440673828e+00
1.421255025148391749e+00
1.420853546142578194e+00
1.424469225168228048e+00
1.428374720573425183e+00
1.427555572986602739e+00
1.422938678979873695e+00
1.428308635950088501e+00
1.422429337739944399e+00
1.417370807170867941e+00
1.421093429088592597e+00
1.420264791488647482e+00
1.422762208223342872e+00
1.423958230733871400e+00
1.421564642429351766e+00
1.425957253217697174e+00
1.420599198102951100e+00
1.420517722129821747e+00
1.415753247737884468e+00
1.421373412370681821e+00
1.416752455234527641e+00
1.421272948026657046e+00
1.413314836025238108e+00
1.417122910737991237e+00
1.413073814868927025e+00
1.416251043558120815e+00
1.418211627960205057e+00
1.415071908712387083e+00
1.416170926094055149e+00
1.420281668901443473e+00
1.420064823865890613e+00
1.419455472469329793e+00
1.418973289012908978e+00
1.416017396211624035e+00
1.416736452102661081e+00
1.418365543842315724e+00
1.418933964490890487e+00
1.414348297595977799e+00
1.415134295701980571e+00
1.418211848735809300e+00
1.415681082010269209e+00
1.414967600345611531e+00
1.416412954807281466e+00
1.418572038412094116e+00
1.418488355398178191e+00
1.411637114524841419e+00
1.413901156663894598e+00
1.415241888999938968e+00
1.419117187738418551e+00
1.411936450004577681e+00
1.414460184812545762e+00
1.411534251928329375e+00
1.416622182369232208e+00
1.414140770196914643e+00
1.408291531324386670e+00
1.409825003862380965e+00
1.408260668754577560e+00
1.408634577751159744e+00
1.413181994438171385e+00
1.412082391262054371e+00
1.414119502544403106e+00
1.409930167913436838e+00
1.409384212255477831e+00
1.408450790166854816e+00
1.409696155071258561e+00
1.410879760265350447e+00
1.406490704298019478e+00
1.417044975042343058e+00
1.410281719684600921e+00
1.412367352008819577e+00
1.407226594448089507e+00
1.405082221508026086e+00
1.410035876750945993e+00
1.405809267759323022e+00
1.406766206026077271e+00
1.403576395273208544e+00
1.411467565536498991e+00
1.404932900190353440e+00
1.408249176263809188e+00
1.410426148414611891e+00
1.412113056182861426e+00
1.406575751781463657e+00
1.408152833223342837e+00
1.407547081708908188e+00
1.405230821847915701e+00
1.407606020450592021e+00
1.407463798761367846e+00
1.404398181676864699e+00
1.408000532627105672e+00
1.408096952915191657e+00
1.411019282102584871e+00
1.404163668632507411e+00
1.403547840356826892e+00
1.402615929126739491e+00
1.405016647577285838e+00
1.410327594757080139e+00
1.404657336473464913e+00
1.404345166206359963e+00
1.407574623346328657e+00
1.402748669862747155e+00
1.404355061531066928e+00
1.411258689165115321e+00
1.403271404266357436e+00
1.401010893821716286e+00
1.408356318473815927e+00
1.402551002979278483e+00
1.403303304433822563e+00
1.402526680469512899e+00
1.402477736949920617e+00
1.399436197757720990e+00
1.402229439735412697e+00
1.403842388153076159e+00
1.402032768726348966e+00
1.402783636331558226e+00
1.398584987640380861e+00
1.401825127601623588e+00
1.404022197008133022e+00
1.401557280063629118e+00
1.405000384807586711e+00
1.403173335790634191e+00
1.400265345096588065e+00
1.403165313005447334e+00
1.399782405614852898e+00
1.402382417440414475e+00
1.401482434988021941e+00
1.399397923231124885e+00
1.400833322048187224e+00
1.398717845201492338e+00
1.400294248104095418e+00
1.398611105918884379e+00
1.404554838895797797e+00
1.403620701074600241e+00
1.399714584350586044e+00
1.394696183681487955e+00
1.401771058082580623e+00
1.404930939197540196e+00
1.395527624845504855e+00
1.400195909738540578e+00
1.396927373170852693e+00
1.396046977281570456e+00
1.399671877384185859e+00
1.398705014944076508e+00
1.397457028865814133e+00
1.401387945413589575e+00
1.395485076189041163e+00
1.397103888511657788e+00
1.393485904932022068e+00
1.403256963014602565e+00
1.395861838102340657e+00
1.395513989210128702e+00
1.398173359394073501e+00
1.395708038806915186e+00
1.391633933782577603e+00
1.398352823972702108e+00
1.401489176988601759e+00
1.395154890298843320e+00
1.394893416166305578e+00
1.395030750036239553e+00
1.391191231012344431e+00
1.397036685228347785e+00
1.398160459756851104e+00
1.392814689874648959e+00
1.397368278264999431e+00
1.396509137153625568e+00
1.389914939880371181e+00
1.398070647239685105e+00
1.392954414367675753e+00
1.396483543634414737e+00
1.391855203151702858e+00
1.399527027368545617e+00
1.388948683738708390e+00
1.394586902618408120e+00
1.395066403388977028e+00
1.393480924606323335e+00
1.390558883190154971e+00
1.396907858133316083e+00
1.390505493402480974e+00
1.395532044649124170e+00
1.389031191110611019e+00
1.392410180330276415e+00
1.396382460832595873e+00
1.395817045927047806e+00
1.393121120929718071e+00
1.392156832218170104e+00
1.397938833951950066e+00
1.392970322370529201e+00
1.395512037277221618e+00
1.386634265184402359e+00
1.390240786552429109e+00
1.398587739229202320e+00
1.391045842885971107e+00
1.392256177902221781e+00
1.389388891458511299e+00
1.392959980010986420e+00
1.385996173620223981e+00
1.392286879062652583e+00
1.391377578258514491e+00
1.390135499954223697e+00
1.388106149673461909e+00
1.393266216278076230e+00
1.390783274888992338e+00
1.397098762989044118e+00
1.390701666831970273e+00
1.393304354667663558e+00
1.390533002138137908e+00
1.387738384246826273e+00
1.390280033111572333e+00
1.391196963548660293e+00
1.388209968805313110e+00
1.388713454961776783e+00
1.390567215204238982e+00
1.384497726917266913e+00
1.381142472743988048e+00
1.388502079248428389e+00
1.385625865221023600e+00
1.390036880254745588e+00
1.389238853454589862e+00
1.387353529453277501e+00
1.391514881134033210e+00
1.389437298059463588e+00
1.387643353223800613e+00
1.389332633018493635e+00
1.387015158653259306e+00
1.388045782804489203e+00
1.383795810222625766e+00
1.382626481533050455e+00
1.394707681655883880e+00
1.387403830528259219e+00
1.387284845829009905e+00
1.384407516002654992e+00
1.388560872554779113e+00
1.388946465253829921e+00
1.391690165996551487e+00
1.384303143262863189e+00
1.393211902618408216e+00
1.385850181698799144e+00
1.382544065952300949e+00
1.388616437435150175e+00
1.382995853900909511e+00
1.384543657302856445e+00
1.386998442649841401e+00
1.381491865396499596e+00
1.389381702423095666e+00
1.385596468210220422e+00
1.386137321710586567e+00
1.385290041685104390e+00
1.381152866363525300e+00
1.384480587005615160e+00
1.383947116374969477e+00
1.387059379100799461e+00
1.385460994482040409e+00
1.382116123914718608e+00
1.384057388067245542e+00
1.385204801321029633e+00
1.386114083528518615e+00
1.383828764915466358e+00
1.385142656326293853e+00
1.386000668764114430e+00
1.382821574687957744e+00
1.384057916641235453e+00
1.383238320112228470e+00
1.384255493879318344e+00
1.381426078796386792e+00
1.383872394084930457e+00
1.384481167793274015e+00
1.378612131357193071e+00
1.385190027475357022e+00
1.379980796337127780e+00
1.381056969165801895e+00
1.384633774280548124e+00
1.383835602045059288e+00
1.378397537469863821e+00
1.384527196168899632e+00
1.383723945379257136e+00
1.383770494937896833e+00
1.379824480533599962e+00
1.382420731544494519e+00
1.373168014764785783e+00
1.382078032493591291e+00
1.381483152627944966e+00
1.380848801136016935e+00
1.377819348812103328e+00
1.379732403755187908e+00
1.382369758367538504e+00
1.381121939659118558e+00
1.382916264295577902e+00
1.375878152847290092e+00
1.377386695623397772e+00
1.378391914606094337e+00
1.380937030792236397e+00
1.383211133718490693e+00
1.379026964426040669e+00
1.382025206804275541e+00
1.377854408264160169e+00
1.381251545906066802e+00
1.380610840797424244e+00
1.380910264015197786e+00
1.381733805179595986e+00
1.378384888648986895e+00
1.378104436516761844e+00
1.379768171072006222e+00
1.379449044466018570e+00
1.384537388563156224e+00
1.376266264438629205e+00
1.378914284229278531e+00
1.381115877389907931e+00
1.380482034921646228e+00
1.373222567558288532e+00
1.381088023900985728e+00
1.379305078029632536e+00
