2.562200129032135010e-01
2.825999855995178223e-01
2.953999936580657959e-01
3.030799925327301025e-01
3.120599985122680664e-01
3.217999935150146484e-01
3.232800066471099854e-01
3.295800089836120605e-01
3.288800120353698730e-01
3.320200145244598389e-01
3.355199992656707764e-01
3.389999866485595703e-01
3.412399888038635254e-01
3.414399921894073486e-01
3.370800018310546875e-01
3.391799926757812500e-01
3.391399979591369629e-01
3.408400118350982666e-01
3.434199988842010498e-01
3.393799960613250732e-01
3.375200033187866211e-01
3.342599868774414062e-01
3.372600078582763672e-01
3.314799964427947998e-01
3.292799890041351318e-01
3.171400129795074463e-01
3.140799999237060547e-01
3.022400140762329102e-01
2.946000099182128906e-01
2.848599851131439209e-01
2.731400132179260254e-01
2.671999931335449219e-01
2.459799945354461670e-01
2.375600039958953857e-01
2.151000052690505981e-01
1.967799961566925049e-01
1.723600029945373535e-01
1.439599990844726562e-01
1.231599971652030945e-01
1.079000011086463928e-01
1.123000010848045349e-01
1.080399975180625916e-01
1.087400019168853760e-01
1.067200005054473877e-01
1.061000004410743713e-01
1.035199984908103943e-01
1.004000008106231689e-01
1.022799983620643616e-01
9.811999648809432983e-02
1.007400006055831909e-01
1.025800034403800964e-01
1.017400026321411133e-01
9.969999641180038452e-02
1.026199981570243835e-01
1.002399995923042297e-01
1.005799993872642517e-01
1.022199988365173340e-01
1.016400009393692017e-01
1.006999984383583069e-01
1.005000025033950806e-01
9.960000216960906982e-02
1.005799993872642517e-01
1.023999974131584167e-01
1.025199964642524719e-01
9.982000291347503662e-02
9.880000352859497070e-02
1.014399975538253784e-01
1.015599966049194336e-01
1.005600020289421082e-01
9.780000150203704834e-02
9.905999898910522461e-02
1.001399978995323181e-01
9.842000156641006470e-02
1.000799983739852905e-01
1.026000007987022400e-01
9.774000197649002075e-02
9.997999668121337891e-02
9.967999905347824097e-02
1.012799963355064392e-01
1.006200015544891357e-01
1.008000001311302185e-01
1.029599979519844055e-01
9.969999641180038452e-02
9.803999960422515869e-02
9.914000332355499268e-02
1.018999963998794556e-01
1.023999974131584167e-01
9.954000264406204224e-02
9.871999919414520264e-02
9.746000170707702637e-02
1.009799987077713013e-01
1.007599979639053345e-01
1.008799970149993896e-01
1.022000014781951904e-01
1.033800020813941956e-01
9.988000243902206421e-02
9.972000122070312500e-02
1.001600027084350586e-01
9.864000231027603149e-02
9.995999932289123535e-02
1.013199985027313232e-01
1.018399968743324280e-01
9.893999993801116943e-02
1.000400036573410034e-01
9.799999743700027466e-02
1.013600006699562073e-01
1.016400009393692017e-01
9.985999763011932373e-02
9.960000216960906982e-02
9.588000178337097168e-02
1.005000025033950806e-01
9.939999878406524658e-02
1.020200029015541077e-01
1.034199967980384827e-01
9.994000196456909180e-02
1.003199964761734009e-01
9.572000056505203247e-02
1.013000011444091797e-01
1.002399995923042297e-01
9.805999696254730225e-02
9.976000338792800903e-02
9.960000216960906982e-02
1.024200022220611572e-01
9.826000034809112549e-02
9.849999845027923584e-02
9.910000115633010864e-02
9.826000034809112549e-02
1.018000021576881409e-01
1.009600013494491577e-01
9.764000028371810913e-02
1.013600006699562073e-01
1.003800034523010254e-01
1.010999977588653564e-01
1.008199974894523621e-01
1.030599996447563171e-01
1.002800017595291138e-01
9.922000020742416382e-02
1.029400005936622620e-01
1.009000018239021301e-01
1.012400016188621521e-01
9.907999634742736816e-02
1.001200005412101746e-01
1.015599966049194336e-01
9.954000264406204224e-02
9.907999634742736816e-02
9.979999810457229614e-02
9.950000047683715820e-02
9.957999736070632935e-02
9.989999979734420776e-02
9.976000338792800903e-02
9.827999770641326904e-02
1.002599969506263733e-01
1.009199991822242737e-01
1.015999987721443176e-01
1.015999987721443176e-01
9.852000325918197632e-02
1.004799976944923401e-01
1.000799983739852905e-01
1.017199978232383728e-01
1.027000024914741516e-01
1.008199974894523621e-01
1.007200032472610474e-01
9.815999865531921387e-02
9.877999871969223022e-02
1.014000028371810913e-01
9.877999871969223022e-02
9.969999641180038452e-02
1.005999967455863953e-01
1.003199964761734009e-01
1.009000018239021301e-01
1.004000008106231689e-01
9.889999777078628540e-02
9.769999980926513672e-02
1.009600013494491577e-01
9.972000122070312500e-02
1.001399978995323181e-01
1.011599972844123840e-01
1.032600030303001404e-01
9.882000088691711426e-02
1.013799980282783508e-01
1.010600030422210693e-01
9.976000338792800903e-02
1.012799963355064392e-01
1.002999991178512573e-01
1.008400022983551025e-01
9.973999857902526855e-02
9.963999688625335693e-02
9.867999702692031860e-02
9.873999655246734619e-02
9.808000177145004272e-02
1.023399978876113892e-01
9.984000027179718018e-02
1.001600027084350586e-01
1.022400036454200745e-01
9.948000311851501465e-02
9.916000068187713623e-02
1.040600016713142395e-01
9.951999783515930176e-02
1.013799980282783508e-01
9.893999993801116943e-02
9.855999797582626343e-02
1.008199974894523621e-01
9.922000020742416382e-02
1.011200025677680969e-01
1.024999991059303284e-01
1.000600010156631470e-01
1.016200035810470581e-01
1.004400029778480530e-01
1.024999991059303284e-01
1.014999970793724060e-01
1.000000014901161194e-01
1.011200025677680969e-01
1.012799963355064392e-01
9.898000210523605347e-02
9.929999709129333496e-02
1.010600030422210693e-01
9.871999919414520264e-02
9.935999661684036255e-02
1.002599969506263733e-01
1.001200005412101746e-01
1.011999994516372681e-01
1.021799966692924500e-01
1.040600016713142395e-01
9.969999641180038452e-02
1.025599986314773560e-01
1.000600010156631470e-01
9.989999979734420776e-02
1.005000025033950806e-01
1.010399982333183289e-01
1.008599996566772461e-01
1.009799987077713013e-01
9.995999932289123535e-02
1.000799983739852905e-01
9.799999743700027466e-02
1.005600020289421082e-01
1.002399995923042297e-01
1.009399965405464172e-01
1.001399978995323181e-01
9.820000082254409790e-02
9.948000311851501465e-02
1.012199968099594116e-01
1.005999967455863953e-01
9.961999952793121338e-02
1.000400036573410034e-01
1.008400022983551025e-01
9.886000305414199829e-02
1.004799976944923401e-01
9.969999641180038452e-02
1.013600006699562073e-01
9.899999946355819702e-02
1.006999984383583069e-01
9.954000264406204224e-02
1.013400033116340637e-01
9.920000284910202026e-02
1.010999977588653564e-01
9.961999952793121338e-02
1.001399978995323181e-01
9.997999668121337891e-02
9.839999675750732422e-02
9.942000359296798706e-02
9.916000068187713623e-02
9.923999756574630737e-02
1.004000008106231689e-01
9.939999878406524658e-02
1.014000028371810913e-01
1.001999974250793457e-01
9.932000190019607544e-02
1.006800010800361633e-01
1.005399972200393677e-01
1.019999980926513672e-01
1.009199991822242737e-01
1.015999987721443176e-01
9.864000231027603149e-02
9.935999661684036255e-02
9.994000196456909180e-02
9.808000177145004272e-02
9.895999729633331299e-02
9.944000095129013062e-02
9.914000332355499268e-02
9.858000278472900391e-02
9.991999715566635132e-02
9.982000291347503662e-02
1.005799993872642517e-01
9.895999729633331299e-02
9.961999952793121338e-02
9.945999830961227417e-02
9.904000163078308105e-02
9.905999898910522461e-02
1.011999994516372681e-01
9.756000339984893799e-02
1.003800034523010254e-01
1.020599976181983948e-01
1.017400026321411133e-01
1.014200001955032349e-01
1.011999994516372681e-01
9.867999702692031860e-02
1.011800020933151245e-01
9.901999682188034058e-02
1.015800014138221741e-01
1.015399992465972900e-01
1.014399975538253784e-01
1.024599969387054443e-01
1.010999977588653564e-01
1.023999974131584167e-01
9.888000041246414185e-02
9.833999723196029663e-02
1.009199991822242737e-01
9.759999811649322510e-02
9.985999763011932373e-02
9.967999905347824097e-02
9.753999859094619751e-02
1.002599969506263733e-01
9.722000360488891602e-02
1.011599972844123840e-01
9.907999634742736816e-02
9.837999939918518066e-02
9.865999966859817505e-02
1.019200012087821960e-01
9.898000210523605347e-02
9.920000284910202026e-02
1.039799973368644714e-01
1.023600026965141296e-01
1.012400016188621521e-01
1.011599972844123840e-01
1.002800017595291138e-01
1.013000011444091797e-01
9.907999634742736816e-02
9.985999763011932373e-02
1.012799963355064392e-01
9.917999804019927979e-02
9.691999852657318115e-02
9.730000048875808716e-02
9.827999770641326904e-02
1.010600030422210693e-01
1.000600010156631470e-01
9.901999682188034058e-02
9.886000305414199829e-02
1.001800000667572021e-01
1.010000035166740417e-01
9.842000156641006470e-02
1.012599989771842957e-01
1.000600010156631470e-01
9.938000142574310303e-02
1.015599966049194336e-01
9.820000082254409790e-02
1.007599979639053345e-01
9.994000196456909180e-02
1.020800024271011353e-01
1.007599979639053345e-01
1.012199968099594116e-01
1.016800031065940857e-01
9.933999925851821899e-02
9.858000278472900391e-02
9.932000190019607544e-02
9.911999851465225220e-02
9.762000292539596558e-02
9.756000339984893799e-02
9.725999832153320312e-02
9.982000291347503662e-02
1.019999980926513672e-01
1.007400006055831909e-01
1.001999974250793457e-01
1.019600033760070801e-01
1.013400033116340637e-01
9.969999641180038452e-02
1.005000025033950806e-01
9.911999851465225220e-02
1.010999977588653564e-01
9.486000239849090576e-02
1.005199998617172241e-01
9.892000257968902588e-02
9.978000074625015259e-02
1.005199998617172241e-01
9.979999810457229614e-02
1.001399978995323181e-01
1.000799983739852905e-01
1.009199991822242737e-01
1.003599986433982849e-01
9.938000142574310303e-02
1.023000031709671021e-01
1.017400026321411133e-01
1.003800034523010254e-01
1.006200015544891357e-01
9.905999898910522461e-02
9.858000278472900391e-02
1.003400012850761414e-01
1.014799997210502625e-01
9.865999966859817505e-02
9.966000169515609741e-02
9.826000034809112549e-02
9.938000142574310303e-02
1.010999977588653564e-01
9.876000136137008667e-02
1.005999967455863953e-01
9.669999778270721436e-02
1.025599986314773560e-01
1.009399965405464172e-01
9.861999750137329102e-02
9.746000170707702637e-02
9.907999634742736816e-02
9.768000245094299316e-02
1.001999974250793457e-01
9.932000190019607544e-02
9.967999905347824097e-02
1.005799993872642517e-01
9.989999979734420776e-02
9.820000082254409790e-02
1.001600027084350586e-01
9.957999736070632935e-02
1.000600010156631470e-01
9.929999709129333496e-02
9.904000163078308105e-02
9.839999675750732422e-02
9.929999709129333496e-02
1.000600010156631470e-01
1.016599982976913452e-01
1.020599976181983948e-01
1.007200032472610474e-01
1.010800004005432129e-01
9.961999952793121338e-02
1.014799997210502625e-01
1.013400033116340637e-01
9.722000360488891602e-02
9.848000109195709229e-02
9.984000027179718018e-02
9.989999979734420776e-02
1.017599999904632568e-01
1.011599972844123840e-01
9.914000332355499268e-02
1.010800004005432129e-01
9.967999905347824097e-02
9.871999919414520264e-02
9.867999702692031860e-02
1.003400012850761414e-01
9.948000311851501465e-02
9.815999865531921387e-02
1.012400016188621521e-01
9.973999857902526855e-02
9.966000169515609741e-02
1.027600020170211792e-01
9.989999979734420776e-02
9.985999763011932373e-02
9.935999661684036255e-02
1.018600016832351685e-01
9.935999661684036255e-02
1.003800034523010254e-01
1.000400036573410034e-01
1.012599989771842957e-01
9.976000338792800903e-02
1.001200005412101746e-01
9.837999939918518066e-02
1.008400022983551025e-01
1.032800003886222839e-01
9.889999777078628540e-02
9.886000305414199829e-02
1.006600037217140198e-01
1.009600013494491577e-01
1.023600026965141296e-01
9.951999783515930176e-02
1.008599996566772461e-01
9.747999906539916992e-02
1.022199988365173340e-01
9.950000047683715820e-02
1.015999987721443176e-01
1.015200018882751465e-01
1.009799987077713013e-01
9.969999641180038452e-02
1.036999970674514771e-01
1.004400029778480530e-01
9.994000196456909180e-02
1.001600027084350586e-01
9.892000257968902588e-02
1.008799970149993896e-01
1.036399975419044495e-01
1.001000031828880310e-01
9.978000074625015259e-02
1.008799970149993896e-01
9.725999832153320312e-02
9.855999797582626343e-02
9.951999783515930176e-02
1.016200035810470581e-01
9.826000034809112549e-02
1.001999974250793457e-01
9.911999851465225220e-02
1.007400006055831909e-01
1.015999987721443176e-01
9.830000251531600952e-02
1.002599969506263733e-01
9.914000332355499268e-02
1.001800000667572021e-01
9.860000014305114746e-02
9.821999818086624146e-02
9.591999650001525879e-02
9.967999905347824097e-02
1.001200005412101746e-01
9.926000237464904785e-02
1.000600010156631470e-01
1.008799970149993896e-01
1.000199988484382629e-01
9.843999892473220825e-02
