2.248400002717971802e-01
3.105599880218505859e-01
3.354200124740600586e-01
3.540399968624114990e-01
3.686999976634979248e-01
3.773599863052368164e-01
3.830200135707855225e-01
3.890399932861328125e-01
3.951599895954132080e-01
4.026600122451782227e-01
4.050199985504150391e-01
4.072400033473968506e-01
4.116800129413604736e-01
4.154799878597259521e-01
4.136399924755096436e-01
4.190999865531921387e-01
4.226399958133697510e-01
4.214800000190734863e-01
4.275799989700317383e-01
4.281199872493743896e-01
4.284000098705291748e-01
4.316200017929077148e-01
4.370799958705902100e-01
4.368200004100799561e-01
4.350000023841857910e-01
4.366599917411804199e-01
4.402999877929687500e-01
4.426800012588500977e-01
4.416599869728088379e-01
4.423399865627288818e-01
4.412600100040435791e-01
4.438199996948242188e-01
4.484800100326538086e-01
4.498800039291381836e-01
4.479599893093109131e-01
4.517799913883209229e-01
4.509199857711791992e-01
4.554600119590759277e-01
4.509600102901458740e-01
4.529600143432617188e-01
4.578399956226348877e-01
4.553599953651428223e-01
4.569199979305267334e-01
4.585599899291992188e-01
4.548799991607666016e-01
4.579800069332122803e-01
4.580200016498565674e-01
4.611600041389465332e-01
4.600200057029724121e-01
4.631800055503845215e-01
4.629800021648406982e-01
4.629600048065185547e-01
4.626199901103973389e-01
4.663200080394744873e-01
4.635199904441833496e-01
4.680399894714355469e-01
4.680800139904022217e-01
4.659799933433532715e-01
4.658400118350982666e-01
4.686399996280670166e-01
4.692600071430206299e-01
4.693399965763092041e-01
4.688600003719329834e-01
4.701400101184844971e-01
4.717200100421905518e-01
4.704799950122833252e-01
4.727599918842315674e-01
4.720200002193450928e-01
4.697799980640411377e-01
4.724600017070770264e-01
4.761199951171875000e-01
4.737200140953063965e-01
4.776400029659271240e-01
4.739199876785278320e-01
4.737400114536285400e-01
4.760600030422210693e-01
4.788199961185455322e-01
4.770199954509735107e-01
4.735000133514404297e-01
4.767599999904632568e-01
4.804599881172180176e-01
4.765799939632415771e-01
4.781199991703033447e-01
4.789800047874450684e-01
4.802399873733520508e-01
4.794400036334991455e-01
4.800400137901306152e-01
4.814000129699707031e-01
4.809199869632720947e-01
4.789600074291229248e-01
4.809800088405609131e-01
4.799399971961975098e-01
4.777800142765045166e-01
4.822599887847900391e-01
4.845600128173828125e-01
4.816400110721588135e-01
4.802800118923187256e-01
4.813599884510040283e-01
4.823600053787231445e-01
4.837400019168853760e-01
4.798200130462646484e-01
4.828200042247772217e-01
4.852600097656250000e-01
4.796400070190429688e-01
4.832200109958648682e-01
4.824599921703338623e-01
4.836600124835968018e-01
4.815799891948699951e-01
4.859400093555450439e-01
4.853599965572357178e-01
4.881600141525268555e-01
4.890399873256683350e-01
4.858599901199340820e-01
4.872199892997741699e-01
4.876399934291839600e-01
4.873000085353851318e-01
4.847199916839599609e-01
4.906800091266632080e-01
4.872600138187408447e-01
4.898200035095214844e-01
4.869000017642974854e-01
4.887799918651580811e-01
4.886800050735473633e-01
4.877800047397613525e-01
4.882999956607818604e-01
4.899199903011322021e-01
4.883800148963928223e-01
4.921399950981140137e-01
4.875400066375732422e-01
4.888400137424468994e-01
4.869000017642974854e-01
4.914200007915496826e-01
4.906400144100189209e-01
4.935199916362762451e-01
4.923799932003021240e-01
4.904600083827972412e-01
4.917599856853485107e-01
4.922600090503692627e-01
4.928399920463562012e-01
4.918400049209594727e-01
4.919799864292144775e-01
4.890800118446350098e-01
4.908199906349182129e-01
4.926599860191345215e-01
4.936400055885314941e-01
4.944399893283843994e-01
4.925400018692016602e-01
4.939399957656860352e-01
4.893200099468231201e-01
4.935599863529205322e-01
4.938200116157531738e-01
4.937599897384643555e-01
4.931600093841552734e-01
4.944399893283843994e-01
4.931400120258331299e-01
4.941599965095520020e-01
4.928799867630004883e-01
4.966399967670440674e-01
4.982999861240386963e-01
4.956400096416473389e-01
4.966999888420104980e-01
4.940600097179412842e-01
4.949600100517272949e-01
4.996599853038787842e-01
4.971800148487091064e-01
4.945999979972839355e-01
4.944800138473510742e-01
5.002999901771545410e-01
4.912999868392944336e-01
4.957799911499023438e-01
4.990600049495697021e-01
4.942199885845184326e-01
4.965800046920776367e-01
4.977400004863739014e-01
4.968599975109100342e-01
4.993000030517578125e-01
4.978199899196624756e-01
4.964199960231781006e-01
4.979600012302398682e-01
4.967199862003326416e-01
4.994800090789794922e-01
5.009999871253967285e-01
4.979600012302398682e-01
4.974800050258636475e-01
4.983200132846832275e-01
4.972600042819976807e-01
4.986799955368041992e-01
4.990200102329254150e-01
4.990600049495697021e-01
5.001199841499328613e-01
4.992800056934356689e-01
4.971199929714202881e-01
4.988000094890594482e-01
4.999600052833557129e-01
4.997000098228454590e-01
5.003399848937988281e-01
5.002200007438659668e-01
5.019599795341491699e-01
5.017200112342834473e-01
5.008599758148193359e-01
5.029000043869018555e-01
4.996399879455566406e-01
5.016400218009948730e-01
5.001199841499328613e-01
5.013399720191955566e-01
5.012599825859069824e-01
5.040000081062316895e-01
5.000799894332885742e-01
5.020999908447265625e-01
5.007200241088867188e-01
5.022799968719482422e-01
5.012000203132629395e-01
5.037199854850769043e-01
5.050399899482727051e-01
5.024399757385253906e-01
5.006800293922424316e-01
5.048000216484069824e-01
5.048999786376953125e-01
5.022799968719482422e-01
5.029199719429016113e-01
5.025600194931030273e-01
5.020400285720825195e-01
5.023800134658813477e-01
5.024399757385253906e-01
5.047000050544738770e-01
5.023800134658813477e-01
5.021399855613708496e-01
5.053399801254272461e-01
5.034400224685668945e-01
5.087199807167053223e-01
5.024200081825256348e-01
5.038200020790100098e-01
5.039399862289428711e-01
5.026199817657470703e-01
5.050399899482727051e-01
5.046200156211853027e-01
5.034000277519226074e-01
5.056999921798706055e-01
5.058000087738037109e-01
5.026000142097473145e-01
5.012599825859069824e-01
5.044800043106079102e-01
5.067600011825561523e-01
5.042200088500976562e-01
5.041599869728088379e-01
5.046399831771850586e-01
5.078999996185302734e-01
5.068399906158447266e-01
5.056800246238708496e-01
5.071600079536437988e-01
5.047199726104736328e-01
5.085399746894836426e-01
5.035200119018554688e-01
5.047000050544738770e-01
5.057200193405151367e-01
5.042799711227416992e-01
5.095000267028808594e-01
5.072399973869323730e-01
5.040199756622314453e-01
5.084000229835510254e-01
5.081800222396850586e-01
5.041400194168090820e-01
5.073000192642211914e-01
5.056999921798706055e-01
5.046600103378295898e-01
5.041800141334533691e-01
5.081200003623962402e-01
5.052000284194946289e-01
5.043200254440307617e-01
5.084800124168395996e-01
5.079200267791748047e-01
5.081999897956848145e-01
5.058799982070922852e-01
5.042200088500976562e-01
5.058000087738037109e-01
5.110800266265869141e-01
5.088599920272827148e-01
5.080199837684631348e-01
5.076199769973754883e-01
5.084800124168395996e-01
5.078399777412414551e-01
5.097600221633911133e-01
5.077199935913085938e-01
5.086399912834167480e-01
5.088999867439270020e-01
5.103800296783447266e-01
5.095199942588806152e-01
5.078799724578857422e-01
5.054799914360046387e-01
5.090399980545043945e-01
5.096600055694580078e-01
5.044199824333190918e-01
5.109599828720092773e-01
5.078399777412414551e-01
5.079600214958190918e-01
5.069800019264221191e-01
5.102000236511230469e-01
5.084999799728393555e-01
5.091400146484375000e-01
5.091800093650817871e-01
5.092999935150146484e-01
5.102199912071228027e-01
5.080199837684631348e-01
5.113000273704528809e-01
5.083199739456176758e-01
5.067600011825561523e-01
5.098199844360351562e-01
5.112199783325195312e-01
5.095599889755249023e-01
5.100600123405456543e-01
5.090399980545043945e-01
5.092200040817260742e-01
5.101600289344787598e-01
5.091400146484375000e-01
5.109800100326538086e-01
5.121999979019165039e-01
5.104200243949890137e-01
5.088999867439270020e-01
5.101199746131896973e-01
5.092599987983703613e-01
5.110200047492980957e-01
5.093600153923034668e-01
5.140200257301330566e-01
5.116800069808959961e-01
5.102000236511230469e-01
5.102000236511230469e-01
5.109800100326538086e-01
5.107399821281433105e-01
5.095400214195251465e-01
5.119600296020507812e-01
5.126000046730041504e-01
5.134599804878234863e-01
5.087199807167053223e-01
5.100600123405456543e-01
5.109199881553649902e-01
5.118399858474731445e-01
5.099400281906127930e-01
5.134199857711791992e-01
5.128399729728698730e-01
5.135599970817565918e-01
5.106199979782104492e-01
5.104600191116333008e-01
5.127800107002258301e-01
5.127000212669372559e-01
5.113000273704528809e-01
5.097799897193908691e-01
5.101199746131896973e-01
5.137199759483337402e-01
5.118600130081176758e-01
5.099800229072570801e-01
5.138599872589111328e-01
5.164399743080139160e-01
5.149199962615966797e-01
5.109400153160095215e-01
5.142999887466430664e-01
5.129799842834472656e-01
5.125200152397155762e-01
5.103600025177001953e-01
5.138400197029113770e-01
5.117599964141845703e-01
5.124800205230712891e-01
5.148199796676635742e-01
5.137599706649780273e-01
5.113199949264526367e-01
5.150200128555297852e-01
5.133200287818908691e-01
5.163599848747253418e-01
5.128999948501586914e-01
5.127800107002258301e-01
5.166800022125244141e-01
5.143200159072875977e-01
5.151000022888183594e-01
5.180199742317199707e-01
5.134400129318237305e-01
5.163599848747253418e-01
5.140200257301330566e-01
5.163599848747253418e-01
5.101000070571899414e-01
5.128200054168701172e-01
5.147600173950195312e-01
5.153200030326843262e-01
5.148400068283081055e-01
5.127999782562255859e-01
5.130199790000915527e-01
5.155599713325500488e-01
5.148000121116638184e-01
5.134000182151794434e-01
5.189399719238281250e-01
5.159199833869934082e-01
5.135599970817565918e-01
5.163199901580810547e-01
5.182600021362304688e-01
5.155799984931945801e-01
5.159599781036376953e-01
5.163599848747253418e-01
5.180000066757202148e-01
5.155000090599060059e-01
5.164999961853027344e-01
5.138599872589111328e-01
5.156199932098388672e-01
5.154600143432617188e-01
5.170800089836120605e-01
5.177400112152099609e-01
5.161200165748596191e-01
5.157600045204162598e-01
5.137799978256225586e-01
5.151799917221069336e-01
5.160199999809265137e-01
5.175200104713439941e-01
5.179600119590759277e-01
5.181000232696533203e-01
5.174800157546997070e-01
5.164800286293029785e-01
5.147399902343750000e-01
5.192999839782714844e-01
5.173400044441223145e-01
5.166800022125244141e-01
5.177599787712097168e-01
5.159000158309936523e-01
5.135599970817565918e-01
5.152999758720397949e-01
5.145400166511535645e-01
5.173400044441223145e-01
5.180000066757202148e-01
5.168200135231018066e-01
5.185400247573852539e-01
5.190200209617614746e-01
5.165399909019470215e-01
5.164999961853027344e-01
5.148800015449523926e-01
5.163000226020812988e-01
5.155000090599060059e-01
5.179200172424316406e-01
5.178200006484985352e-01
5.160999894142150879e-01
5.169799923896789551e-01
5.170599818229675293e-01
5.190200209617614746e-01
5.154200196266174316e-01
5.189800262451171875e-01
5.188599824905395508e-01
5.175200104713439941e-01
5.135999917984008789e-01
5.170400142669677734e-01
5.174599885940551758e-01
5.184199810028076172e-01
5.175999999046325684e-01
5.179600119590759277e-01
5.192400217056274414e-01
5.174199938774108887e-01
5.168600082397460938e-01
5.181000232696533203e-01
5.199599862098693848e-01
5.194399952888488770e-01
5.197200179100036621e-01
5.192000269889831543e-01
5.173599720001220703e-01
5.184800028800964355e-01
5.169799923896789551e-01
5.172200202941894531e-01
5.163999795913696289e-01
5.191400051116943359e-01
5.173000097274780273e-01
5.180600285530090332e-01
5.192000269889831543e-01
5.215600132942199707e-01
5.170400142669677734e-01
5.189599990844726562e-01
5.202199816703796387e-01
5.171200037002563477e-01
5.199800133705139160e-01
5.193399786949157715e-01
5.176399946212768555e-01
5.188199877738952637e-01
5.171399712562561035e-01
5.191400051116943359e-01
5.216599702835083008e-01
5.155599713325500488e-01
5.184599757194519043e-01
5.220999717712402344e-01
5.175399780273437500e-01
5.176600217819213867e-01
5.195599794387817383e-01
5.216799974441528320e-01
5.191599726676940918e-01
5.184999704360961914e-01
5.177400112152099609e-01
5.184199810028076172e-01
5.206800103187561035e-01
5.170400142669677734e-01
5.218799710273742676e-01
5.202599763870239258e-01
5.193200111389160156e-01
5.197399854660034180e-01
5.206800103187561035e-01
5.213000178337097168e-01
5.194399952888488770e-01
5.199000239372253418e-01
5.190200209617614746e-01
5.227800011634826660e-01
