1.580200046300888062e-01
2.387800067663192749e-01
2.854399979114532471e-01
3.156200051307678223e-01
3.339599967002868652e-01
3.479399979114532471e-01
3.576999902725219727e-01
3.639599978923797607e-01
3.702600002288818359e-01
3.768599927425384521e-01
3.810200095176696777e-01
3.840999901294708252e-01
3.885999917984008789e-01
3.915399909019470215e-01
3.949800133705139160e-01
4.004200100898742676e-01
4.023799896240234375e-01
4.045999944210052490e-01
4.059000015258789062e-01
4.060600101947784424e-01
4.079599976539611816e-01
4.144400060176849365e-01
4.147000014781951904e-01
4.156799912452697754e-01
4.156599938869476318e-01
4.186399877071380615e-01
4.212599992752075195e-01
4.210399985313415527e-01
4.235199987888336182e-01
4.245400130748748779e-01
4.253999888896942139e-01
4.266999959945678711e-01
4.300200045108795166e-01
4.284799993038177490e-01
4.300000071525573730e-01
4.314399957656860352e-01
4.351600110530853271e-01
4.352599978446960449e-01
4.352000057697296143e-01
4.377999901771545410e-01
4.370799958705902100e-01
4.413999915122985840e-01
4.413799941539764404e-01
4.391199946403503418e-01
4.431400001049041748e-01
4.463199973106384277e-01
4.471200108528137207e-01
4.440400004386901855e-01
4.480600059032440186e-01
4.491800069808959961e-01
4.466800093650817871e-01
4.470599889755249023e-01
4.457800090312957764e-01
4.471000134944915771e-01
4.520600140094757080e-01
4.508799910545349121e-01
4.500199854373931885e-01
4.540799856185913086e-01
4.524199962615966797e-01
4.563199877738952637e-01
4.542399942874908447e-01
4.538600146770477295e-01
4.549799859523773193e-01
4.550200104713439941e-01
4.560799896717071533e-01
4.591200053691864014e-01
4.572600126266479492e-01
4.636999964714050293e-01
4.622200131416320801e-01
4.603399932384490967e-01
4.594599902629852295e-01
4.629400074481964111e-01
4.602800011634826660e-01
4.620999991893768311e-01
4.609999954700469971e-01
4.667200148105621338e-01
4.642800092697143555e-01
4.638000130653381348e-01
4.639399945735931396e-01
4.632000029087066650e-01
4.665000140666961670e-01
4.658600091934204102e-01
4.672999978065490723e-01
4.658200144767761230e-01
4.672000110149383545e-01
4.670599997043609619e-01
4.689199924468994141e-01
4.696399867534637451e-01
4.706200063228607178e-01
4.706400036811828613e-01
4.711199998855590820e-01
4.715799987316131592e-01
4.724000096321105957e-01
4.690800011157989502e-01
4.715400040149688721e-01
4.689599871635437012e-01
4.715000092983245850e-01
4.703199863433837891e-01
4.688600003719329834e-01
4.742200076580047607e-01
4.736799895763397217e-01
4.713799953460693359e-01
4.716799855232238770e-01
4.764199852943420410e-01
4.738399982452392578e-01
4.745599925518035889e-01
4.770799875259399414e-01
4.760000109672546387e-01
4.765799939632415771e-01
4.771000146865844727e-01
4.780200123786926270e-01
4.786800146102905273e-01
4.773199856281280518e-01
4.771000146865844727e-01
4.738200008869171143e-01
4.783399999141693115e-01
4.785400032997131348e-01
4.795599877834320068e-01
4.792200028896331787e-01
4.805600047111511230e-01
4.778400063514709473e-01
4.788799881935119629e-01
4.812600016593933105e-01
4.817799925804138184e-01
4.796999990940093994e-01
4.808799922466278076e-01
4.799199998378753662e-01
4.833999872207641602e-01
4.790399968624114990e-01
4.801999926567077637e-01
4.786399900913238525e-01
4.824999868869781494e-01
4.797999858856201172e-01
4.804599881172180176e-01
4.801200032234191895e-01
4.839000105857849121e-01
4.837999939918518066e-01
4.835399985313415527e-01
4.811600148677825928e-01
4.811600148677825928e-01
4.825200140476226807e-01
4.851599931716918945e-01
4.835200011730194092e-01
4.833199977874755859e-01
4.839800000190734863e-01
4.839999973773956299e-01
4.847599864006042480e-01
4.850000143051147461e-01
4.856199920177459717e-01
4.858399927616119385e-01
4.860799908638000488e-01
4.891799986362457275e-01
4.868800044059753418e-01
4.849599897861480713e-01
4.851199984550476074e-01
4.884400069713592529e-01
4.897800087928771973e-01
4.847599864006042480e-01
4.887399971485137939e-01
4.882999956607818604e-01
4.887599945068359375e-01
4.866000115871429443e-01
4.876799881458282471e-01
4.895400106906890869e-01
4.867999851703643799e-01
4.864400029182434082e-01
4.915199875831604004e-01
4.891400039196014404e-01
4.873600006103515625e-01
4.895800054073333740e-01
4.911200106143951416e-01
4.887199997901916504e-01
4.872800111770629883e-01
4.894399940967559814e-01
4.926199913024902344e-01
4.911200106143951416e-01
4.902400076389312744e-01
4.889799952507019043e-01
4.919399917125701904e-01
4.889999926090240479e-01
4.925000071525573730e-01
4.901799857616424561e-01
4.912999868392944336e-01
4.903999865055084229e-01
4.901799857616424561e-01
4.934400022029876709e-01
4.931800067424774170e-01
4.934400022029876709e-01
4.914000034332275391e-01
4.933399856090545654e-01
4.927600026130676270e-01
4.937199950218200684e-01
4.922600090503692627e-01
4.899800121784210205e-01
4.931800067424774170e-01
4.909999966621398926e-01
4.930599927902221680e-01
4.939000010490417480e-01
4.907999932765960693e-01
4.955999851226806641e-01
4.953800141811370850e-01
4.905799925327301025e-01
4.947200119495391846e-01
4.944800138473510742e-01
4.930199980735778809e-01
4.948199987411499023e-01
4.957799911499023438e-01
4.968799948692321777e-01
4.963999986648559570e-01
4.924600124359130859e-01
4.923599958419799805e-01
4.961200058460235596e-01
4.967400133609771729e-01
4.954200088977813721e-01
4.963000118732452393e-01
4.940600097179412842e-01
4.972000122070312500e-01
4.960800111293792725e-01
4.961799979209899902e-01
4.950799942016601562e-01
4.969199895858764648e-01
4.956400096416473389e-01
4.972000122070312500e-01
4.966000020503997803e-01
4.962599873542785645e-01
4.995999932289123535e-01
4.957599937915802002e-01
4.957599937915802002e-01
4.948199987411499023e-01
4.999000132083892822e-01
4.984200000762939453e-01
4.951199889183044434e-01
4.998199939727783203e-01
4.994600117206573486e-01
4.992400109767913818e-01
4.989599883556365967e-01
4.958600103855133057e-01
4.971399903297424316e-01
4.981800019741058350e-01
4.955399930477142334e-01
4.984000027179718018e-01
4.974200129508972168e-01
5.011199712753295898e-01
4.965200126171112061e-01
4.977400004863739014e-01
5.008400082588195801e-01
4.970999956130981445e-01
4.995400011539459229e-01
4.977999925613403320e-01
4.976400136947631836e-01
5.003600120544433594e-01
5.004000067710876465e-01
4.964199960231781006e-01
5.020400285720825195e-01
5.030800104141235352e-01
4.990600049495697021e-01
4.992400109767913818e-01
4.976199865341186523e-01
4.994600117206573486e-01
5.013599991798400879e-01
4.989399909973144531e-01
5.001199841499328613e-01
5.026599764823913574e-01
5.033000111579895020e-01
5.007200241088867188e-01
4.998799860477447510e-01
5.011399984359741211e-01
4.995200037956237793e-01
5.012800097465515137e-01
5.027400255203247070e-01
5.000799894332885742e-01
4.994800090789794922e-01
4.993000030517578125e-01
5.029399991035461426e-01
5.020800232887268066e-01
5.031399726867675781e-01
5.012800097465515137e-01
5.006800293922424316e-01
5.024999976158142090e-01
5.038999915122985840e-01
5.051199793815612793e-01
5.027800202369689941e-01
5.031999945640563965e-01
5.039600133895874023e-01
5.004400014877319336e-01
4.999400079250335693e-01
5.011000037193298340e-01
5.035799741744995117e-01
4.987199902534484863e-01
4.999000132083892822e-01
5.027400255203247070e-01
5.044000148773193359e-01
5.031599998474121094e-01
5.033000111579895020e-01
5.017600059509277344e-01
4.999800026416778564e-01
5.016999840736389160e-01
5.012599825859069824e-01
5.033400058746337891e-01
5.024200081825256348e-01
5.028200149536132812e-01
5.021600127220153809e-01
5.044800043106079102e-01
5.029600262641906738e-01
5.038800239562988281e-01
5.065400004386901855e-01
5.039200186729431152e-01
5.051400065422058105e-01
5.028799772262573242e-01
5.043600201606750488e-01
5.032799839973449707e-01
5.021600127220153809e-01
5.056800246238708496e-01
5.080199837684631348e-01
5.056399703025817871e-01
5.058799982070922852e-01
5.040599703788757324e-01
5.042399764060974121e-01
5.072000026702880859e-01
5.074999928474426270e-01
5.042200088500976562e-01
5.056200027465820312e-01
5.042200088500976562e-01
5.045400261878967285e-01
5.048599839210510254e-01
5.022000074386596680e-01
5.083400011062622070e-01
5.075600147247314453e-01
5.076799988746643066e-01
5.069000124931335449e-01
5.061200261116027832e-01
5.067600011825561523e-01
5.059000253677368164e-01
5.044199824333190918e-01
5.059199929237365723e-01
5.066400170326232910e-01
5.043799877166748047e-01
5.036200284957885742e-01
5.050200223922729492e-01
5.058199763298034668e-01
5.056800246238708496e-01
5.059000253677368164e-01
5.040199756622314453e-01
5.071200132369995117e-01
5.073999762535095215e-01
5.056800246238708496e-01
5.072399973869323730e-01
5.084400177001953125e-01
5.099999904632568359e-01
5.089399814605712891e-01
5.092200040817260742e-01
5.054799914360046387e-01
5.074399709701538086e-01
5.042200088500976562e-01
5.066599845886230469e-01
5.059000253677368164e-01
5.058799982070922852e-01
5.078600049018859863e-01
5.086399912834167480e-01
5.073599815368652344e-01
5.061399936676025391e-01
5.072199702262878418e-01
5.067999958992004395e-01
5.088199973106384277e-01
5.060999989509582520e-01
5.096399784088134766e-01
5.104799866676330566e-01
5.093799829483032227e-01
5.076400041580200195e-01
5.076400041580200195e-01
5.078799724578857422e-01
5.098400115966796875e-01
5.113599896430969238e-01
5.055800080299377441e-01
5.098400115966796875e-01
5.082600116729736328e-01
5.105800032615661621e-01
5.050399899482727051e-01
5.091199874877929688e-01
5.099800229072570801e-01
5.065199732780456543e-01
5.096600055694580078e-01
5.117200016975402832e-01
5.098599791526794434e-01
5.124199986457824707e-01
5.096799731254577637e-01
5.087000131607055664e-01
5.077800154685974121e-01
5.150600075721740723e-01
5.091199874877929688e-01
5.080199837684631348e-01
5.080000162124633789e-01
5.091599822044372559e-01
5.131800174713134766e-01
5.096799731254577637e-01
5.110999941825866699e-01
5.105400085449218750e-01
5.086200237274169922e-01
5.093799829483032227e-01
5.108799934387207031e-01
5.085600018501281738e-01
5.115000009536743164e-01
5.105000138282775879e-01
5.121799707412719727e-01
5.119199752807617188e-01
5.127599835395812988e-01
5.132600069046020508e-01
5.126600265502929688e-01
5.132600069046020508e-01
5.088400244712829590e-01
5.109199881553649902e-01
5.106999874114990234e-01
5.155799984931945801e-01
5.125399827957153320e-01
5.118600130081176758e-01
5.092200040817260742e-01
5.114200115203857422e-01
5.113400220870971680e-01
5.077400207519531250e-01
5.119600296020507812e-01
5.102000236511230469e-01
5.109999775886535645e-01
5.120800137519836426e-01
5.137599706649780273e-01
5.115200281143188477e-01
5.123199820518493652e-01
5.107799768447875977e-01
5.145199894905090332e-01
5.115799903869628906e-01
5.096600055694580078e-01
5.114600062370300293e-01
5.116599798202514648e-01
5.112400054931640625e-01
5.127800107002258301e-01
5.129200220108032227e-01
5.130599737167358398e-01
5.133000016212463379e-01
5.123199820518493652e-01
5.109199881553649902e-01
5.124599933624267578e-01
5.149000287055969238e-01
5.138800144195556641e-01
5.104200243949890137e-01
5.123599767684936523e-01
5.101400017738342285e-01
5.122399926185607910e-01
5.105400085449218750e-01
5.138000249862670898e-01
5.117599964141845703e-01
5.137400031089782715e-01
5.123999714851379395e-01
5.165600180625915527e-01
5.135200023651123047e-01
5.120199918746948242e-01
5.124400258064270020e-01
5.158600211143493652e-01
5.141400098800659180e-01
5.120800137519836426e-01
5.157200098037719727e-01
5.148000121116638184e-01
5.150200128555297852e-01
5.124999880790710449e-01
5.167800188064575195e-01
5.133399963378906250e-01
5.143600106239318848e-01
5.124599933624267578e-01
5.110200047492980957e-01
5.139799714088439941e-01
5.132200121879577637e-01
5.159800052642822266e-01
5.139600038528442383e-01
5.144400000572204590e-01
5.164800286293029785e-01
5.139600038528442383e-01
5.148599743843078613e-01
5.130199790000915527e-01
5.146399736404418945e-01
5.169399976730346680e-01
5.148400068283081055e-01
5.140200257301330566e-01
5.154600143432617188e-01
5.179399847984313965e-01
5.156999826431274414e-01
5.167199969291687012e-01
5.139799714088439941e-01
5.164800286293029785e-01
5.167400240898132324e-01
5.146600008010864258e-01
5.103999972343444824e-01
5.159599781036376953e-01
5.158200263977050781e-01
5.157399773597717285e-01
5.183799862861633301e-01
5.168399810791015625e-01
5.138999819755554199e-01
5.150799751281738281e-01
5.143200159072875977e-01
5.158200263977050781e-01
5.131599903106689453e-01
5.192000269889831543e-01
