3.038600087165832520e-01
3.638400137424468994e-01
3.794400095939636230e-01
3.865000009536743164e-01
3.942599892616271973e-01
4.009599983692169189e-01
4.043399989604949951e-01
4.081400036811828613e-01
4.133200049400329590e-01
4.168800115585327148e-01
4.199000000953674316e-01
4.225800037384033203e-01
4.257400035858154297e-01
4.283199906349182129e-01
4.283399879932403564e-01
4.308399856090545654e-01
4.318599998950958252e-01
4.355599880218505859e-01
4.361799955368041992e-01
4.387399852275848389e-01
4.404200017452239990e-01
4.393399953842163086e-01
4.397200047969818115e-01
4.441600143909454346e-01
4.438799917697906494e-01
4.475199878215789795e-01
4.451400041580200195e-01
4.458000063896179199e-01
4.499799907207489014e-01
4.488799870014190674e-01
4.497799873352050781e-01
4.514800012111663818e-01
4.510000050067901611e-01
4.511399865150451660e-01
4.534800052642822266e-01
4.563600122928619385e-01
4.583800137042999268e-01
4.565800130367279053e-01
4.614000022411346436e-01
4.587599933147430420e-01
4.595200121402740479e-01
4.598799943923950195e-01
4.600600004196166992e-01
4.587199985980987549e-01
4.611600041389465332e-01
4.628799855709075928e-01
4.628199934959411621e-01
4.609400033950805664e-01
4.607999920845031738e-01
4.658400118350982666e-01
4.663999974727630615e-01
4.675999879837036133e-01
4.634799957275390625e-01
4.684199988842010498e-01
4.693399965763092041e-01
4.645000100135803223e-01
4.670599997043609619e-01
4.691199958324432373e-01
4.702999889850616455e-01
4.693799912929534912e-01
4.682399928569793701e-01
4.681000113487243652e-01
4.687199890613555908e-01
4.700799882411956787e-01
4.707399904727935791e-01
4.716399908065795898e-01
4.726200103759765625e-01
4.732399880886077881e-01
4.736000001430511475e-01
4.703600108623504639e-01
4.762800037860870361e-01
4.743799865245819092e-01
4.761399924755096436e-01
4.714600145816802979e-01
4.742400050163269043e-01
4.735400080680847168e-01
4.776200056076049805e-01
4.756399989128112793e-01
4.743399918079376221e-01
4.781599938869476318e-01
4.745000004768371582e-01
4.735600054264068604e-01
4.763399958610534668e-01
4.783200025558471680e-01
4.764800071716308594e-01
4.771600067615509033e-01
4.770799875259399414e-01
4.764400124549865723e-01
4.790799915790557861e-01
4.776799976825714111e-01
4.770599901676177979e-01
4.765999913215637207e-01
4.776600003242492676e-01
4.798400104045867920e-01
4.791600108146667480e-01
4.787200093269348145e-01
4.830999970436096191e-01
4.776799976825714111e-01
4.833000004291534424e-01
4.809800088405609131e-01
4.788799881935119629e-01
4.824000000953674316e-01
4.816200137138366699e-01
4.797599911689758301e-01
4.786199927330017090e-01
4.821600019931793213e-01
4.813599884510040283e-01
4.830999970436096191e-01
4.811600148677825928e-01
4.794600009918212891e-01
4.825400114059448242e-01
4.805400073528289795e-01
4.824799895286560059e-01
4.796400070190429688e-01
4.852199852466583252e-01
4.829199910163879395e-01
4.832400083541870117e-01
4.819799959659576416e-01
4.836800098419189453e-01
4.843800067901611328e-01
4.839800000190734863e-01
4.842999875545501709e-01
4.843800067901611328e-01
4.862000048160552979e-01
4.861800074577331543e-01
4.836399853229522705e-01
4.819200038909912109e-01
4.864200055599212646e-01
4.848000109195709229e-01
4.861600100994110107e-01
4.844200015068054199e-01
4.835999906063079834e-01
4.856199920177459717e-01
4.859200119972229004e-01
4.873999953269958496e-01
4.827800095081329346e-01
4.851399958133697510e-01
4.835999906063079834e-01
4.871799945831298828e-01
4.878399968147277832e-01
4.855200052261352539e-01
4.826399981975555420e-01
4.884600043296813965e-01
4.853999912738800049e-01
4.870199859142303467e-01
4.878799915313720703e-01
4.865199923515319824e-01
4.876999855041503906e-01
4.909000098705291748e-01
4.880999922752380371e-01
4.885999858379364014e-01
4.881600141525268555e-01
4.886200129985809326e-01
4.887000024318695068e-01
4.896599948406219482e-01
4.873999953269958496e-01
4.881800115108489990e-01
4.889200031757354736e-01
4.883199930191040039e-01
4.916999936103820801e-01
4.876199960708618164e-01
4.898799955844879150e-01
4.930599927902221680e-01
4.863199889659881592e-01
4.928199946880340576e-01
4.913400113582611084e-01
4.899600148200988770e-01
4.871399998664855957e-01
4.885999858379364014e-01
4.893800020217895508e-01
4.905799925327301025e-01
4.902000129222869873e-01
4.916200041770935059e-01
4.880599975585937500e-01
4.922400116920471191e-01
4.880000054836273193e-01
4.929000139236450195e-01
4.920600056648254395e-01
4.928799867630004883e-01
4.926800131797790527e-01
4.927799999713897705e-01
4.929000139236450195e-01
4.907999932765960693e-01
4.958600103855133057e-01
4.914999902248382568e-01
4.900799989700317383e-01
4.916200041770935059e-01
4.896200001239776611e-01
4.930599927902221680e-01
4.918600022792816162e-01
4.916000068187713623e-01
4.905200004577636719e-01
4.936999976634979248e-01
4.913800060749053955e-01
4.894799888134002686e-01
4.881199896335601807e-01
4.934400022029876709e-01
4.919599890708923340e-01
4.938800036907196045e-01
4.962599873542785645e-01
4.930599927902221680e-01
4.930000007152557373e-01
4.924800097942352295e-01
4.937799870967864990e-01
4.926199913024902344e-01
4.912000000476837158e-01
4.921799898147583008e-01
4.930399954319000244e-01
4.972000122070312500e-01
4.952200055122375488e-01
4.978800117969512939e-01
4.941399991512298584e-01
4.956400096416473389e-01
4.941200017929077148e-01
4.957199990749359131e-01
4.945800006389617920e-01
4.943200051784515381e-01
4.968599975109100342e-01
4.953399896621704102e-01
4.939000010490417480e-01
4.939000010490417480e-01
4.939999878406524658e-01
4.952000081539154053e-01
4.945000112056732178e-01
4.945999979972839355e-01
4.948599934577941895e-01
4.943799972534179688e-01
4.957199990749359131e-01
4.954200088977813721e-01
4.981800019741058350e-01
4.977400004863739014e-01
4.981200098991394043e-01
4.962599873542785645e-01
4.934999942779541016e-01
4.963200092315673828e-01
4.958199858665466309e-01
4.968200027942657471e-01
4.959200024604797363e-01
4.961600005626678467e-01
4.975000023841857910e-01
4.960399866104125977e-01
4.984000027179718018e-01
4.938200116157531738e-01
4.975799918174743652e-01
4.986799955368041992e-01
4.964199960231781006e-01
4.975199997425079346e-01
4.983400106430053711e-01
4.979799985885620117e-01
4.969800114631652832e-01
4.967600107192993164e-01
4.977200031280517578e-01
4.982599914073944092e-01
4.977599978446960449e-01
4.965800046920776367e-01
4.953399896621704102e-01
4.993399977684020996e-01
4.970999956130981445e-01
4.978199899196624756e-01
4.930799901485443115e-01
4.967199862003326416e-01
5.008800029754638672e-01
4.993999898433685303e-01
4.984200000762939453e-01
4.979600012302398682e-01
5.016599893569946289e-01
4.963600039482116699e-01
4.994400143623352051e-01
4.965400099754333496e-01
4.991799890995025635e-01
4.959999918937683105e-01
4.999600052833557129e-01
4.997600018978118896e-01
5.021799802780151367e-01
5.012999773025512695e-01
4.972400069236755371e-01
4.998399913311004639e-01
5.001599788665771484e-01
4.975599944591522217e-01
4.981999993324279785e-01
4.950999915599822998e-01
4.995799958705902100e-01
4.977000057697296143e-01
4.997000098228454590e-01
5.016999840736389160e-01
4.962199926376342773e-01
4.962599873542785645e-01
4.988000094890594482e-01
4.981400072574615479e-01
4.998799860477447510e-01
4.983800053596496582e-01
4.966999888420104980e-01
4.987600147724151611e-01
5.021200180053710938e-01
4.965200126171112061e-01
5.007600188255310059e-01
5.009199976921081543e-01
4.998399913311004639e-01
5.013399720191955566e-01
5.001599788665771484e-01
4.990999996662139893e-01
4.978600144386291504e-01
5.026199817657470703e-01
4.975799918174743652e-01
5.034999847412109375e-01
5.019800066947937012e-01
4.994199872016906738e-01
5.002599954605102539e-01
5.008800029754638672e-01
4.986999928951263428e-01
5.001599788665771484e-01
5.008800029754638672e-01
5.018000006675720215e-01
5.002599954605102539e-01
5.016000270843505859e-01
5.001800060272216797e-01
5.019000172615051270e-01
5.012000203132629395e-01
5.012800097465515137e-01
5.009599924087524414e-01
5.008400082588195801e-01
5.006800293922424316e-01
5.015599727630615234e-01
5.018200278282165527e-01
5.019199848175048828e-01
5.006800293922424316e-01
5.022600293159484863e-01
5.027999877929687500e-01
5.023000240325927734e-01
5.037800073623657227e-01
5.034800171852111816e-01
5.009400248527526855e-01
5.022000074386596680e-01
5.015400052070617676e-01
5.030400156974792480e-01
5.011799931526184082e-01
5.025200247764587402e-01
5.000399947166442871e-01
5.031800270080566406e-01
5.019400119781494141e-01
5.027800202369689941e-01
5.012400150299072266e-01
5.065199732780456543e-01
5.051000118255615234e-01
5.031599998474121094e-01
5.034999847412109375e-01
5.033800005912780762e-01
5.018000006675720215e-01
5.047000050544738770e-01
5.028399825096130371e-01
5.009199976921081543e-01
5.021399855613708496e-01
5.006999969482421875e-01
5.031200051307678223e-01
5.029199719429016113e-01
5.029199719429016113e-01
5.050600171089172363e-01
5.005599856376647949e-01
5.066599845886230469e-01
5.036200284957885742e-01
5.037000179290771484e-01
5.037000179290771484e-01
5.047199726104736328e-01
5.046799778938293457e-01
5.034199953079223633e-01
5.037999749183654785e-01
5.017399787902832031e-01
5.047799944877624512e-01
5.025600194931030273e-01
5.014200210571289062e-01
5.023999810218811035e-01
5.014399886131286621e-01
5.027199983596801758e-01
5.019800066947937012e-01
4.993599951267242432e-01
5.026000142097473145e-01
5.025600194931030273e-01
5.051400065422058105e-01
5.055400133132934570e-01
5.008199810981750488e-01
5.036799907684326172e-01
5.033000111579895020e-01
5.058599710464477539e-01
5.025799870491027832e-01
5.059400200843811035e-01
5.038400292396545410e-01
5.034599900245666504e-01
5.051800012588500977e-01
5.051800012588500977e-01
5.031800270080566406e-01
5.030199885368347168e-01
5.015799999237060547e-01
5.055800080299377441e-01
5.009199976921081543e-01
5.042200088500976562e-01
5.046399831771850586e-01
5.056800246238708496e-01
5.061200261116027832e-01
5.044999718666076660e-01
5.055400133132934570e-01
5.035600066184997559e-01
5.066400170326232910e-01
5.087400078773498535e-01
5.059199929237365723e-01
5.037800073623657227e-01
5.047000050544738770e-01
5.028399825096130371e-01
5.062199831008911133e-01
5.037999749183654785e-01
5.042600035667419434e-01
5.038999915122985840e-01
5.034199953079223633e-01
5.049999952316284180e-01
5.035200119018554688e-01
5.067200064659118652e-01
5.046600103378295898e-01
5.033599734306335449e-01
5.061799883842468262e-01
5.031800270080566406e-01
5.059999823570251465e-01
5.064200162887573242e-01
5.016400218009948730e-01
5.035600066184997559e-01
5.024399757385253906e-01
5.015599727630615234e-01
5.056999921798706055e-01
5.065600275993347168e-01
5.042200088500976562e-01
5.061399936676025391e-01
5.066800117492675781e-01
5.080400109291076660e-01
5.064399838447570801e-01
5.035799741744995117e-01
5.042799711227416992e-01
5.059599876403808594e-01
5.048800110816955566e-01
5.069000124931335449e-01
5.064200162887573242e-01
5.061799883842468262e-01
5.044599771499633789e-01
5.065600275993347168e-01
5.093600153923034668e-01
5.048199892044067383e-01
5.048999786376953125e-01
5.054799914360046387e-01
5.059999823570251465e-01
5.049999952316284180e-01
5.046799778938293457e-01
5.076199769973754883e-01
5.066800117492675781e-01
5.059199929237365723e-01
5.043799877166748047e-01
5.079799890518188477e-01
5.037800073623657227e-01
5.080199837684631348e-01
5.090000033378601074e-01
5.066199898719787598e-01
5.070400238037109375e-01
5.099999904632568359e-01
5.086799860000610352e-01
5.052800178527832031e-01
5.099999904632568359e-01
5.066999793052673340e-01
5.062800049781799316e-01
5.055000185966491699e-01
5.077400207519531250e-01
5.062000155448913574e-01
5.113199949264526367e-01
5.063400268554687500e-01
5.095199942588806152e-01
5.063999891281127930e-01
5.103200078010559082e-01
5.060200095176696777e-01
5.078600049018859863e-01
5.072199702262878418e-01
5.086799860000610352e-01
5.078799724578857422e-01
5.080599784851074219e-01
5.113199949264526367e-01
5.074800252914428711e-01
5.053799748420715332e-01
5.077199935913085938e-01
5.065600275993347168e-01
5.127400159835815430e-01
5.076400041580200195e-01
5.080400109291076660e-01
5.088599920272827148e-01
5.076199769973754883e-01
5.080999732017517090e-01
5.101600289344787598e-01
5.084400177001953125e-01
5.100399851799011230e-01
5.063599944114685059e-01
5.092200040817260742e-01
5.087000131607055664e-01
5.073000192642211914e-01
5.089600086212158203e-01
5.127599835395812988e-01
5.073999762535095215e-01
5.095400214195251465e-01
