2.663452132701873865e+00
2.553782046794891514e+00
2.466723331689834708e+00
2.428157551765441902e+00
2.385095623016357358e+00
2.366328920841216821e+00
2.376777193307876512e+00
2.366735549688339102e+00
2.398321641921997038e+00
2.401225002527236807e+00
2.401354821443557608e+00
2.413936232805252047e+00
2.446303800821304275e+00
2.467013944387435931e+00
2.515903527736663925e+00
2.562979009151458598e+00
2.585354822397232244e+00
2.631964955091476543e+00
2.681074548244476219e+00
2.783105137348174996e+00
2.870474312782287818e+00
2.985705903053283539e+00
3.157394032478332502e+00
3.344690634727478074e+00
3.659578944683075097e+00
4.204576745510101077e+00
5.003440063953399353e+00
6.522737464427947884e+00
8.788354407310485783e+00
1.321590592861175573e+01
1.844860725784301891e+01
2.153236052131652656e+01
2.714715015602111947e+01
2.834695723724365379e+01
3.491012377738952921e+01
3.916417167663573906e+01
5.222565441131591513e+01
7.354273120880127124e+01
8.984221400070190100e+01
9.637205162048340412e+01
9.543783985900878974e+01
1.031201906814575153e+02
9.794515481567383119e+01
1.038364192581176724e+02
1.060421542968749975e+02
1.024566509170532242e+02
1.037197208328247058e+02
1.180057342758178720e+02
1.078498375930786182e+02
1.123863054885864301e+02
1.013498352584838926e+02
1.080138896636962897e+02
1.132306608581542946e+02
1.046126936340332065e+02
1.139514502182006765e+02
1.171002362899780280e+02
1.003857085037231514e+02
1.106392712631225521e+02
1.165699166564941436e+02
1.106157052078247034e+02
1.057532522811889635e+02
1.093797098655700637e+02
1.067332954864501886e+02
1.067556615676879943e+02
1.049371322326660163e+02
1.129027720642089889e+02
1.072780784988403298e+02
1.084181272583007853e+02
1.025937949295043978e+02
1.114843021011352562e+02
1.049945133666992234e+02
1.127833266296386654e+02
1.143860200042724671e+02
1.036442270278930664e+02
1.143986276245117182e+02
1.032777037353515652e+02
1.146297739486694383e+02
1.047999393386840836e+02
1.051505923995971727e+02
1.043609495620727472e+02
1.191426174316406303e+02
1.108300221557617249e+02
1.097607259750366211e+02
1.137479661178588799e+02
1.095567928771972674e+02
1.079806322860717813e+02
1.097958130645751993e+02
1.099344828033447214e+02
1.063100938415527281e+02
1.091878505020141574e+02
1.076169770507812444e+02
1.072845589370727595e+02
1.100801000366210900e+02
1.057798049316406264e+02
1.078657309799194337e+02
1.137113425521850587e+02
1.111359420852661088e+02
1.070287286453247049e+02
1.143395062484741231e+02
1.051402251358032203e+02
1.034799016342163043e+02
1.110806565933227574e+02
1.083555379409790049e+02
1.095888258209228496e+02
1.072683750228881792e+02
1.038524513931274385e+02
1.101675783691406281e+02
1.157133376388549806e+02
1.147495998077392585e+02
1.114136790351867745e+02
1.084700188140869130e+02
1.051196727523803673e+02
1.060694807586669981e+02
1.057453468627929709e+02
1.128374051742553661e+02
1.009543363647460978e+02
1.105189830551147452e+02
1.143380576019287105e+02
1.094534380111694389e+02
1.157879824447631876e+02
1.005395352172851631e+02
1.185781040267944348e+02
1.108785998992919986e+02
1.071867607498168979e+02
1.141876121215820348e+02
1.063213498229980445e+02
1.202531503677368221e+02
1.053094708251953193e+02
1.025630294723510758e+02
1.132619786529540988e+02
1.136238611679077195e+02
1.098273224563598660e+02
1.134880009307861286e+02
1.095055902328491158e+02
1.127748469085693301e+02
1.053767426300048839e+02
1.155285144042968710e+02
1.104755773010253961e+02
1.097828163909912149e+02
1.048949003448486366e+02
1.064437643814086982e+02
1.085558236846923847e+02
1.090349400482177771e+02
1.089740797653198285e+02
1.047967984848022525e+02
1.147355677108764667e+02
1.064911513404846204e+02
1.055276483993530263e+02
1.085294036636352502e+02
1.123286439056396517e+02
1.106387411956787048e+02
1.154317116241455068e+02
1.079609673767089788e+02
9.647325345611572800e+01
1.103417488555908221e+02
1.117310748138427670e+02
9.964190225219726926e+01
1.140924596405029234e+02
1.104443351135253977e+02
9.811355449295044195e+01
1.091047932357788142e+02
1.169615703430175842e+02
1.072794513549804662e+02
1.173856620635986303e+02
1.068310636978149404e+02
1.136447794570922838e+02
1.072472023773193399e+02
1.109545612640380909e+02
1.104924079399108905e+02
1.155586697311401423e+02
1.097158641815185547e+02
1.104973122558593701e+02
1.063279758148193395e+02
1.104462736740112234e+02
1.114022648239135691e+02
1.069400001983642596e+02
1.001780610046386784e+02
1.120959682693481483e+02
1.130894631118774356e+02
1.125239030303955019e+02
1.102533418197631789e+02
1.091395097427368199e+02
1.059926266555786185e+02
1.007428061676025379e+02
1.141928832473754909e+02
1.059041377029418953e+02
1.225568462905883820e+02
1.089529177627563428e+02
1.008737706756591734e+02
1.154103092727661135e+02
1.096588976821899450e+02
1.084749423294067441e+02
1.139201573104858340e+02
1.064890905113220185e+02
1.137363892517089852e+02
1.105849834747314446e+02
1.051288076171875048e+02
1.177869729919433581e+02
1.085570301742553738e+02
1.093059842224121070e+02
1.093961339645385777e+02
1.118591951293945357e+02
1.084248636398315426e+02
1.073964917449951173e+02
1.099703216094970770e+02
1.142839081268310508e+02
1.127820431671142529e+02
1.136572887191772452e+02
1.241490793075561498e+02
1.134666744613647467e+02
1.077708453292846684e+02
9.960559099578857456e+01
1.131528065795898499e+02
1.038908882293701197e+02
1.183160610046386694e+02
1.115170510253906286e+02
1.176016066055297813e+02
1.095047904129028353e+02
1.048994364929199179e+02
1.150926874771118094e+02
1.051858412933349598e+02
1.220762371749877957e+02
1.079943443908691449e+02
1.151666402435302672e+02
1.148145227203369103e+02
1.178273930206298843e+02
1.108285256347656258e+02
1.085638791885375980e+02
1.068315616760253874e+02
1.179126576461791984e+02
1.048317591323852582e+02
1.080949283218383812e+02
1.045102884597778257e+02
1.183742632827758854e+02
1.097501494064331098e+02
1.178349988327026381e+02
1.126688174514770537e+02
1.151731638565063491e+02
1.089438869400024430e+02
1.076029388656616277e+02
1.186073937988281273e+02
1.067151198577880820e+02
1.092048331680297792e+02
1.088042811050414969e+02
1.009734320755004831e+02
1.041382205352783217e+02
1.066558307723999093e+02
1.085207600173950198e+02
1.095229861526489259e+02
1.066910561218261648e+02
1.053787385406494082e+02
1.114455283050537133e+02
1.121796990966796841e+02
1.083367877044677670e+02
1.034981828918457012e+02
1.233535063095092710e+02
1.057715082473754933e+02
1.062380388183593709e+02
1.135817448501586853e+02
1.155843798751831031e+02
1.121629115219116244e+02
1.064383175582885741e+02
1.077764278869628924e+02
1.099190493698120150e+02
1.135536011123657261e+02
1.119979108734130904e+02
1.106508253593444806e+02
1.116199032821655237e+02
1.060618326644897422e+02
1.148967417221069383e+02
9.869076804351806231e+01
1.140357448348999014e+02
1.014065525665283189e+02
1.101229035339355420e+02
1.169433690719604471e+02
1.116854383239746085e+02
1.110137425613403366e+02
1.042025892639160105e+02
1.095409325408935501e+02
1.106537975921630874e+02
1.012138141403198262e+02
1.127672575378418003e+02
1.071394767913818384e+02
1.124971824951171868e+02
1.175827717361450198e+02
1.053519525756835975e+02
1.175136335296630818e+02
1.065285816268920911e+02
1.072691304016113349e+02
1.115631239471435521e+02
1.139251703720092763e+02
1.126280264587402371e+02
1.166701667938232418e+02
1.126940398712158213e+02
9.991873313903808196e+01
1.081919432983398508e+02
1.087035074081420873e+02
1.159037655944824223e+02
1.088227240905761732e+02
1.121278826446533259e+02
1.130202635650634733e+02
1.115137977142334051e+02
1.085047741088867213e+02
1.102047442550659184e+02
1.083975084457397458e+02
1.116568263320922796e+02
9.976088468170165413e+01
1.223936338958740180e+02
1.128750647125244200e+02
1.085651347961425728e+02
1.160850929946899441e+02
1.144525190811157245e+02
1.069373102264404309e+02
1.163464255523681601e+02
1.189882615203857483e+02
1.120720854339599555e+02
1.198244832534790021e+02
1.199842161254882882e+02
1.111008254241943405e+02
1.174017696304321277e+02
1.008735779037475595e+02
1.122382672424316468e+02
1.121262075729370054e+02
1.054798727264404334e+02
1.147975086441039991e+02
1.065701683502197312e+02
1.187716674118042022e+02
1.024256390686035161e+02
1.130804471206665056e+02
1.125371700363159135e+02
1.166001238327026357e+02
1.041046830444335995e+02
1.122833929138183606e+02
1.199078979110717711e+02
1.137949810485839777e+02
1.132579028167724573e+02
1.107389536666870100e+02
1.137905121688842769e+02
1.090605708007812495e+02
9.823145138549804756e+01
1.213485606536865191e+02
1.150335767669677693e+02
1.009719424743652354e+02
1.073513996124267607e+02
1.184178692932128882e+02
1.174883542633056663e+02
1.183834988250732465e+02
1.072708115081787099e+02
1.053255720901489241e+02
1.100585494613647484e+02
1.116539210433959965e+02
1.130522812271118198e+02
1.095654876632690389e+02
1.055451967239379911e+02
1.037308998794555635e+02
1.250830565948486282e+02
1.091690373001098635e+02
1.151807168426513641e+02
1.133829548873901416e+02
1.114653086318969741e+02
1.063063659820556666e+02
1.063849048843383827e+02
1.121473248138427721e+02
1.160502911071777277e+02
1.096548050765991178e+02
1.128947511367797887e+02
1.141188913803100604e+02
1.100450344161987317e+02
1.053998613586425819e+02
1.116330135421752914e+02
1.092457071685791021e+02
1.112919778137207061e+02
1.093637783508300743e+02
1.124778616790771508e+02
1.097960392990112268e+02
1.118772833251953074e+02
1.101690863342285098e+02
1.158339961624145502e+02
1.070244674835205103e+02
1.111123236007690451e+02
1.105352256164550795e+02
1.072468557815551691e+02
1.103300676422119153e+02
1.086728869247436506e+02
1.129961298599243094e+02
1.032907946090698204e+02
1.049566493453979490e+02
1.184580887985229509e+02
1.137267786407470709e+02
1.127858044891357423e+02
1.151571793060302724e+02
1.019999353866577110e+02
1.103910257949829088e+02
1.178069736862182566e+02
1.087837150573730440e+02
1.192158306655883848e+02
1.086091120071411069e+02
1.109748873825073190e+02
1.036691698989868229e+02
1.204200014648437502e+02
1.044866621932983435e+02
1.190387025527954137e+02
1.140449701538085918e+02
1.185162457962036200e+02
1.069741742401123048e+02
1.135802108230590761e+02
1.152297227859497042e+02
1.081461831283569381e+02
1.110477919845581027e+02
9.779119120788574548e+01
1.090266953201293916e+02
1.051128913726806644e+02
1.071249907073974583e+02
1.059769392852783199e+02
1.116203821945190384e+02
1.111968156051635788e+02
1.137472223968505887e+02
1.183434025955200184e+02
1.157018247985839849e+02
1.073271116638183571e+02
1.074325461120605496e+02
1.099080196990966840e+02
1.073300159988403379e+02
1.132020054016113306e+02
1.167435594711303679e+02
1.168653214187622069e+02
1.188207785873413087e+02
1.073919749450683554e+02
1.070324814834594775e+02
1.094377222442627016e+02
1.117527912521362339e+02
1.173397790908813505e+02
1.086296222152709987e+02
1.091459802017211871e+02
1.176543113555908207e+02
1.151029123229980513e+02
1.167231969833374023e+02
1.069664546661376932e+02
1.088761217269897514e+02
1.155763843154907278e+02
1.138708333969116211e+02
1.096828455047607491e+02
1.114592558288574224e+02
1.071901283073425333e+02
1.052312823143005431e+02
1.084028676605224604e+02
1.248684171829223573e+02
1.063740241241455067e+02
1.078310338363647531e+02
1.109260694580078166e+02
1.175149412460327198e+02
1.194267904205322282e+02
1.200798511734008827e+02
1.061951153640747094e+02
1.138818314208984361e+02
1.185019643096923829e+02
1.092278047561645451e+02
1.056668367309570300e+02
1.128570591659545954e+02
1.111205337600707992e+02
1.092405757217407256e+02
1.165122537002563519e+02
1.138050645599365254e+02
1.043698991394042963e+02
1.131617814712524392e+02
1.045110700302124087e+02
1.070190030059814461e+02
1.144178974990844750e+02
1.034521906280517527e+02
1.183100038757324199e+02
1.044549735336303655e+02
1.219863245697021483e+02
1.142015698089599596e+02
1.027362574462890592e+02
1.079536794052123980e+02
1.123621453399658208e+02
1.136773459014892609e+02
1.121370243530273427e+02
1.023210094451904268e+02
1.269875053100585944e+02
1.116361781768798807e+02
1.029992266731262163e+02
1.163569071655273461e+02
1.102543710174560516e+02
1.146742272720336899e+02
1.095159801750183135e+02
1.098960919265747123e+02
1.055906135444641052e+02
1.164842477874755815e+02
1.120320495300292976e+02
1.139225056762695374e+02
1.087524091949462957e+02
1.056139542541503857e+02
1.155824236297607399e+02
1.082375368423461879e+02
1.133820006637573243e+02
1.120933655624389615e+02
1.124525643386840841e+02
1.157144964065551704e+02
1.051073172225952135e+02
