2.131935324430465517e+00
1.930270317792892376e+00
1.863494215965270984e+00
1.818656176090240439e+00
1.786912278652191155e+00
1.760824790477752755e+00
1.743769147396087682e+00
1.728319552659988378e+00
1.711611990213394163e+00
1.700253587722778237e+00
1.687756448745727500e+00
1.677411726236343492e+00
1.664943563222885059e+00
1.654508876800537154e+00
1.655590266942977840e+00
1.641356426954269310e+00
1.632204787015914871e+00
1.628492047071457005e+00
1.620455845594406030e+00
1.609577476501464766e+00
1.610672210693359307e+00
1.600843354701995791e+00
1.596618397474288908e+00
1.590858045339584415e+00
1.587352954626083390e+00
1.583827350854873695e+00
1.580772503376007165e+00
1.574934403181076137e+00
1.568639028787612855e+00
1.571774844646453895e+00
1.568084157228469833e+00
1.565369895935058597e+00
1.557302315235137957e+00
1.552480217218399128e+00
1.552363708019256494e+00
1.546642112255096402e+00
1.547255344867706217e+00
1.541790834665298426e+00
1.544106576919555662e+00
1.540416526556015020e+00
1.531653023719787621e+00
1.530428399801254224e+00
1.528537559270858770e+00
1.523895261764526277e+00
1.525951959371566691e+00
1.521888563156127860e+00
1.520572037220001116e+00
1.515809614896774349e+00
1.514420183181762747e+00
1.509453667640686003e+00
1.509675076961517259e+00
1.508656475067138736e+00
1.506924645423889153e+00
1.501875094652175946e+00
1.503386802196502670e+00
1.494042671203613226e+00
1.497645301103591953e+00
1.497079639911651716e+00
1.492450657367706324e+00
1.491442991971969612e+00
1.489814361333847037e+00
1.489987573385238573e+00
1.489544861316680846e+00
1.486442239522933972e+00
1.489128862619399918e+00
1.486853665113449185e+00
1.477999323129653986e+00
1.481442425251007000e+00
1.480816263914108255e+00
1.482280062675476184e+00
1.474483973741531395e+00
1.477016767024993849e+00
1.471005942106246911e+00
1.475732944726944051e+00
1.469117836952209544e+00
1.470775678634643535e+00
1.467824429750442583e+00
1.466927482366561897e+00
1.470880952835083022e+00
1.467035784721374414e+00
1.463177707672119077e+00
1.466180100917816143e+00
1.460831268072128264e+00
1.459159592390060434e+00
1.460038263559341409e+00
1.462807209253311092e+00
1.457499034404754701e+00
1.455746435880661105e+00
1.458589730978012033e+00
1.455712904691696119e+00
1.454857510089874184e+00
1.456784911394119364e+00
1.456239343881607029e+00
1.451971328258514493e+00
1.450948770999908488e+00
1.451354595661163316e+00
1.455702684164047245e+00
1.447114044189453219e+00
1.445921053647994947e+00
1.452905720949172919e+00
1.451213005542755230e+00
1.450429603338241558e+00
1.446214176893234171e+00
1.452679323911666875e+00
1.447710302352905209e+00
1.444916354179382356e+00
1.447804859399795641e+00
1.447979142904281646e+00
1.441130169868469313e+00
1.443694064855575609e+00
1.437212301969528205e+00
1.438353543043136673e+00
1.443621866464614767e+00
1.437618410587310880e+00
1.438585999965667828e+00
1.437397474765777616e+00
1.441092720508575509e+00
1.431721189022064245e+00
1.436669855117797878e+00
1.433305770397186318e+00
1.436878993511199853e+00
1.435166781663894664e+00
1.433610781192779626e+00
1.431849573850631607e+00
1.428250572204589952e+00
1.431256950378418047e+00
1.431879798650741664e+00
1.424777575969696120e+00
1.431094330787658686e+00
1.428422276973724259e+00
1.429467798948288015e+00
1.427987809658050500e+00
1.424931267976760951e+00
1.425158589124679631e+00
1.430254595756530689e+00
1.422733438730239941e+00
1.426450887203216444e+00
1.427843232870101842e+00
1.426751299142837492e+00
1.423840836524963294e+00
1.419517816305160496e+00
1.431462066888809170e+00
1.423435549974441550e+00
1.422196842670440775e+00
1.422265707254409817e+00
1.417849419116973930e+00
1.422277032613754377e+00
1.420567196846008295e+00
1.423464823007583702e+00
1.421134619474410998e+00
1.417417803764343232e+00
1.417558143854141139e+00
1.418357089757919409e+00
1.418948855400085529e+00
1.419488475084304868e+00
1.420295945644378666e+00
1.418802851915359486e+00
1.416343291521072301e+00
1.413971567869186430e+00
1.418831999063491889e+00
1.417442258596420368e+00
1.416974133253097623e+00
1.411743565082550056e+00
1.408396468877792351e+00
1.415180057764053423e+00
1.417252042055130001e+00
1.417371288061141987e+00
1.408433715343475390e+00
1.416607470750808728e+00
1.414236773252487200e+00
1.411014651775360118e+00
1.415200691223144513e+00
1.408098521232604927e+00
1.410631468534469635e+00
1.406069393157959091e+00
1.408195613861084050e+00
1.408050893783569402e+00
1.405485934495925848e+00
1.409741721391677860e+00
1.407976960659027110e+00
1.409224148035049362e+00
1.406531862974166769e+00
1.412763514518737828e+00
1.407129921913147008e+00
1.408195069074630768e+00
1.405430128812789947e+00
1.409679037332534746e+00
1.406766106605529698e+00
1.408076243162155183e+00
1.407634724140167215e+00
1.402908905506134118e+00
1.405250097513198959e+00
1.405656804084777889e+00
1.407484984159469654e+00
1.400278463840484600e+00
1.399586668491363595e+00
1.398144079685211150e+00
1.397806160449981627e+00
1.396449225425720142e+00
1.400184240102767985e+00
1.396163825273513792e+00
1.401361351966857960e+00
1.397135303020477393e+00
1.400774750471115215e+00
1.399204697132110597e+00
1.399079791307449305e+00
1.396156797409057626e+00
1.400559530496597205e+00
1.395389034748077295e+00
1.396687041282653752e+00
1.400574504852294844e+00
1.397429121017456088e+00
1.395223576784133890e+00
1.392672086954116928e+00
1.398471975326537997e+00
1.398867947101593012e+00
1.395215409517288174e+00
1.394836646080017006e+00
1.396008435726165731e+00
1.393989796400070258e+00
1.395957789182662889e+00
1.393693849563598652e+00
1.396136224031448325e+00
1.393985461235046408e+00
1.394168298482894919e+00
1.394996197700500540e+00
1.395777009963989235e+00
1.390091008663177474e+00
1.391682955741882388e+00
1.388018140077590834e+00
1.393091560363769466e+00
1.393347265243530364e+00
1.393605837583541840e+00
1.392024858236312834e+00
1.388316665410995521e+00
1.394764388561248847e+00
1.393669342994690030e+00
1.389898236989975056e+00
1.394152773618698049e+00
1.397164226055145342e+00
1.392412908792495685e+00
1.387752900600433437e+00
1.384881663560867393e+00
1.390502341032028299e+00
1.388563934803008992e+00
1.388335241794586228e+00
1.384658520936965953e+00
1.381757094144821174e+00
1.387415997743606466e+00
1.389168636560440095e+00
1.386160373687744141e+00
1.387861153125762970e+00
1.389930179595947335e+00
1.388616494178771976e+00
1.386758867263794048e+00
1.385667896747589056e+00
1.381643415212631121e+00
1.384532913684844990e+00
1.388311963081359846e+00
1.386725497722625766e+00
1.381701337099075388e+00
1.385596329927444526e+00
1.384474180698394674e+00
1.386926038026809582e+00
1.387036623477935882e+00
1.387214657545089658e+00
1.383370427846908557e+00
1.386702426671981847e+00
1.383173536300659201e+00
1.383216102361679134e+00
1.382311715722084111e+00
1.385526955127716064e+00
1.380845001935958827e+00
1.382797123312950127e+00
1.383786288738250825e+00
1.378272626161575420e+00
1.376629636287689307e+00
1.377058347702026397e+00
1.381169352769851644e+00
1.378389567852020159e+00
1.379553305625915494e+00
1.378861262083053596e+00
1.382638734579086259e+00
1.384220788955688564e+00
1.379375026226043799e+00
1.377282584905624496e+00
1.378570745229721117e+00
1.382859333992004336e+00
1.380676825761794957e+00
1.381493273973464886e+00
1.378887971639633170e+00
1.384641779661178518e+00
1.377012658119201705e+00
1.381567157506942811e+00
1.373614066362381037e+00
1.382059781312942492e+00
1.378575736761093129e+00
1.377827708244323768e+00
1.377719215631485028e+00
1.377784003973007154e+00
1.380211289405822717e+00
1.380283461332321160e+00
1.381669484138488668e+00
1.372683183908462556e+00
1.375331027507781911e+00
1.379641387701034505e+00
1.378647314786910938e+00
1.375715706348419110e+00
1.375296786308288555e+00
1.376473348379135153e+00
1.375853549242019636e+00
1.377059725046157812e+00
1.373204731702804660e+00
1.373530386209487864e+00
1.372385231733322053e+00
1.369709383487701437e+00
1.373635429382324302e+00
1.374081724643707370e+00
1.372851701736450103e+00
1.376904645442962538e+00
1.373405650854110815e+00
1.373783299922943124e+00
1.370846450090408286e+00
1.371629489898681609e+00
1.371597784996032798e+00
1.370792930126190079e+00
1.370982548236846954e+00
1.372382678747177120e+00
1.376662677288055470e+00
1.368590012788772681e+00
1.368696322917938302e+00
1.371012568712234536e+00
1.374896553039550717e+00
1.374569770097732624e+00
1.369576750993728664e+00
1.369635755062103222e+00
1.371533441781997764e+00
1.367264391660690359e+00
1.368561611890792840e+00
1.367857912063598524e+00
1.372488604784011912e+00
1.370136370897293121e+00
1.367978805780410756e+00
1.369617113113403395e+00
1.367193697452545154e+00
1.373703120470046946e+00
1.369311619520187318e+00
1.371042959928512550e+00
1.363742125511169467e+00
1.367773445606231597e+00
1.359947059631347654e+00
1.365991527676582384e+00
1.364951412200927638e+00
1.370588406562805117e+00
1.370929730176925654e+00
1.366678128719329921e+00
1.370843684315681488e+00
1.366882687807083219e+00
1.365237006664276054e+00
1.369909020662307686e+00
1.367962647438049295e+00
1.360121504306793128e+00
1.362962043523788358e+00
1.367079465627670354e+00
1.364943599462509205e+00
1.362150145530700573e+00
1.367649396181106480e+00
1.369600810766220089e+00
1.366188045978546040e+00
1.364669424295425371e+00
1.359549972057342515e+00
1.359748286366462722e+00
1.365104838609695337e+00
1.367986643075943087e+00
1.364451303958892803e+00
1.364951783180236911e+00
1.360527522087097152e+00
1.370357185840606729e+00
1.367942491054534804e+00
1.360799444198608432e+00
1.364909502029418853e+00
1.358324000835418710e+00
1.361268383860588127e+00
1.365071945905685480e+00
1.360568363904953060e+00
1.360652707576751608e+00
1.361890275001525819e+00
1.356013918399810780e+00
1.358973499774932758e+00
1.358483882904052642e+00
1.356419552564620989e+00
1.357466541528701720e+00
1.359626031875610375e+00
1.362503865003585890e+00
1.360392242431640586e+00
1.361990450620651272e+00
1.361780793666839573e+00
1.361265934705734315e+00
1.366218249320983791e+00
1.359193406105041468e+00
1.362281389713287272e+00
1.359909925937652586e+00
1.359890288829803451e+00
1.359887060880661025e+00
1.363235940456390294e+00
1.363191870450973564e+00
1.359737701416015687e+00
1.357011611342430202e+00
1.356167223215103190e+00
1.358087245464324910e+00
1.357807832717895513e+00
1.355138543367385928e+00
1.359067276716232398e+00
1.359646332263946489e+00
1.355101571321487341e+00
1.359333136796951225e+00
1.357400867223739649e+00
1.359920889854431048e+00
1.355672245025634659e+00
1.359925179958343611e+00
1.358397727251052789e+00
1.357290083885192900e+00
1.355631099820137075e+00
1.357985658168792797e+00
1.360733688831329280e+00
1.352472092866897624e+00
1.357710860490799032e+00
1.357041815996170131e+00
1.355983006715774541e+00
1.359416741371154869e+00
1.360111308097839311e+00
1.357730785131454398e+00
1.353233871221542373e+00
1.352196260929107607e+00
1.360748444080352781e+00
1.358687729358672991e+00
1.352609965562820538e+00
1.350958352565765352e+00
1.359247548103332592e+00
1.352501848220825087e+00
1.353960675239562983e+00
1.354975214242935211e+00
1.360186923980712947e+00
1.354852949857711764e+00
1.353690228939056439e+00
1.354343619346618732e+00
1.352343324661254842e+00
1.353898643970489424e+00
1.355954458475112867e+00
1.355673241615295455e+00
1.352106040477752735e+00
1.351639248609542765e+00
1.352398923158645738e+00
1.349571046113967832e+00
1.352046445846557532e+00
1.350321107864379977e+00
1.354618759155273411e+00
1.351668960809707665e+00
1.354019415855407749e+00
1.351822865724563671e+00
1.352073360919952449e+00
1.352451338052749641e+00
1.354622370719909652e+00
1.354067877531051733e+00
1.351552200794220004e+00
1.347664008855819606e+00
1.354024451732635415e+00
1.353057778596878036e+00
1.351217822313308670e+00
1.354490624904632678e+00
1.350887254476547339e+00
1.351375546455383381e+00
1.351170749664306614e+00
1.357650079727172887e+00
1.350188463449478071e+00
1.351146607875824079e+00
1.343565914392471417e+00
1.353120641946792713e+00
1.349203101158142015e+00
1.345844497919082672e+00
1.352624826908111588e+00
1.354007430791854816e+00
1.350846845388412376e+00
1.347343880414962669e+00
1.350277801990509063e+00
1.351538317441940418e+00
1.353148051977157484e+00
1.350578593730926480e+00
1.346051731348037794e+00
1.353514099597930898e+00
1.349457419633865340e+00
1.349019134998321601e+00
1.346585664510727032e+00
1.347372708082199111e+00
1.346974109172821121e+00
1.348122559309005819e+00
1.349944909334182652e+00
1.349394409179687448e+00
1.346217581033706701e+00
1.344057069182395869e+00
