3.011347102689742883e+01
4.393824959182739320e+01
4.918905176544189572e+01
5.694945759963989218e+01
7.370566239929199526e+01
8.911781958770751544e+01
8.749015715026855844e+01
9.484412234497069960e+01
8.837712708282471397e+01
9.505624481964110828e+01
1.106050450744628932e+02
6.903152266311646201e+01
7.395163769149780819e+01
7.412161245727538983e+01
7.113086644363403366e+01
3.009068328300475969e+03
2.682483305175781425e+03
2.652816152343750218e+03
2.660426668945312485e+03
2.670827757324218965e+03
2.619507572021484521e+03
2.683679104980468765e+03
2.624406652099609346e+03
2.610115771972656148e+03
2.584093289794921930e+03
2.577888221191406046e+03
2.572379930419921948e+03
2.531927708251952936e+03
2.515762962158203209e+03
2.519785936767578278e+03
2.459547920654296831e+03
2.492626939941406363e+03
2.372414460205078285e+03
2.441548216552734175e+03
2.406618186035156214e+03
2.382549371337890534e+03
2.385281472412109451e+03
2.362196336914062613e+03
2.344049199707031221e+03
2.315822978515624982e+03
2.321690168212890512e+03
2.291825606933593917e+03
2.271472478759765636e+03
2.301076006958007838e+03
2.235478476318359299e+03
2.256954783447265527e+03
2.222175456665038837e+03
2.241879635253906144e+03
2.199931419433593874e+03
2.224901313720703001e+03
2.221478781494140549e+03
2.160460892089843583e+03
2.176261749755859455e+03
2.165224975585937500e+03
2.105779622802734593e+03
2.130779213500976766e+03
2.117725204101562667e+03
2.137343279418945258e+03
2.079047889648437376e+03
2.108573589965820247e+03
2.081426877563476410e+03
2.059952040893554567e+03
2.082679349487304535e+03
2.074016724975585930e+03
2.086525958251952943e+03
1.995902189819335945e+03
2.006039072387695342e+03
2.016303798461914084e+03
2.016597083496093774e+03
2.024274792358398372e+03
1.992657511474609464e+03
1.968662847656250051e+03
1.953418947998046860e+03
1.961966045410156312e+03
1.963846665405273370e+03
1.966714343261718795e+03
1.963189602905273432e+03
1.925191086669921788e+03
1.926638890136718828e+03
1.916366983764648467e+03
1.892975354858398532e+03
1.886700993164062538e+03
1.873364591308593845e+03
1.898131983032226572e+03
1.873039824340820360e+03
1.860411983398437542e+03
1.834142577392578232e+03
1.821729089111328221e+03
1.842094982910156205e+03
1.862770777587890734e+03
1.819917000244140581e+03
1.795592791503906255e+03
1.786589124633788970e+03
1.794892353515625018e+03
1.781769607177734315e+03
1.733337600830078145e+03
1.775158608886718639e+03
1.737629739746093719e+03
1.753746648559570303e+03
1.738282247802734446e+03
1.700077367065429598e+03
1.699552782348632718e+03
1.681352728027343801e+03
1.700516091552734451e+03
1.683542111572265640e+03
1.680136836669921877e+03
1.659833821289062598e+03
1.697515036376953049e+03
1.648150599731445254e+03
1.691621689331054768e+03
1.647750098510742191e+03
1.624294260009765594e+03
1.660901008056640649e+03
1.636766554443359382e+03
1.616767724365234471e+03
1.606235096191406228e+03
1.584761605712890514e+03
1.569033513061523536e+03
1.599191804077148390e+03
1.588278999267578229e+03
1.588499711181640578e+03
1.569414510131835868e+03
1.553000236328125084e+03
1.551553799499511797e+03
1.521828734008789070e+03
1.540634963012695380e+03
1.497855778320312538e+03
1.530706069763183677e+03
1.493501573791503915e+03
1.490517124816894466e+03
1.459098085449218843e+03
1.438024228088379004e+03
1.493273488769531241e+03
1.465399374206542916e+03
1.410295955383300679e+03
1.469601664550781152e+03
1.418505655029296804e+03
1.467502935913086048e+03
1.466637407897949288e+03
1.405234543518066403e+03
1.405565251403808588e+03
1.392528785339355409e+03
1.351179535888671808e+03
1.381023536560058574e+03
1.381915663269043080e+03
1.352465918640136806e+03
1.373839223022460828e+03
1.384341733947753937e+03
1.357734325256347574e+03
1.361532544250488172e+03
1.368586488800048755e+03
1.338092840759277351e+03
1.362202815185546797e+03
1.349595136901855540e+03
1.301869484924316339e+03
1.286564804077148438e+03
1.325324465270996143e+03
1.292353808959961043e+03
1.259441395751953223e+03
1.286341652832031286e+03
1.290926251342773412e+03
1.287944096679687391e+03
1.290170703063964766e+03
1.283823476745605376e+03
1.299342522521972569e+03
1.233393626525878972e+03
1.237874769409179635e+03
1.300063335632324197e+03
1.218364973815917892e+03
1.236489440795898417e+03
1.233125321807861383e+03
1.206960113403320292e+03
1.208979108520507907e+03
1.219589356048584023e+03
1.198154052917480385e+03
1.209942730712890580e+03
1.170594252502441350e+03
1.160523274536132703e+03
1.164359500183105411e+03
1.143464104217529211e+03
1.153630166534423779e+03
1.160570392578124938e+03
1.138529275726318247e+03
1.174168568786621108e+03
1.132886954254150396e+03
1.152495509796142642e+03
1.123408720214843697e+03
1.093224869598388750e+03
1.112703921539306748e+03
1.072510635955810585e+03
1.112662930969238232e+03
1.094305771423339820e+03
1.115708859863281305e+03
1.067612593597412115e+03
1.095680448852539030e+03
1.072231529663085894e+03
1.074961301666259715e+03
1.087499138763427709e+03
1.079469038635253810e+03
1.074307485778808541e+03
1.078960537750244157e+03
1.047245033721923846e+03
1.034788203552246159e+03
1.054172272186279315e+03
1.033716236206054646e+03
1.068218057067871086e+03
1.037656137878417894e+03
1.048592147186279362e+03
1.007308606689453086e+03
1.000958071289062445e+03
9.738423355102538608e+02
1.025050391448974551e+03
1.013773941467285113e+03
9.833559091796875009e+02
1.016191425537109353e+03
1.016081894287109321e+03
9.557398545379638790e+02
9.801420940856933157e+02
1.026124667663574201e+03
9.911435310058593586e+02
9.871083352966309121e+02
1.003966993652343717e+03
9.795260246276855014e+02
9.677407241973877490e+02
9.703668586730957486e+02
9.810861948242187509e+02
9.788821704711914435e+02
9.636939049682616769e+02
9.821658588256835856e+02
9.663976408691406732e+02
9.808035646820068223e+02
9.673696318817138717e+02
9.756137358093261582e+02
9.485820123596191706e+02
9.419852369842528788e+02
9.372847373199463163e+02
9.788097133636474609e+02
9.600034703521728261e+02
9.617249468994140216e+02
9.246054521789550336e+02
9.715186536254882412e+02
9.642497263793945876e+02
9.717572317352295386e+02
9.238773542480469132e+02
9.113602346343993759e+02
9.622750390930175399e+02
9.527403163452148647e+02
9.065576237182617660e+02
9.387196757659911555e+02
9.556252559967041407e+02
9.300444277343749491e+02
9.299562415161133231e+02
9.227312313232422412e+02
9.436145810241698655e+02
9.469297785644531587e+02
9.213973297119140398e+02
9.219350541381835455e+02
9.376684979248046830e+02
8.930051037750243950e+02
9.078146341552734384e+02
9.108244313812256223e+02
9.235360817108154379e+02
9.119741054229735937e+02
8.972641490783690870e+02
9.148019186553955251e+02
8.986724511413574419e+02
9.083003729553222456e+02
9.149293031616210783e+02
9.087906702880859484e+02
9.045178408050537655e+02
9.089443612670897892e+02
8.705638059082031077e+02
9.617616238555908694e+02
9.228391672973632467e+02
9.165481394805908621e+02
9.327859990844726781e+02
9.217100901947021612e+02
9.142475218658447602e+02
8.879114564514160293e+02
9.496204480590820367e+02
9.269751565704345921e+02
9.342537722015381405e+02
8.981633167114257503e+02
8.781714188385009265e+02
8.671631553497314826e+02
9.000369155883788608e+02
8.991828962097167732e+02
9.276975728149413953e+02
9.010906774444580378e+02
9.070786520538330251e+02
8.605579533843994113e+02
9.057128141479491887e+02
9.024789901733398665e+02
9.050371018981933275e+02
8.812808104705810592e+02
8.953030608520507485e+02
8.834795578308105632e+02
8.875139443817138272e+02
8.966628821411133003e+02
9.030190797576904060e+02
9.123585791320800809e+02
8.805787525024413753e+02
8.824601013336181268e+02
8.833403451232910584e+02
8.884839551620483462e+02
8.691251636352538981e+02
8.807919700622558139e+02
8.451727985992431513e+02
8.859425732727050899e+02
8.908295411224364670e+02
8.521660143432617360e+02
8.953215541229247947e+02
8.790806574554443387e+02
8.927152401733397937e+02
8.935917204895019950e+02
8.717559264831543260e+02
8.979210616607665543e+02
8.628177778930663635e+02
8.460124537658691679e+02
8.600357595672606976e+02
8.756107788238525700e+02
8.794915474548339489e+02
8.449308906249999609e+02
8.908788791503906168e+02
8.712038031005859011e+02
8.713009451751709094e+02
8.715402729492187746e+02
8.564097629394531168e+02
8.671781450653076035e+02
8.462682344665527125e+02
8.492716991348266902e+02
8.284114750213623211e+02
8.551969368438720949e+02
8.664997368011474919e+02
8.828135343627930069e+02
8.666287117919921457e+02
8.532509985046386873e+02
8.473496828002929533e+02
8.450077735443114761e+02
8.849147817382812491e+02
8.688113148803711283e+02
8.508767197418212618e+02
8.425681599426269486e+02
8.707069109191894540e+02
8.597291913146972320e+02
8.704800474548339935e+02
8.438742632293701718e+02
8.486087442016601017e+02
8.607103758239745730e+02
8.674922389373779197e+02
8.683104933013916025e+02
8.230529111938476490e+02
8.284905150604248547e+02
8.111348923187256332e+02
8.383180688171386237e+02
8.451905750885009638e+02
8.520381639633178565e+02
8.857755193328857786e+02
8.300039185180663708e+02
8.430991077575683903e+02
8.136331964263915779e+02
8.330330183563232822e+02
8.627137137145996348e+02
8.449703705139160093e+02
8.515259095153808175e+02
8.229198674011230423e+02
8.626698750534058036e+02
8.374428543090820085e+02
8.130009198837279882e+02
8.353079920043945776e+02
8.305293180694579860e+02
8.473432705078124627e+02
8.444639000701904479e+02
8.234915648040771430e+02
8.477758041381836165e+02
8.596550021057129243e+02
8.133180955352783030e+02
8.295096719055176209e+02
8.269038215789795458e+02
8.082885868682861883e+02
8.200489170989990271e+02
8.122728085937500282e+02
8.698324170227050445e+02
8.090443388595581382e+02
7.990525820617675663e+02
8.601785907287597865e+02
8.304824885711669822e+02
8.215455151977539572e+02
8.374606391448974136e+02
8.361748408050536909e+02
8.129081123199463264e+02
8.493881925964356014e+02
8.248356670532226644e+02
8.201234100875853983e+02
8.279216367034912309e+02
8.471976589050292432e+02
8.288585133972168251e+02
8.241358558197021011e+02
8.229562724761963182e+02
7.981283178863525336e+02
8.134838020019531086e+02
8.431134400024413935e+02
8.020090658569336028e+02
8.309966791381835947e+02
8.204148110046386364e+02
8.394844501037597411e+02
8.009517986450194940e+02
8.089812483673096040e+02
8.059064356536865716e+02
8.351055298004150700e+02
8.110734171905517087e+02
8.125295024261474737e+02
7.865790006713866660e+02
7.952405912322998347e+02
8.014180705261230742e+02
7.960390258941650927e+02
8.194741743469238600e+02
8.095979133758545458e+02
7.861651062622070185e+02
8.014370875701904424e+02
7.584749360351562473e+02
8.053498932647704578e+02
8.173543862457274827e+02
8.256550902252197375e+02
8.203948711700439844e+02
8.086008088455199641e+02
8.266162789230346561e+02
7.730167252197265952e+02
8.144482225952148156e+02
8.235556539611816333e+02
7.805117690277099882e+02
7.696859512329101562e+02
8.050844278564453589e+02
7.857620136566162046e+02
7.968851608581543360e+02
7.989634669342041207e+02
8.074253485412597229e+02
7.781201395874023774e+02
7.865511882934570167e+02
7.727475676116943077e+02
8.021522989196777189e+02
7.911484281311035147e+02
8.032509952239989843e+02
7.771131587371826299e+02
7.967559896240234139e+02
8.157064753799438677e+02
7.879176726226806977e+02
8.207373960418701699e+02
7.962787535705566597e+02
8.113728046112061065e+02
7.977795541076660584e+02
7.825380229339599509e+02
7.998192296142577788e+02
7.939086379699707550e+02
8.125020164794922266e+02
8.091867767944336265e+02
7.935280306549071838e+02
7.986254827423096003e+02
7.853281701049804724e+02
7.856305888061523319e+02
7.818151239929198937e+02
7.770914921417236201e+02
8.011040831604003642e+02
7.870452810516356976e+02
7.813446441497802653e+02
7.817367725677489716e+02
8.067027172088622820e+02
7.769219754028320040e+02
7.865869665832519786e+02
8.080098174438476235e+02
8.053976003723144004e+02
7.717803913269043505e+02
7.569026257324218250e+02
8.030536600494384629e+02
7.909425657348632512e+02
8.096979042739868646e+02
7.891576679992675736e+02
7.930325586776733644e+02
8.128212731323242224e+02
7.946539657287597720e+02
7.707666780242919913e+02
7.773115480651855478e+02
7.713445731811523274e+02
7.790647687683105005e+02
8.009035827026367542e+02
7.931742288818359157e+02
7.730251527862549210e+02
7.970282911682129452e+02
7.817374421539307150e+02
7.731529677886962872e+02
7.771622662200927607e+02
7.760157942810058103e+02
7.853968693695068168e+02
7.917534220123291107e+02
7.921271913909912428e+02
7.691018728637695858e+02
7.769518868408202934e+02
7.837876338195800372e+02
7.739812842712402698e+02
7.782262761230468868e+02
