3.327600061893463135e-01
3.726800084114074707e-01
3.810800015926361084e-01
3.892399966716766357e-01
3.930400013923645020e-01
3.971599936485290527e-01
4.042400121688842773e-01
4.079799950122833252e-01
4.098800122737884521e-01
4.127399921417236328e-01
4.142400026321411133e-01
4.185599982738494873e-01
4.223800003528594971e-01
4.227800071239471436e-01
4.228200018405914307e-01
4.254199862480163574e-01
4.255799949169158936e-01
4.268200099468231201e-01
4.317399859428405762e-01
4.320800006389617920e-01
4.331600069999694824e-01
4.307999908924102783e-01
4.360400140285491943e-01
4.313200116157531738e-01
4.379400014877319336e-01
4.388799965381622314e-01
4.401200115680694580e-01
4.392600059509277344e-01
4.419800043106079102e-01
4.413799941539764404e-01
4.396800100803375244e-01
4.381999969482421875e-01
4.456599950790405273e-01
4.440799951553344727e-01
4.451200067996978760e-01
4.455800056457519531e-01
4.459800124168395996e-01
4.430199861526489258e-01
4.492599964141845703e-01
4.469200074672698975e-01
4.465000033378601074e-01
4.513800144195556641e-01
4.492799937725067139e-01
4.493399858474731445e-01
4.496400058269500732e-01
4.479799866676330566e-01
4.498600065708160400e-01
4.490999877452850342e-01
4.513199925422668457e-01
4.505800008773803711e-01
4.515399932861328125e-01
4.506599903106689453e-01
4.539000093936920166e-01
4.509199857711791992e-01
4.539799988269805908e-01
4.571200013160705566e-01
4.523200094699859619e-01
4.583399891853332520e-01
4.562000036239624023e-01
4.550400078296661377e-01
4.589000046253204346e-01
4.545199871063232422e-01
4.541600048542022705e-01
4.575600028038024902e-01
4.582000076770782471e-01
4.561200141906738281e-01
4.546999931335449219e-01
4.575000107288360596e-01
4.589399993419647217e-01
4.605399966239929199e-01
4.606199860572814941e-01
4.575800001621246338e-01
4.618000090122222900e-01
4.570200145244598389e-01
4.587799906730651855e-01
4.608800113201141357e-01
4.585399925708770752e-01
4.577200114727020264e-01
4.602000117301940918e-01
4.579800069332122803e-01
4.621599912643432617e-01
4.586200118064880371e-01
4.636799991130828857e-01
4.622200131416320801e-01
4.614799916744232178e-01
4.605399966239929199e-01
4.628599882125854492e-01
4.624800086021423340e-01
4.641999900341033936e-01
4.625200033187866211e-01
4.602600038051605225e-01
4.655599892139434814e-01
4.633400142192840576e-01
4.645799994468688965e-01
4.627999961376190186e-01
4.648399949073791504e-01
4.670200049877166748e-01
4.681600034236907959e-01
4.652200043201446533e-01
4.645799994468688965e-01
4.627000093460083008e-01
4.655399918556213379e-01
4.667800068855285645e-01
4.683800041675567627e-01
4.691199958324432373e-01
4.669600129127502441e-01
4.657199978828430176e-01
4.671399891376495361e-01
4.667600095272064209e-01
4.612199962139129639e-01
4.645600020885467529e-01
4.675999879837036133e-01
4.671399891376495361e-01
4.694199860095977783e-01
4.680399894714355469e-01
4.683800041675567627e-01
4.670999944210052490e-01
4.664199948310852051e-01
4.713999927043914795e-01
4.668200016021728516e-01
4.681600034236907959e-01
4.704400002956390381e-01
4.712600111961364746e-01
4.686999917030334473e-01
4.716199934482574463e-01
4.686399996280670166e-01
4.694600105285644531e-01
4.695200026035308838e-01
4.688000082969665527e-01
4.686999917030334473e-01
4.704000055789947510e-01
4.712400138378143311e-01
4.690000116825103760e-01
4.723199903964996338e-01
4.716199934482574463e-01
4.718599915504455566e-01
4.696800112724304199e-01
4.742400050163269043e-01
4.701800048351287842e-01
4.700799882411956787e-01
4.716599881649017334e-01
4.740200042724609375e-01
4.725199937820434570e-01
4.709799885749816895e-01
4.727399945259094238e-01
4.744200110435485840e-01
4.703600108623504639e-01
4.710200130939483643e-01
4.734799861907958984e-01
4.718199968338012695e-01
4.716199934482574463e-01
4.726999998092651367e-01
4.725199937820434570e-01
4.738399982452392578e-01
4.735200107097625732e-01
4.695399999618530273e-01
4.741800129413604736e-01
4.708000123500823975e-01
4.723800122737884521e-01
4.710600078105926514e-01
4.719400107860565186e-01
4.729999899864196777e-01
4.711399972438812256e-01
4.720599949359893799e-01
4.719800055027008057e-01
4.702199995517730713e-01
4.723599851131439209e-01
4.751400053501129150e-01
4.742799997329711914e-01
4.761799871921539307e-01
4.739199876785278320e-01
4.722599983215332031e-01
4.740599989891052246e-01
4.741800129413604736e-01
4.740400016307830811e-01
4.760600030422210693e-01
4.754599928855895996e-01
4.756799936294555664e-01
4.778400063514709473e-01
4.736999869346618652e-01
4.757600128650665283e-01
4.732599854469299316e-01
4.763799905776977539e-01
4.751400053501129150e-01
4.774999916553497314e-01
4.772799909114837646e-01
4.749799966812133789e-01
4.772599935531616211e-01
4.732399880886077881e-01
4.763999879360198975e-01
4.762800037860870361e-01
4.797599911689758301e-01
4.730400145053863525e-01
4.742200076580047607e-01
4.740400016307830811e-01
4.758200049400329590e-01
4.829800128936767578e-01
4.765999913215637207e-01
4.763199985027313232e-01
4.770599901676177979e-01
4.758799970149993896e-01
4.767999947071075439e-01
4.770599901676177979e-01
4.787600040435791016e-01
4.785999953746795654e-01
4.775800108909606934e-01
4.784399867057800293e-01
4.778200089931488037e-01
4.783200025558471680e-01
4.760800004005432129e-01
4.790599942207336426e-01
4.771200120449066162e-01
4.791400134563446045e-01
4.815999865531921387e-01
4.775800108909606934e-01
4.812999963760375977e-01
4.772799909114837646e-01
4.790799915790557861e-01
4.801799952983856201e-01
4.770599901676177979e-01
4.795399904251098633e-01
4.788799881935119629e-01
4.815599918365478516e-01
4.794999957084655762e-01
4.787400066852569580e-01
4.779999852180480957e-01
4.810599982738494873e-01
4.830799996852874756e-01
4.798800051212310791e-01
4.797199964523315430e-01
4.795199930667877197e-01
4.806199967861175537e-01
4.802399873733520508e-01
4.810599982738494873e-01
4.773800075054168701e-01
4.833000004291534424e-01
4.804399907588958740e-01
4.801000058650970459e-01
4.805800020694732666e-01
4.802199900150299072e-01
4.814200103282928467e-01
4.786800146102905273e-01
4.823200106620788574e-01
4.826799929141998291e-01
4.840599894523620605e-01
4.798400104045867920e-01
4.848400056362152100e-01
4.809800088405609131e-01
4.780600070953369141e-01
4.805600047111511230e-01
4.795599877834320068e-01
4.796200096607208252e-01
4.790000021457672119e-01
4.844799935817718506e-01
4.814000129699707031e-01
4.806599915027618408e-01
4.829199910163879395e-01
4.849799871444702148e-01
4.825200140476226807e-01
4.862999916076660156e-01
4.790799915790557861e-01
4.805000126361846924e-01
4.806799888610839844e-01
4.802800118923187256e-01
4.846999943256378174e-01
4.806599915027618408e-01
4.846999943256378174e-01
4.837200045585632324e-01
4.841800034046173096e-01
4.816600084304809570e-01
4.823400080204010010e-01
4.816800057888031006e-01
4.816800057888031006e-01
4.831799864768981934e-01
4.852199852466583252e-01
4.822799861431121826e-01
4.854600131511688232e-01
4.840399920940399170e-01
4.828200042247772217e-01
4.840399920940399170e-01
4.818199872970581055e-01
4.868200123310089111e-01
4.823800027370452881e-01
4.848400056362152100e-01
4.837200045585632324e-01
4.833999872207641602e-01
4.846999943256378174e-01
4.853200018405914307e-01
4.860599935054779053e-01
4.838399887084960938e-01
4.848000109195709229e-01
4.873200058937072754e-01
4.855200052261352539e-01
4.860799908638000488e-01
4.830999970436096191e-01
4.850200116634368896e-01
4.838399887084960938e-01
4.878599941730499268e-01
4.854800105094909668e-01
4.873200058937072754e-01
4.826000034809112549e-01
4.869199991226196289e-01
4.848200082778930664e-01
4.845399856567382812e-01
4.878000020980834961e-01
4.846400022506713867e-01
4.871200025081634521e-01
4.848400056362152100e-01
4.855000078678131104e-01
4.861800074577331543e-01
4.855400025844573975e-01
4.856399893760681152e-01
4.856800138950347900e-01
4.862999916076660156e-01
4.875200092792510986e-01
4.862999916076660156e-01
4.889000058174133301e-01
4.889999926090240479e-01
4.867599904537200928e-01
4.886200129985809326e-01
4.879400134086608887e-01
4.889000058174133301e-01
4.857400059700012207e-01
4.848200082778930664e-01
4.883800148963928223e-01
4.878599941730499268e-01
4.882999956607818604e-01
4.877400100231170654e-01
4.847199916839599609e-01
4.872199892997741699e-01
4.886800050735473633e-01
4.880999922752380371e-01
4.853200018405914307e-01
4.887199997901916504e-01
4.878399968147277832e-01
4.874399900436401367e-01
4.869000017642974854e-01
4.917399883270263672e-01
4.880999922752380371e-01
4.883199930191040039e-01
4.876799881458282471e-01
4.893400073051452637e-01
4.869399964809417725e-01
4.859200119972229004e-01
4.896000027656555176e-01
4.883199930191040039e-01
4.909000098705291748e-01
4.877200126647949219e-01
4.869000017642974854e-01
4.913200139999389648e-01
4.889000058174133301e-01
4.889799952507019043e-01
4.921799898147583008e-01
4.862200021743774414e-01
4.884400069713592529e-01
4.896000027656555176e-01
4.903599917888641357e-01
4.862999916076660156e-01
4.902600049972534180e-01
4.896399974822998047e-01
4.876999855041503906e-01
4.909600019454956055e-01
4.898599982261657715e-01
4.925200045108795166e-01
4.885799884796142578e-01
4.930799901485443115e-01
4.869399964809417725e-01
4.909999966621398926e-01
4.861600100994110107e-01
4.901799857616424561e-01
4.896200001239776611e-01
4.917599856853485107e-01
4.890600144863128662e-01
4.896599948406219482e-01
4.914799928665161133e-01
4.834800064563751221e-01
4.870800077915191650e-01
4.896799921989440918e-01
4.928399920463562012e-01
4.936200082302093506e-01
4.899399876594543457e-01
4.920000135898590088e-01
4.934999942779541016e-01
4.933600127696990967e-01
4.898000061511993408e-01
4.889400005340576172e-01
4.889400005340576172e-01
4.939199984073638916e-01
4.925000071525573730e-01
4.904200136661529541e-01
4.897400140762329102e-01
4.930999875068664551e-01
4.914399981498718262e-01
4.914799928665161133e-01
4.918400049209594727e-01
4.928399920463562012e-01
4.910399913787841797e-01
4.916000068187713623e-01
4.923000037670135498e-01
4.918999969959259033e-01
4.917599856853485107e-01
4.918600022792816162e-01
4.927600026130676270e-01
4.952799975872039795e-01
4.896000027656555176e-01
4.954000115394592285e-01
4.913200139999389648e-01
4.930799901485443115e-01
4.931200146675109863e-01
4.934200048446655273e-01
4.931600093841552734e-01
4.915800094604492188e-01
4.926399886608123779e-01
4.954600036144256592e-01
4.914399981498718262e-01
4.945999979972839355e-01
4.917599856853485107e-01
4.919599890708923340e-01
4.914599955081939697e-01
4.980799853801727295e-01
4.914999902248382568e-01
4.932999908924102783e-01
4.918600022792816162e-01
4.929800033569335938e-01
4.938400089740753174e-01
4.926800131797790527e-01
4.915400147438049316e-01
4.952200055122375488e-01
4.954800009727478027e-01
4.935199916362762451e-01
4.957799911499023438e-01
4.919799864292144775e-01
4.961600005626678467e-01
4.949600100517272949e-01
4.939999878406524658e-01
4.966000020503997803e-01
4.943400025367736816e-01
4.932799935340881348e-01
4.962599873542785645e-01
4.940800070762634277e-01
4.925799965858459473e-01
4.930599927902221680e-01
4.973999857902526855e-01
4.959399998188018799e-01
4.958400130271911621e-01
4.942199885845184326e-01
4.934999942779541016e-01
4.979400038719177246e-01
4.967199862003326416e-01
4.956800043582916260e-01
4.966799914836883545e-01
4.974400103092193604e-01
4.961600005626678467e-01
4.970400035381317139e-01
4.975799918174743652e-01
4.963800013065338135e-01
4.976600110530853271e-01
4.957199990749359131e-01
4.953800141811370850e-01
4.950799942016601562e-01
4.945000112056732178e-01
4.991599917411804199e-01
4.978600144386291504e-01
4.939599931240081787e-01
4.962800145149230957e-01
4.981000125408172607e-01
4.984000027179718018e-01
4.960600137710571289e-01
4.944599866867065430e-01
4.950200021266937256e-01
4.974200129508972168e-01
4.964799880981445312e-01
4.962399899959564209e-01
4.997600018978118896e-01
4.963000118732452393e-01
4.998199939727783203e-01
4.944399893283843994e-01
4.986400008201599121e-01
4.981400072574615479e-01
4.991799890995025635e-01
4.975399971008300781e-01
4.930599927902221680e-01
4.964799880981445312e-01
4.985600113868713379e-01
4.976600110530853271e-01
4.971199929714202881e-01
4.975999891757965088e-01
5.012199878692626953e-01
5.001199841499328613e-01
4.988000094890594482e-01
4.982999861240386963e-01
5.001599788665771484e-01
4.984999895095825195e-01
4.979799985885620117e-01
4.987600147724151611e-01
4.981800019741058350e-01
4.982599914073944092e-01
4.972000122070312500e-01
4.986200034618377686e-01
4.991799890995025635e-01
