1.002800017595291138e-01
9.929999709129333496e-02
9.984000027179718018e-02
9.914000332355499268e-02
9.929999709129333496e-02
9.831999987363815308e-02
1.018399968743324280e-01
1.000600010156631470e-01
9.811999648809432983e-02
9.960000216960906982e-02
1.006600037217140198e-01
1.007800027728080750e-01
1.010800004005432129e-01
9.979999810457229614e-02
1.006600037217140198e-01
1.015999987721443176e-01
1.005199998617172241e-01
1.006999984383583069e-01
9.821999818086624146e-02
1.026000007987022400e-01
1.017599999904632568e-01
1.042400002479553223e-01
1.022600010037422180e-01
1.042999997735023499e-01
1.073800027370452881e-01
1.089000031352043152e-01
1.095200031995773315e-01
1.165399998426437378e-01
1.226999983191490173e-01
1.313800066709518433e-01
1.362999975681304932e-01
1.453599929809570312e-01
1.473000049591064453e-01
1.509200036525726318e-01
1.570200026035308838e-01
1.621800065040588379e-01
1.673000007867813110e-01
1.649399995803833008e-01
1.698399931192398071e-01
1.716600060462951660e-01
1.743199974298477173e-01
1.770199984312057495e-01
1.771200001239776611e-01
1.785199940204620361e-01
1.803999990224838257e-01
1.786800026893615723e-01
1.810799986124038696e-01
1.843599975109100342e-01
1.825000047683715820e-01
1.853400021791458130e-01
1.877000033855438232e-01
1.905599981546401978e-01
1.903399974107742310e-01
1.894000023603439331e-01
1.951400041580200195e-01
1.959400027990341187e-01
2.014999985694885254e-01
1.990800052881240845e-01
1.997600048780441284e-01
2.030999958515167236e-01
2.053599953651428223e-01
2.095600068569183350e-01
2.110400050878524780e-01
2.139399945735931396e-01
2.192199975252151489e-01
2.201199978590011597e-01
2.242600023746490479e-01
2.286600023508071899e-01
2.329400032758712769e-01
2.362599968910217285e-01
2.358199954032897949e-01
2.382400035858154297e-01
2.410600036382675171e-01
2.492399960756301880e-01
2.478400021791458130e-01
2.563399970531463623e-01
2.574200034141540527e-01
2.597399950027465820e-01
2.624399960041046143e-01
2.663399875164031982e-01
2.644599974155426025e-01
2.686800062656402588e-01
2.698999941349029541e-01
2.776800096035003662e-01
2.753399908542633057e-01
2.757999897003173828e-01
2.820599973201751709e-01
2.835600078105926514e-01
2.855400145053863525e-01
2.830199897289276123e-01
2.869400084018707275e-01
2.872200012207031250e-01
2.861000001430511475e-01
2.910200059413909912e-01
2.901200056076049805e-01
2.892799973487854004e-01
2.948400080204010010e-01
2.943400144577026367e-01
2.989400029182434082e-01
2.996599972248077393e-01
3.000000119209289551e-01
3.002600073814392090e-01
3.049199879169464111e-01
3.057599961757659912e-01
3.055999875068664551e-01
3.059400022029876709e-01
3.101800084114074707e-01
3.104600012302398682e-01
3.107199966907501221e-01
3.103600144386291504e-01
3.137199878692626953e-01
3.123799860477447510e-01
3.157399892807006836e-01
3.176600039005279541e-01
3.197799921035766602e-01
3.201600015163421631e-01
3.199200034141540527e-01
3.233599960803985596e-01
3.247199952602386475e-01
3.224000036716461182e-01
3.272599875926971436e-01
3.259800076484680176e-01
3.290799856185913086e-01
3.280999958515167236e-01
3.311800062656402588e-01
3.328599929809570312e-01
3.339599967002868652e-01
3.342800140380859375e-01
3.359999954700469971e-01
3.362399935722351074e-01
3.387399911880493164e-01
3.361200094223022461e-01
3.401400148868560791e-01
3.384000062942504883e-01
3.405599892139434814e-01
3.407599925994873047e-01
3.414399921894073486e-01
3.423399925231933594e-01
3.445599973201751709e-01
3.448199927806854248e-01
3.463200032711029053e-01
3.476000130176544189e-01
3.461199998855590820e-01
3.466799855232238770e-01
3.515799939632415771e-01
3.488000035285949707e-01
3.483200073242187500e-01
3.549799919128417969e-01
3.493399918079376221e-01
3.528600037097930908e-01
3.560000061988830566e-01
3.517400026321411133e-01
3.540599942207336426e-01
3.526200056076049805e-01
3.536399900913238525e-01
3.545799851417541504e-01
3.567599952220916748e-01
3.567200005054473877e-01
3.575800061225891113e-01
3.606800138950347900e-01
3.576799929141998291e-01
3.597599864006042480e-01
3.632799983024597168e-01
3.599599897861480713e-01
3.605999946594238281e-01
3.650400042533874512e-01
3.630599975585937500e-01
3.641799986362457275e-01
3.639200031757354736e-01
3.625400066375732422e-01
3.670200109481811523e-01
3.665400147438049316e-01
3.657200038433074951e-01
3.680199980735778809e-01
3.669599890708923340e-01
3.678599894046783447e-01
3.696199953556060791e-01
3.689999878406524658e-01
3.704200088977813721e-01
3.716599941253662109e-01
3.700999915599822998e-01
3.728600144386291504e-01
3.714799880981445312e-01
3.707199990749359131e-01
3.708400130271911621e-01
3.707599937915802002e-01
3.741799890995025635e-01
3.732199966907501221e-01
3.749400079250335693e-01
3.738600015640258789e-01
3.777799904346466064e-01
3.729600012302398682e-01
3.759399950504302979e-01
3.761000037193298340e-01
3.744600117206573486e-01
3.788799941539764404e-01
3.772400021553039551e-01
3.759599924087524414e-01
3.765999972820281982e-01
3.799000084400177002e-01
3.798399865627288818e-01
3.776200115680694580e-01
3.831200003623962402e-01
3.808400034904479980e-01
3.802399933338165283e-01
3.796199858188629150e-01
3.821600079536437988e-01
3.819999992847442627e-01
3.849799931049346924e-01
3.830400109291076660e-01
3.840399980545043945e-01
3.862800002098083496e-01
3.851599991321563721e-01
3.876999914646148682e-01
3.864400088787078857e-01
3.828999996185302734e-01
3.880400061607360840e-01
3.864800035953521729e-01
3.868399858474731445e-01
3.878999948501586914e-01
3.858999907970428467e-01
3.886800110340118408e-01
3.878200054168701172e-01
3.894000053405761719e-01
3.916000127792358398e-01
3.876399993896484375e-01
3.901999890804290771e-01
3.878400027751922607e-01
3.928000032901763916e-01
3.923400044441223145e-01
3.890999853610992432e-01
3.898999989032745361e-01
3.941200077533721924e-01
3.950600028038024902e-01
3.946399986743927002e-01
3.934000134468078613e-01
3.956399857997894287e-01
3.926199972629547119e-01
3.950400054454803467e-01
3.946799933910369873e-01
3.955399990081787109e-01
3.943000137805938721e-01
3.950000107288360596e-01
3.931399881839752197e-01
3.941000103950500488e-01
3.961000144481658936e-01
3.987599909305572510e-01
3.989999890327453613e-01
4.010800123214721680e-01
3.999199867248535156e-01
3.985399901866912842e-01
3.998399972915649414e-01
3.975400030612945557e-01
3.992600142955780029e-01
4.012199938297271729e-01
4.017400145530700684e-01
4.004600048065185547e-01
4.033200144767761230e-01
4.036999940872192383e-01
4.003799855709075928e-01
4.010399878025054932e-01
4.042200148105621338e-01
4.039399921894073486e-01
4.014999866485595703e-01
4.027599990367889404e-01
4.050399959087371826e-01
4.045799970626831055e-01
4.028399884700775146e-01
4.034799933433532715e-01
4.075399935245513916e-01
4.064599871635437012e-01
4.084799885749816895e-01
4.069800078868865967e-01
4.070999920368194580e-01
4.069600105285644531e-01
4.063600003719329834e-01
4.057399928569793701e-01
4.054000079631805420e-01
4.063600003719329834e-01
4.091799855232238770e-01
4.087800085544586182e-01
4.099999964237213135e-01
4.107800126075744629e-01
4.062199890613555908e-01
4.083600044250488281e-01
4.099600017070770264e-01
4.100599884986877441e-01
4.090400040149688721e-01
4.120000004768371582e-01
4.064399898052215576e-01
4.102599918842315674e-01
4.133999943733215332e-01
4.126999974250793457e-01
4.163399934768676758e-01
4.118799865245819092e-01
4.143399894237518311e-01
4.154599905014038086e-01
4.122999906539916992e-01
4.138799905776977539e-01
4.154199957847595215e-01
4.151200056076049805e-01
4.159199893474578857e-01
4.148400127887725830e-01
4.148199856281280518e-01
4.134399890899658203e-01
4.154399931430816650e-01
4.160799980163574219e-01
4.150199890136718750e-01
4.187400043010711670e-01
4.138799905776977539e-01
4.174999892711639404e-01
4.163599908351898193e-01
4.170199930667877197e-01
4.165399968624114990e-01
4.181999862194061279e-01
4.173600077629089355e-01
4.176400005817413330e-01
4.147799909114837646e-01
4.204399883747100830e-01
4.191200137138366699e-01
4.191400110721588135e-01
4.208399951457977295e-01
4.194200038909912109e-01
4.213199913501739502e-01
4.189400076866149902e-01
4.208599925041198730e-01
4.226999878883361816e-01
4.257799983024597168e-01
4.198600053787231445e-01
4.218600094318389893e-01
4.199199974536895752e-01
4.204800128936767578e-01
4.236400127410888672e-01
4.221799969673156738e-01
4.230999946594238281e-01
4.246200025081634521e-01
4.217399954795837402e-01
4.225400090217590332e-01
4.246200025081634521e-01
4.263600111007690430e-01
4.251199960708618164e-01
4.266999959945678711e-01
4.271399974822998047e-01
4.267199933528900146e-01
4.239799976348876953e-01
4.254199862480163574e-01
4.238600134849548340e-01
4.261600077152252197e-01
4.260599911212921143e-01
4.268400073051452637e-01
4.264000058174133301e-01
4.299199879169464111e-01
4.260999858379364014e-01
4.288200139999389648e-01
4.288400113582611084e-01
4.278599917888641357e-01
4.291200041770935059e-01
4.277200102806091309e-01
4.306800067424774170e-01
4.271999895572662354e-01
4.291799962520599365e-01
4.288200139999389648e-01
4.312399923801422119e-01
4.311400055885314941e-01
4.279400110244750977e-01
4.302999973297119141e-01
4.312399923801422119e-01
4.313000142574310303e-01
4.320400059223175049e-01
4.313800036907196045e-01
4.314399957656860352e-01
4.312399923801422119e-01
4.297600090503692627e-01
4.325799942016601562e-01
4.300599992275238037e-01
4.318400025367736816e-01
4.338999986648559570e-01
4.341399967670440674e-01
4.334399998188018799e-01
4.352200031280517578e-01
4.344800114631652832e-01
4.339999854564666748e-01
4.344800114631652832e-01
4.348999857902526855e-01
4.350599944591522217e-01
4.349600076675415039e-01
4.379000067710876465e-01
4.359599947929382324e-01
4.347400069236755371e-01
4.341799914836883545e-01
4.352000057697296143e-01
4.336000084877014160e-01
4.376600086688995361e-01
4.359000027179718018e-01
4.372000098228454590e-01
4.402999877929687500e-01
4.381999969482421875e-01
4.391199946403503418e-01
4.365200102329254150e-01
4.356400072574615479e-01
4.372999966144561768e-01
4.389199912548065186e-01
4.368200004100799561e-01
4.376200139522552490e-01
4.401200115680694580e-01
4.381200075149536133e-01
4.386599957942962646e-01
4.388799965381622314e-01
4.406999945640563965e-01
4.390600025653839111e-01
4.376600086688995361e-01
4.423600137233734131e-01
4.401800036430358887e-01
4.411000013351440430e-01
4.392200112342834473e-01
4.410400092601776123e-01
4.415000081062316895e-01
4.412400126457214355e-01
4.406400024890899658e-01
4.416599869728088379e-01
4.407599866390228271e-01
4.408999979496002197e-01
4.430199861526489258e-01
4.422399997711181641e-01
4.411999881267547607e-01
4.440400004386901855e-01
4.421199858188629150e-01
4.417999982833862305e-01
4.413200020790100098e-01
4.442999958992004395e-01
4.444200098514556885e-01
4.430400133132934570e-01
4.443199932575225830e-01
4.458000063896179199e-01
4.413599967956542969e-01
4.441399872303009033e-01
4.424200057983398438e-01
4.465200006961822510e-01
4.486199915409088135e-01
4.452799856662750244e-01
4.459599852561950684e-01
4.457600116729736328e-01
4.478999972343444824e-01
4.492000043392181396e-01
4.463599920272827148e-01
4.466600120067596436e-01
4.482400119304656982e-01
4.480200111865997314e-01
4.482400119304656982e-01
4.442600011825561523e-01
4.462800025939941406e-01
4.466800093650817871e-01
4.475800096988677979e-01
4.483200013637542725e-01
4.494999945163726807e-01
4.489000141620635986e-01
4.474000036716461182e-01
4.498000144958496094e-01
4.509600102901458740e-01
4.483200013637542725e-01
4.487800002098083496e-01
4.492999911308288574e-01
4.492399990558624268e-01
4.526799917221069336e-01
4.508199989795684814e-01
4.520199894905090332e-01
4.501399993896484375e-01
4.505999982357025146e-01
4.535399973392486572e-01
4.493399858474731445e-01
4.513399899005889893e-01
4.532999992370605469e-01
4.518800079822540283e-01
4.517399966716766357e-01
4.503600001335144043e-01
4.541600048542022705e-01
4.547599852085113525e-01
4.540399909019470215e-01
4.543200135231018066e-01
4.548999965190887451e-01
4.539600014686584473e-01
4.550200104713439941e-01
4.554600119590759277e-01
4.553200006484985352e-01
4.519200026988983154e-01
4.529600143432617188e-01
4.531799852848052979e-01
4.546799957752227783e-01
4.566799998283386230e-01
4.567599892616271973e-01
4.550800025463104248e-01
4.557000100612640381e-01
4.543200135231018066e-01
4.578999876976013184e-01
4.548600018024444580e-01
4.583199918270111084e-01
4.567799866199493408e-01
4.533999860286712646e-01
4.550200104713439941e-01
4.584200084209442139e-01
