9.907999634742736816e-02
1.022199988365173340e-01
1.022600010037422180e-01
9.989999979734420776e-02
1.001200005412101746e-01
1.025400012731552124e-01
9.926000237464904785e-02
1.019399985671043396e-01
1.014999970793724060e-01
1.040999963879585266e-01
1.051400005817413330e-01
1.081800013780593872e-01
1.167799979448318481e-01
1.242600008845329285e-01
1.348800063133239746e-01
1.456400007009506226e-01
1.506800055503845215e-01
1.598999947309494019e-01
1.664199978113174438e-01
1.693399995565414429e-01
1.750999987125396729e-01
1.770000010728836060e-01
1.817799955606460571e-01
1.812800019979476929e-01
1.843200027942657471e-01
1.869200021028518677e-01
1.886000037193298340e-01
1.923799961805343628e-01
1.930799931287765503e-01
1.965599954128265381e-01
1.968799978494644165e-01
1.984799951314926147e-01
2.035000026226043701e-01
2.053399980068206787e-01
2.063599973917007446e-01
2.108000069856643677e-01
2.152000069618225098e-01
2.108400017023086548e-01
2.167800068855285645e-01
2.210800051689147949e-01
2.219800055027008057e-01
2.254599928855895996e-01
2.291599959135055542e-01
2.342800050973892212e-01
2.333399951457977295e-01
2.371799945831298828e-01
2.424599975347518921e-01
2.439800053834915161e-01
2.456399947404861450e-01
2.524800002574920654e-01
2.532199919223785400e-01
2.567000091075897217e-01
2.599000036716461182e-01
2.656199932098388672e-01
2.697600126266479492e-01
2.722800076007843018e-01
2.747400104999542236e-01
2.752999961376190186e-01
2.802200019359588623e-01
2.847799956798553467e-01
2.848800122737884521e-01
2.855199873447418213e-01
2.873600125312805176e-01
2.918399870395660400e-01
2.902599871158599854e-01
2.931399941444396973e-01
2.969399988651275635e-01
2.987200021743774414e-01
2.983599901199340820e-01
3.013800084590911865e-01
2.996000051498413086e-01
3.014000058174133301e-01
3.049399852752685547e-01
3.068200051784515381e-01
3.078399896621704102e-01
3.090600073337554932e-01
3.095799982547760010e-01
3.135200142860412598e-01
3.114399909973144531e-01
3.144800066947937012e-01
3.179599940776824951e-01
3.186199963092803955e-01
3.210999965667724609e-01
3.215000033378601074e-01
3.210799992084503174e-01
3.226599991321563721e-01
3.250600099563598633e-01
3.241600096225738525e-01
3.278400003910064697e-01
3.303200006484985352e-01
3.316400051116943359e-01
3.312000036239624023e-01
3.333599865436553955e-01
3.360800147056579590e-01
3.369399905204772949e-01
3.362199962139129639e-01
3.390600085258483887e-01
3.418999910354614258e-01
3.415000140666961670e-01
3.423599898815155029e-01
3.453199863433837891e-01
3.476400077342987061e-01
3.470999896526336670e-01
3.453800082206726074e-01
3.506399989128112793e-01
3.487400114536285400e-01
3.527800142765045166e-01
3.539800047874450684e-01
3.539600074291229248e-01
3.546999990940093994e-01
3.534399867057800293e-01
3.540999889373779297e-01
3.594000041484832764e-01
3.571400046348571777e-01
3.596000075340270996e-01
3.610599935054779053e-01
3.610199987888336182e-01
3.631600141525268555e-01
3.617999851703643799e-01
3.639599978923797607e-01
3.630200028419494629e-01
3.656400144100189209e-01
3.638600111007690430e-01
3.664399981498718262e-01
3.677400052547454834e-01
3.679000139236450195e-01
3.702000081539154053e-01
3.681800067424774170e-01
3.708600103855133057e-01
3.716000020503997803e-01
3.731600046157836914e-01
3.736999928951263428e-01
3.726600110530853271e-01
3.736599981784820557e-01
3.752599954605102539e-01
3.747600018978118896e-01
3.795399963855743408e-01
3.734399974346160889e-01
3.770999908447265625e-01
3.787199854850769043e-01
3.771199882030487061e-01
3.824599981307983398e-01
3.830400109291076660e-01
3.789600133895874023e-01
3.812400102615356445e-01
3.792999982833862305e-01
3.824000060558319092e-01
3.837000131607055664e-01
3.849799931049346924e-01
3.864800035953521729e-01
3.866199851036071777e-01
3.865399956703186035e-01
3.878999948501586914e-01
3.853200078010559082e-01
3.856199979782104492e-01
3.897199928760528564e-01
3.853400051593780518e-01
3.883999884128570557e-01
3.904600143432617188e-01
3.886600136756896973e-01
3.897199928760528564e-01
3.898800015449523926e-01
3.922199904918670654e-01
3.918800055980682373e-01
3.934600055217742920e-01
3.933799862861633301e-01
3.937200009822845459e-01
3.947800099849700928e-01
3.955599963665008545e-01
3.970800042152404785e-01
3.946599960327148438e-01
3.962399959564208984e-01
3.950800001621246338e-01
3.976599872112274170e-01
4.004000127315521240e-01
3.960599899291992188e-01
3.978399932384490967e-01
3.982799947261810303e-01
3.996599912643432617e-01
4.012599885463714600e-01
3.988400101661682129e-01
4.021799862384796143e-01
4.029200077056884766e-01
4.021199941635131836e-01
4.020999968051910400e-01
4.062399864196777344e-01
4.050199985504150391e-01
4.067600071430206299e-01
4.052200019359588623e-01
4.051800072193145752e-01
4.046599864959716797e-01
4.077399969100952148e-01
4.071800112724304199e-01
4.049000144004821777e-01
4.064399898052215576e-01
4.092000126838684082e-01
4.092800021171569824e-01
4.087400138378143311e-01
4.104599952697753906e-01
4.095399975776672363e-01
4.090400040149688721e-01
4.093999862670898438e-01
4.144600033760070801e-01
4.132399857044219971e-01
4.116800129413604736e-01
4.153999984264373779e-01
4.110600054264068604e-01
4.138199985027313232e-01
4.120799899101257324e-01
4.159199893474578857e-01
4.130400121212005615e-01
4.130800068378448486e-01
4.168800115585327148e-01
4.138199985027313232e-01
4.151200056076049805e-01
4.167200028896331787e-01
4.176599979400634766e-01
4.180999994277954102e-01
4.176000058650970459e-01
4.192799925804138184e-01
4.168399870395660400e-01
4.190999865531921387e-01
4.224799871444702148e-01
4.201399981975555420e-01
4.210599958896636963e-01
4.230599999427795410e-01
4.208999872207641602e-01
4.237799942493438721e-01
4.204399883747100830e-01
4.217199981212615967e-01
4.205000102519989014e-01
4.235399961471557617e-01
4.224599897861480713e-01
4.235599935054779053e-01
4.231199920177459717e-01
4.261400103569030762e-01
4.251999855041503906e-01
4.271000027656555176e-01
4.257400035858154297e-01
4.275999963283538818e-01
4.245800077915191650e-01
4.277600049972534180e-01
4.255999922752380371e-01
4.270800054073333740e-01
4.280999898910522461e-01
4.287000000476837158e-01
4.284000098705291748e-01
4.284200072288513184e-01
4.302999973297119141e-01
4.302400052547454834e-01
4.282799959182739258e-01
4.269599914550781250e-01
4.299399852752685547e-01
4.303399920463562012e-01
4.316999912261962891e-01
4.307999908924102783e-01
4.338200092315673828e-01
4.311999976634979248e-01
4.317399859428405762e-01
4.350599944591522217e-01
4.359000027179718018e-01
4.356400072574615479e-01
4.370200037956237793e-01
4.339799880981445312e-01
4.338400065898895264e-01
4.341199994087219238e-01
4.359799921512603760e-01
4.370000064373016357e-01
4.354400038719177246e-01
4.369400143623352051e-01
4.370999932289123535e-01
4.411399960517883301e-01
4.377999901771545410e-01
4.403800070285797119e-01
4.404399991035461426e-01
4.411799907684326172e-01
4.389199912548065186e-01
4.410600066184997559e-01
4.420799911022186279e-01
4.386200010776519775e-01
4.394800066947937012e-01
4.384999871253967285e-01
4.423199892044067383e-01
4.416399896144866943e-01
4.416599869728088379e-01
4.419800043106079102e-01
4.412199854850769043e-01
4.425399899482727051e-01
4.430600106716156006e-01
4.453000128269195557e-01
4.454399943351745605e-01
4.465200006961822510e-01
4.454399943351745605e-01
4.444800019264221191e-01
4.442000091075897217e-01
4.500600099563598633e-01
4.485200047492980957e-01
4.436799883842468262e-01
4.472599923610687256e-01
4.480000138282775879e-01
4.475399851799011230e-01
4.460200071334838867e-01
4.485400021076202393e-01
4.507800042629241943e-01
4.470599889755249023e-01
4.519000053405761719e-01
4.484399855136871338e-01
4.491600096225738525e-01
4.501000046730041504e-01
4.501399993896484375e-01
4.511600136756896973e-01
4.482400119304656982e-01
4.495399892330169678e-01
4.504199922084808350e-01
4.530400037765502930e-01
4.493199884891510010e-01
4.550200104713439941e-01
4.548600018024444580e-01
4.546000063419342041e-01
4.537400007247924805e-01
4.555400013923645020e-01
4.543600082397460938e-01
4.533599913120269775e-01
4.532600045204162598e-01
4.536600112915039062e-01
4.522599875926971436e-01
4.555599987506866455e-01
4.575000107288360596e-01
4.565800130367279053e-01
4.543600082397460938e-01
4.535999894142150879e-01
4.582000076770782471e-01
4.551199972629547119e-01
4.563600122928619385e-01
4.591200053691864014e-01
4.558799862861633301e-01
4.580599963665008545e-01
4.571200013160705566e-01
4.574199914932250977e-01
4.577800035476684570e-01
4.598399996757507324e-01
4.570600092411041260e-01
4.557000100612640381e-01
4.596399962902069092e-01
4.614799916744232178e-01
4.601800143718719482e-01
4.614599943161010742e-01
4.616200029850006104e-01
4.632399976253509521e-01
4.572600126266479492e-01
4.584000110626220703e-01
4.634999930858612061e-01
4.634799957275390625e-01
4.639799892902374268e-01
4.599600136280059814e-01
4.632200002670288086e-01
4.629000127315521240e-01
4.616400003433227539e-01
4.640800058841705322e-01
4.628399908542633057e-01
4.645400047302246094e-01
4.661200046539306641e-01
4.644800126552581787e-01
4.641000032424926758e-01
4.633800089359283447e-01
4.635199904441833496e-01
4.650799930095672607e-01
4.651800096035003662e-01
4.657999873161315918e-01
4.669199883937835693e-01
4.670000076293945312e-01
4.685800075531005859e-01
4.675799906253814697e-01
4.678399860858917236e-01
4.658600091934204102e-01
4.688600003719329834e-01
4.650799930095672607e-01
4.678199887275695801e-01
4.682399928569793701e-01
4.686000049114227295e-01
4.700399935245513916e-01
4.713000059127807617e-01
4.685600101947784424e-01
4.702599942684173584e-01
4.689199924468994141e-01
4.670599997043609619e-01
4.690000116825103760e-01
4.719600081443786621e-01
4.693599939346313477e-01
4.672999978065490723e-01
4.702599942684173584e-01
4.686200022697448730e-01
4.727799892425537109e-01
4.725599884986877441e-01
4.721600115299224854e-01
4.757199883460998535e-01
4.717999994754791260e-01
4.730800092220306396e-01
4.753600060939788818e-01
4.744400084018707275e-01
4.735200107097625732e-01
4.708200097084045410e-01
4.733000099658966064e-01
4.733999967575073242e-01
4.742799997329711914e-01
4.744400084018707275e-01
4.733400046825408936e-01
4.751400053501129150e-01
4.753000140190124512e-01
4.740000069141387939e-01
4.733600020408630371e-01
4.751400053501129150e-01
4.740599989891052246e-01
4.758400022983551025e-01
4.751600027084350586e-01
4.754399955272674561e-01
4.774599969387054443e-01
4.755200147628784180e-01
4.786399900913238525e-01
4.769999980926513672e-01
4.799799919128417969e-01
4.747599959373474121e-01
4.775399863719940186e-01
4.798200130462646484e-01
4.793800115585327148e-01
4.790399968624114990e-01
4.766800105571746826e-01
4.745199978351593018e-01
4.768199920654296875e-01
4.785200059413909912e-01
4.767999947071075439e-01
4.783599972724914551e-01
4.770599901676177979e-01
4.779999852180480957e-01
4.802800118923187256e-01
4.790799915790557861e-01
4.792400002479553223e-01
4.790399968624114990e-01
4.826000034809112549e-01
4.819999933242797852e-01
4.808599948883056641e-01
4.809800088405609131e-01
4.783599972724914551e-01
4.817200005054473877e-01
4.816800057888031006e-01
4.827600121498107910e-01
4.794400036334991455e-01
4.807800054550170898e-01
4.821400046348571777e-01
4.847199916839599609e-01
4.797799885272979736e-01
4.837200045585632324e-01
4.808799922466278076e-01
4.864400029182434082e-01
4.824000000953674316e-01
4.839999973773956299e-01
4.824199974536895752e-01
4.824999868869781494e-01
4.826399981975555420e-01
4.837599992752075195e-01
4.850600063800811768e-01
4.835200011730194092e-01
4.836800098419189453e-01
4.854199886322021484e-01
4.861199855804443359e-01
4.854600131511688232e-01
4.845399856567382812e-01
4.839800000190734863e-01
4.855999946594238281e-01
4.846799969673156738e-01
4.843600094318389893e-01
4.858799874782562256e-01
4.842000007629394531e-01
4.850200116634368896e-01
4.894999861717224121e-01
4.853599965572357178e-01
4.872399866580963135e-01
4.882600009441375732e-01
4.896000027656555176e-01
4.842199981212615967e-01
4.880799949169158936e-01
4.851000010967254639e-01
4.845399856567382812e-01
4.901799857616424561e-01
4.888199865818023682e-01
4.879400134086608887e-01
4.900400042533874512e-01
4.890800118446350098e-01
4.891999959945678711e-01
4.887399971485137939e-01
4.896000027656555176e-01
4.891999959945678711e-01
4.887000024318695068e-01
4.885999858379364014e-01
4.872399866580963135e-01
4.905999898910522461e-01
4.899600148200988770e-01
4.843400120735168457e-01
4.901199936866760254e-01
4.934799969196319580e-01
