2.781667419433593746e+00
2.800114011764526456e+00
2.736189679145812903e+00
2.776453530311584483e+00
2.778662965774536087e+00
2.711185607910156392e+00
2.704728142738342278e+00
2.636458010673523145e+00
2.636813282012939297e+00
2.626336774349212533e+00
2.653058922290802091e+00
2.618674997329712095e+00
2.639336223125457792e+00
2.619091342926025412e+00
2.573918342113494795e+00
2.575837418079376384e+00
2.596267701625823765e+00
2.582781538009643718e+00
2.579231770515441724e+00
2.571374669075012331e+00
2.566512850284576430e+00
2.563691074371337919e+00
2.548852598190307628e+00
2.538989631652832202e+00
2.529153860569000045e+00
2.537411547660827438e+00
2.521841543197631985e+00
2.510350109100341953e+00
2.510598277091979913e+00
2.505180184841155899e+00
2.506140696048736682e+00
2.502414007186889666e+00
2.488886306285857941e+00
2.503260516643524003e+00
2.499632236480712866e+00
2.488181803703308326e+00
2.468491823196411250e+00
2.483249894618988041e+00
2.476726598262787071e+00
2.458029293060302933e+00
2.466059447765350132e+00
2.464105288028716867e+00
2.449668988227844402e+00
2.438122432708740295e+00
2.454307846546173177e+00
2.443096351146698098e+00
2.446679207324981675e+00
2.443842483997344939e+00
2.436248050212860061e+00
2.446931530952453748e+00
2.429642631530761765e+00
2.430548210144042987e+00
2.437973071098327615e+00
2.427113638877868684e+00
2.438496660709381203e+00
2.419736052989959862e+00
2.415337098121642878e+00
2.425363089561462182e+00
2.416088108539581114e+00
2.412417184829712014e+00
2.422653978824615528e+00
2.407552247524261446e+00
2.400741988182067743e+00
2.410430815696716245e+00
2.410591246604919302e+00
2.394977918624877855e+00
2.407024448871612599e+00
2.397636426925659148e+00
2.393579965114593477e+00
2.395339368820190273e+00
2.393599288463592600e+00
2.393799695014953599e+00
2.385445693969726388e+00
2.390521651268005421e+00
2.394680655956268112e+00
2.385742974281311213e+00
2.388069069385528653e+00
2.382740906715393070e+00
2.380959228515624915e+00
2.388944791316986116e+00
2.379965873718261626e+00
2.375418225765228097e+00
2.384731964588165276e+00
2.378555965900420954e+00
2.379076287269592083e+00
2.373702991962432840e+00
2.375846256732940809e+00
2.373841605663299603e+00
2.381038110733032287e+00
2.375122210502624398e+00
2.372438935756683520e+00
2.372158643245696918e+00
2.370099881649017526e+00
2.367842861175537106e+00
2.364645655155181991e+00
2.365880016326904478e+00
2.374335781097411946e+00
2.367363076686859191e+00
2.367538412094116307e+00
2.361393362998962520e+00
2.362531314849853459e+00
2.362763206958770734e+00
2.357408164501190395e+00
2.363517426967620683e+00
2.361341263294220116e+00
2.359125821590423389e+00
2.365496688842773310e+00
2.362888917922973508e+00
2.359867372989654655e+00
2.357294995784759539e+00
2.359342458248138374e+00
2.354478907108306984e+00
2.353285236358642507e+00
2.359955139636993326e+00
2.354584788799285899e+00
2.351036670684814478e+00
2.351634799957275312e+00
2.354216490268707496e+00
2.354008533954620397e+00
2.349345119476318189e+00
2.349585988998413200e+00
2.349360719680785969e+00
2.354317190170287954e+00
2.344343437194824187e+00
2.348204336166381800e+00
2.342109327316284073e+00
2.337075032711029010e+00
2.337157172203064182e+00
2.325492946624756030e+00
2.319656455039977860e+00
2.300174818038940305e+00
2.284600954055786115e+00
2.269139917373657056e+00
2.257079823493957527e+00
2.235662841796874911e+00
2.224389822959899732e+00
2.212993900775909406e+00
2.204988108158111526e+00
2.194575789928436382e+00
2.191260911226272423e+00
2.188992005825042941e+00
2.174573013782501008e+00
2.169515225887298726e+00
2.163915507316589437e+00
2.167687149286269932e+00
2.154321480989456195e+00
2.153995560407638621e+00
2.151547402381897012e+00
2.145933121204376182e+00
2.143425760746002329e+00
2.138316455125808702e+00
2.142073734760284509e+00
2.135288923025131069e+00
2.134161756753921502e+00
2.130566236019134418e+00
2.124985414028167874e+00
2.122275697231292835e+00
2.118015381097793526e+00
2.113768052577972512e+00
2.112243621349334521e+00
2.105922860860824475e+00
2.102506783246993916e+00
2.100453840017318718e+00
2.097439759969711215e+00
2.090035415649413864e+00
2.086456980705261088e+00
2.089616141319274867e+00
2.078741075992584175e+00
2.081582770824432327e+00
2.073757160186767479e+00
2.073515015125274807e+00
2.068185025691986034e+00
2.065496427536010593e+00
2.065609262228012000e+00
2.058686836719513025e+00
2.056288923025131332e+00
2.056045609951019149e+00
2.051855363368987994e+00
2.045438882112502910e+00
2.042772005319595241e+00
2.041542205095291163e+00
2.037824631929397778e+00
2.034515058994293302e+00
2.033949785709380897e+00
2.026397789716720688e+00
2.028191007375717003e+00
2.023644742012023823e+00
2.019388519287109496e+00
2.021172536849975554e+00
2.019852447509765447e+00
2.010852008104324185e+00
2.011816023588180347e+00
2.006112518787384058e+00
2.008982585668563914e+00
2.004106117248535046e+00
2.002051059484482032e+00
2.003353322982788232e+00
1.997325289011001592e+00
1.998681141138076711e+00
1.994105125188827543e+00
1.996336635589599506e+00
1.993008890867233207e+00
1.988598541021347144e+00
1.984062070846557724e+00
1.983565484046936112e+00
1.980994103193283173e+00
1.978656147003173826e+00
1.980930559158325277e+00
1.973936760187149142e+00
1.976766919374465914e+00
1.975440891504287810e+00
1.969091527700424171e+00
1.972762579679489203e+00
1.968055162906646727e+00
1.966232262372970663e+00
1.964518503665924065e+00
1.965067591905593769e+00
1.959546054124832182e+00
1.960320502519607544e+00
1.955921231985092268e+00
1.958062187910079910e+00
1.956139338970184216e+00
1.954015634059905970e+00
1.951029618740081739e+00
1.945014572858810409e+00
1.944608226776123105e+00
1.949679874420165993e+00
1.947666576147079498e+00
1.940762796163558956e+00
1.943419466257095385e+00
1.938285622119903628e+00
1.939249870300292944e+00
1.937967564821243327e+00
1.934766458749771045e+00
1.934132127761840847e+00
1.933548135042190586e+00
1.930894310235977240e+00
1.929408994913101250e+00
1.931034992456436061e+00
1.929645822048187354e+00
1.923321382284164383e+00
1.923596040964126619e+00
1.919796130418777391e+00
1.922969342231750423e+00
1.918141794919967724e+00
1.920415317058563165e+00
1.914272734880447357e+00
1.915124570846557628e+00
1.916778468608856256e+00
1.912945847272872868e+00
1.909851850032806331e+00
1.910852317094802855e+00
1.909966243743896452e+00
1.908026758193969830e+00
1.908033036947250460e+00
1.906558240890502853e+00
1.901053659915924010e+00
1.898589760303497354e+00
1.901570799112319854e+00
1.898643906354904098e+00
1.900093388319015419e+00
1.896797227859497115e+00
1.895310587644577049e+00
1.902633550405502305e+00
1.895087441444397003e+00
1.891664475440979043e+00
1.891605470180511395e+00
1.891785485506057629e+00
1.885339523315429755e+00
1.893256965875625530e+00
1.887670193433761634e+00
1.890341962814330978e+00
1.888691585302352927e+00
1.879116357326507503e+00
1.882353830099105840e+00
1.878490257263183638e+00
1.879010165214538564e+00
1.876750180006027113e+00
1.875185407638549906e+00
1.877366479158401491e+00
1.876157611608505249e+00
1.875731395006179802e+00
1.875072530269622728e+00
1.868935296773910570e+00
1.877985825538635245e+00
1.870504283905029208e+00
1.865235615253448387e+00
1.869770689725875901e+00
1.868548379659652703e+00
1.861927473306655978e+00
1.864935057640075611e+00
1.863590535879135146e+00
1.858776367902755799e+00
1.859480029106140186e+00
1.859794443130493136e+00
1.856698341608047587e+00
1.861281982898712162e+00
1.857105679512023988e+00
1.855484723091125554e+00
1.854024684906005804e+00
1.856361723661422714e+00
1.857865808486938386e+00
1.849357286214828422e+00
1.848513362407684379e+00
1.850687813520431435e+00
1.847214161396026677e+00
1.850444386959075871e+00
1.845545923709869474e+00
1.846416906833648675e+00
1.848162979602813616e+00
1.843884101390838692e+00
1.842099840879440231e+00
1.840464152574539103e+00
1.842551712274551390e+00
1.837824106454849282e+00
1.840059676647186171e+00
1.843589848279953092e+00
1.836646367549896297e+00
1.838817118406295803e+00
1.835554915666580245e+00
1.839802823543548627e+00
1.835858255624771118e+00
1.834337018489837545e+00
1.835766400575637780e+00
1.834230371952056959e+00
1.833107109069824325e+00
1.831783500671386733e+00
1.827877979278564435e+00
1.825170933723449629e+00
1.832847132682800195e+00
1.830265691995620836e+00
1.823282727003097570e+00
1.825745081901550382e+00
1.824154422283172705e+00
1.829658307313918986e+00
1.818601623535156309e+00
1.820994938135147123e+00
1.822934966564178527e+00
1.818619876861572227e+00
1.815353681564330968e+00
1.819379588365554801e+00
1.823725077152252183e+00
1.820483678340911959e+00
1.817100294828414953e+00
1.816086266040801922e+00
1.812511602163314750e+00
1.814490786552429125e+00
1.816069934606552083e+00
1.813072859764099043e+00
1.813882992744445755e+00
1.811896196842193607e+00
1.812229690551757866e+00
1.806724343299865643e+00
1.808874245643615764e+00
1.810215904712676904e+00
1.814149260997772295e+00
1.808527954101562418e+00
1.803559803724289035e+00
1.804072697877883824e+00
1.799800038814544756e+00
1.800674968957900912e+00
1.806428143739700287e+00
1.799932778835296565e+00
1.801312245607376017e+00
1.805526561021804755e+00
1.799353102445602426e+00
1.797237039566039973e+00
1.801022165775299166e+00
1.798522624969482342e+00
1.794826972007751431e+00
1.799578572988510095e+00
1.789559573411941606e+00
1.793960435152053723e+00
1.796570223331451333e+00
1.793660337924957382e+00
1.790899116039276207e+00
1.793719905138015713e+00
1.793853033781051654e+00
1.790489960193633934e+00
1.787255181550979621e+00
1.785083433866500924e+00
1.789635959625244244e+00
1.789417520999908362e+00
1.788089769363403247e+00
1.782477630138397107e+00
1.783937471389770435e+00
1.789617372512817273e+00
1.782760962486267031e+00
1.781491400003433201e+00
1.782064182043075595e+00
1.788760166883468727e+00
1.775983070850372325e+00
1.778322289466857997e+00
1.779937752485275304e+00
1.779518388509750304e+00
1.774354366779327341e+00
1.779662617683410719e+00
1.775659762144088827e+00
1.775956464767455945e+00
1.774294150829315075e+00
1.770430166006088157e+00
1.771086660146713232e+00
1.778114234685897799e+00
1.774514191627502457e+00
1.768500553369522166e+00
1.769386938571929857e+00
1.771728766202926630e+00
1.767065279960632340e+00
1.769062622070312507e+00
1.766504943132400474e+00
1.767495928525924631e+00
1.761727381944656390e+00
1.766510508537292523e+00
1.769146145105361834e+00
1.763300567388534468e+00
1.766182090044021713e+00
1.763999596834182837e+00
1.762024058341979948e+00
1.760436437368392948e+00
1.757296387910842972e+00
1.761870283603668152e+00
1.759128090381622211e+00
1.754335678100585882e+00
1.758218254089355392e+00
1.759167472124099740e+00
1.752992084741592516e+00
1.758218331575393645e+00
1.756128310680389326e+00
1.758225878953933785e+00
1.752114796161651666e+00
1.759814329862594562e+00
1.757431567192077715e+00
1.754605472803115740e+00
1.750925816535949808e+00
1.747652304649353061e+00
1.750943541526794434e+00
1.746647878408432053e+00
1.750017622232437065e+00
1.750408272743225080e+00
1.749542711973190334e+00
1.743592834949493353e+00
1.746805459976196184e+00
1.742503623247146693e+00
1.746016437292098988e+00
1.741697005987167257e+00
1.744445613384246752e+00
1.743764304161071754e+00
1.746365708351135249e+00
1.743346580505371168e+00
1.744989120244979874e+00
1.741071637392044069e+00
1.741376121520996190e+00
1.741856444120407188e+00
1.737492142438888498e+00
1.739624441862106297e+00
1.736201451778411897e+00
1.736559943675994866e+00
1.732867471218109134e+00
1.737408157587051472e+00
1.731721263170242331e+00
1.735225129365921104e+00
1.735601163387298529e+00
1.735823628425598120e+00
1.732174583673477208e+00
1.729703733682632416e+00
1.732270254850387659e+00
1.727288808345794680e+00
1.732829800367355455e+00
1.732059044361114575e+00
1.730034673452377270e+00
1.726811447620391737e+00
1.735636910676956246e+00
1.732759508609771792e+00
1.727554981708526505e+00
1.729817523479461716e+00
1.723424136638641357e+00
1.728275977373123107e+00
1.722427600622177035e+00
1.726307149410247765e+00
1.722371143579483066e+00
1.723810126304626378e+00
1.721835917472839261e+00
1.725383756637573152e+00
1.721092133045196482e+00
1.718646328926086486e+00
1.717096046209335425e+00
1.718165433406829923e+00
1.722551794290542615e+00
1.716620072126388452e+00
1.715064380884170570e+00
1.721872544527053739e+00
1.713461138963699337e+00
1.716157613515853830e+00
1.718274694442748940e+00
1.714180112123489419e+00
1.712796482086181626e+00
1.711136744260787879e+00
1.713113067150116020e+00
1.713660884380340477e+00
1.711830661058425962e+00
