1.740999966859817505e-01
2.527999877929687500e-01
2.877799868583679199e-01
3.056200146675109863e-01
3.167000114917755127e-01
3.289799988269805908e-01
3.397200107574462891e-01
3.454999923706054688e-01
3.517799973487854004e-01
3.585200011730194092e-01
3.641999959945678711e-01
3.685399889945983887e-01
3.704800009727478027e-01
3.776200115680694580e-01
3.844000101089477539e-01
3.868199884891510010e-01
3.916600048542022705e-01
3.945400118827819824e-01
3.944599926471710205e-01
3.995200097560882568e-01
4.009599983692169189e-01
4.056200087070465088e-01
4.072000086307525635e-01
4.055800139904022217e-01
4.122599959373474121e-01
4.150800108909606934e-01
4.162800014019012451e-01
4.171600043773651123e-01
4.210000038146972656e-01
4.235999882221221924e-01
4.292399883270263672e-01
4.289200007915496826e-01
4.285599887371063232e-01
4.335199892520904541e-01
4.319199919700622559e-01
4.366399943828582764e-01
4.384199976921081543e-01
4.371199905872344971e-01
4.406599998474121094e-01
4.458000063896179199e-01
4.453999996185302734e-01
4.437600076198577881e-01
4.480800032615661621e-01
4.508199989795684814e-01
4.509400129318237305e-01
4.541400074958801270e-01
4.523600041866302490e-01
4.550000131130218506e-01
4.578999876976013184e-01
4.575000107288360596e-01
4.599600136280059814e-01
4.618799984455108643e-01
4.613600075244903564e-01
4.624199867248535156e-01
4.672400057315826416e-01
4.665800034999847412e-01
4.673199951648712158e-01
4.700799882411956787e-01
4.698599874973297119e-01
4.716799855232238770e-01
4.735400080680847168e-01
4.758599996566772461e-01
4.765000045299530029e-01
4.748199880123138428e-01
4.767599999904632568e-01
4.812400043010711670e-01
4.790599942207336426e-01
4.808799922466278076e-01
4.841000139713287354e-01
4.837000072002410889e-01
4.852600097656250000e-01
4.842199981212615967e-01
4.875000119209289551e-01
4.888600111007690430e-01
4.877200126647949219e-01
4.919799864292144775e-01
4.910199940204620361e-01
4.918600022792816162e-01
4.918600022792816162e-01
4.946199953556060791e-01
4.947200119495391846e-01
4.968599975109100342e-01
4.961600005626678467e-01
4.993799924850463867e-01
4.985600113868713379e-01
4.975199997425079346e-01
5.008000135421752930e-01
5.034800171852111816e-01
5.016199946403503418e-01
5.059599876403808594e-01
5.056800246238708496e-01
5.058000087738037109e-01
5.067399740219116211e-01
5.069599747657775879e-01
5.077000260353088379e-01
5.095000267028808594e-01
5.087599754333496094e-01
5.113000273704528809e-01
5.116599798202514648e-01
5.120599865913391113e-01
5.117200016975402832e-01
5.145400166511535645e-01
5.144199728965759277e-01
5.157600045204162598e-01
5.153599977493286133e-01
5.153200030326843262e-01
5.130599737167358398e-01
5.197799801826477051e-01
5.193799734115600586e-01
5.199400186538696289e-01
5.177999734878540039e-01
5.202800035476684570e-01
5.224000215530395508e-01
5.211200118064880371e-01
5.212799906730651855e-01
5.234000086784362793e-01
5.218999981880187988e-01
5.230399966239929199e-01
5.237399935722351074e-01
5.244600176811218262e-01
5.249199867248535156e-01
5.238199830055236816e-01
5.243600010871887207e-01
5.262600183486938477e-01
5.267400145530700684e-01
5.265200138092041016e-01
5.281199812889099121e-01
5.299000144004821777e-01
5.275999903678894043e-01
5.295799970626831055e-01
5.306400060653686523e-01
5.331199765205383301e-01
5.306000113487243652e-01
5.327200293540954590e-01
5.359200239181518555e-01
5.371999740600585938e-01
5.360400080680847168e-01
5.360599756240844727e-01
5.344600081443786621e-01
5.379400253295898438e-01
5.368999838829040527e-01
5.366799831390380859e-01
5.380799770355224609e-01
5.374000072479248047e-01
5.388399958610534668e-01
5.387200117111206055e-01
5.400800108909606934e-01
5.401399731636047363e-01
5.414199829101562500e-01
5.414599776268005371e-01
5.408599972724914551e-01
5.409200191497802734e-01
5.430600047111511230e-01
5.422800183296203613e-01
5.442600250244140625e-01
5.462200045585632324e-01
5.462800264358520508e-01
5.462399721145629883e-01
5.454800128936767578e-01
5.453600287437438965e-01
5.493000149726867676e-01
5.479599833488464355e-01
5.468400120735168457e-01
5.470799803733825684e-01
5.491399765014648438e-01
5.506200194358825684e-01
5.514799952507019043e-01
5.517600178718566895e-01
5.500800013542175293e-01
5.515199899673461914e-01
5.512800216674804688e-01
5.498399734497070312e-01
5.535799860954284668e-01
5.554000139236450195e-01
5.540400147438049316e-01
5.544999837875366211e-01
5.544000267982482910e-01
5.531600117683410645e-01
5.544599890708923340e-01
5.585600137710571289e-01
5.569199919700622559e-01
5.569400191307067871e-01
5.572999715805053711e-01
5.576199889183044434e-01
5.586199760437011719e-01
5.562999844551086426e-01
5.596200227737426758e-01
5.563799738883972168e-01
5.612599849700927734e-01
5.591199994087219238e-01
5.592799782752990723e-01
5.616599917411804199e-01
5.615400075912475586e-01
5.627800226211547852e-01
5.637599825859069824e-01
5.635200142860412598e-01
5.627200007438659668e-01
5.618799924850463867e-01
5.615000128746032715e-01
5.626000165939331055e-01
5.675600171089172363e-01
5.651000142097473145e-01
5.629199743270874023e-01
5.667799711227416992e-01
5.655199885368347168e-01
5.678200125694274902e-01
5.652599930763244629e-01
5.670800209045410156e-01
5.672600269317626953e-01
5.661399960517883301e-01
5.682799816131591797e-01
5.692399740219116211e-01
5.683000087738037109e-01
5.677800178527832031e-01
5.684999823570251465e-01
5.708600282669067383e-01
5.698599815368652344e-01
5.719199776649475098e-01
5.701199769973754883e-01
5.730999708175659180e-01
5.738599896430969238e-01
5.737800002098083496e-01
5.713999867439270020e-01
5.744600296020507812e-01
5.720800161361694336e-01
5.725200176239013672e-01
5.735399723052978516e-01
5.735599994659423828e-01
5.730400085449218750e-01
5.751199722290039062e-01
5.752199888229370117e-01
5.757799744606018066e-01
5.731599926948547363e-01
5.770400166511535645e-01
5.767599940299987793e-01
5.777599811553955078e-01
5.774999856948852539e-01
5.788599848747253418e-01
5.775200128555297852e-01
5.784000158309936523e-01
5.803999900817871094e-01
5.800200104713439941e-01
5.793600082397460938e-01
5.805799961090087891e-01
5.808799862861633301e-01
5.805400013923645020e-01
5.810400247573852539e-01
5.820000171661376953e-01
5.852199792861938477e-01
5.844799876213073730e-01
5.822399854660034180e-01
5.818799734115600586e-01
5.842800140380859375e-01
5.840600132942199707e-01
5.854799747467041016e-01
5.834400057792663574e-01
5.866199731826782227e-01
5.837000012397766113e-01
5.880799889564514160e-01
5.839200019836425781e-01
5.853000283241271973e-01
5.855600237846374512e-01
5.888800024986267090e-01
5.882800221443176270e-01
5.874400138854980469e-01
5.863999724388122559e-01
5.900599956512451172e-01
5.866000056266784668e-01
5.920000076293945312e-01
5.904399752616882324e-01
5.916399955749511719e-01
5.888400077819824219e-01
5.890600085258483887e-01
5.905200242996215820e-01
5.934200286865234375e-01
5.964599847793579102e-01
5.922399759292602539e-01
5.918999910354614258e-01
5.904800295829772949e-01
5.900800228118896484e-01
5.934200286865234375e-01
5.923399925231933594e-01
5.928800106048583984e-01
5.907199978828430176e-01
5.939800143241882324e-01
5.943199992179870605e-01
5.958999991416931152e-01
5.935999751091003418e-01
5.974799990653991699e-01
5.961400270462036133e-01
5.959600210189819336e-01
5.953599810600280762e-01
5.978199839591979980e-01
5.964000225067138672e-01
5.954599976539611816e-01
5.980799794197082520e-01
6.011999845504760742e-01
5.961599946022033691e-01
5.964400172233581543e-01
6.007999777793884277e-01
6.008599996566772461e-01
5.981000065803527832e-01
5.974400043487548828e-01
5.983800292015075684e-01
6.004599928855895996e-01
5.991399884223937988e-01
6.037200093269348145e-01
6.013000011444091797e-01
5.965800285339355469e-01
6.033599972724914551e-01
6.050800085067749023e-01
6.025800108909606934e-01
6.043400168418884277e-01
6.052200198173522949e-01
6.033200025558471680e-01
6.024399995803833008e-01
6.035400032997131348e-01
6.048399806022644043e-01
6.051800251007080078e-01
6.046599745750427246e-01
6.058999896049499512e-01
6.051800251007080078e-01
6.054800152778625488e-01
6.046400070190429688e-01
6.066399812698364258e-01
6.047800183296203613e-01
6.078799962997436523e-01
6.045399904251098633e-01
6.081600189208984375e-01
6.063600182533264160e-01
6.061000227928161621e-01
6.065400242805480957e-01
6.090000271797180176e-01
6.110600233078002930e-01
6.089400053024291992e-01
6.069200038909912109e-01
6.091200113296508789e-01
6.095200181007385254e-01
6.090800166130065918e-01
6.107800006866455078e-01
6.100999712944030762e-01
6.122800111770629883e-01
6.089000105857849121e-01
6.132000088691711426e-01
6.067600250244140625e-01
6.145200133323669434e-01
6.136400103569030762e-01
6.138799786567687988e-01
6.136199831962585449e-01
6.114199757575988770e-01
6.147400140762329102e-01
6.130599975585937500e-01
6.136400103569030762e-01
6.144800186157226562e-01
6.167600154876708984e-01
6.165999770164489746e-01
6.129599809646606445e-01
6.175600290298461914e-01
6.165800094604492188e-01
6.161199808120727539e-01
6.162800192832946777e-01
6.158800125122070312e-01
6.189200282096862793e-01
6.179199814796447754e-01
6.158400177955627441e-01
6.170799732208251953e-01
6.180999875068664551e-01
6.163200139999389648e-01
6.181399822235107422e-01
6.193799972534179688e-01
6.201199889183044434e-01
6.192600131034851074e-01
6.207000017166137695e-01
6.179000139236450195e-01
6.179800033569335938e-01
6.195200085639953613e-01
6.190199851989746094e-01
6.211799979209899902e-01
6.215999722480773926e-01
6.202200055122375488e-01
6.201000213623046875e-01
6.204599738121032715e-01
6.213600039482116699e-01
6.217399835586547852e-01
6.200799942016601562e-01
6.228799819946289062e-01
6.256800293922424316e-01
6.269400119781494141e-01
6.258800029754638672e-01
6.227999925613403320e-01
6.268000006675720215e-01
6.235600113868713379e-01
6.224200129508972168e-01
6.250600218772888184e-01
6.236799955368041992e-01
6.251800060272216797e-01
6.243600249290466309e-01
6.268600225448608398e-01
6.260600090026855469e-01
6.274600028991699219e-01
6.266800165176391602e-01
6.294199824333190918e-01
6.256800293922424316e-01
6.277599930763244629e-01
6.292399764060974121e-01
6.246799826622009277e-01
6.263399720191955566e-01
6.266599893569946289e-01
6.265000104904174805e-01
6.275200247764587402e-01
6.277400255203247070e-01
6.301000118255615234e-01
6.305000185966491699e-01
6.305599808692932129e-01
6.319400072097778320e-01
6.285600066184997559e-01
6.319000124931335449e-01
6.288800239562988281e-01
6.298000216484069824e-01
6.305400133132934570e-01
6.328999996185302734e-01
6.319000124931335449e-01
6.313999891281127930e-01
6.330599784851074219e-01
6.334000229835510254e-01
6.307799816131591797e-01
6.361399888992309570e-01
6.323800086975097656e-01
6.327400207519531250e-01
6.348599791526794434e-01
6.334800124168395996e-01
6.341000199317932129e-01
6.354200243949890137e-01
6.363400220870971680e-01
6.334599852561950684e-01
6.332799792289733887e-01
6.373999714851379395e-01
6.343600153923034668e-01
6.391400098800659180e-01
6.373000144958496094e-01
6.337800025939941406e-01
6.359199881553649902e-01
6.374400258064270020e-01
6.370199918746948242e-01
6.413999795913696289e-01
6.371600031852722168e-01
6.388999819755554199e-01
6.375399827957153320e-01
6.381199955940246582e-01
6.372200250625610352e-01
6.403800249099731445e-01
6.373999714851379395e-01
6.391800045967102051e-01
6.386399865150451660e-01
6.436399817466735840e-01
6.398800015449523926e-01
6.437600255012512207e-01
6.386600136756896973e-01
6.395999789237976074e-01
6.401600241661071777e-01
6.445800065994262695e-01
6.416400074958801270e-01
6.438400149345397949e-01
6.413400173187255859e-01
6.413400173187255859e-01
6.432999968528747559e-01
6.416000127792358398e-01
6.461600065231323242e-01
6.442400217056274414e-01
6.432600021362304688e-01
6.428400278091430664e-01
6.458200216293334961e-01
6.422200202941894531e-01
6.450600028038024902e-01
6.480799913406372070e-01
6.442800164222717285e-01
6.473000049591064453e-01
6.450600028038024902e-01
6.471199989318847656e-01
6.441599726676940918e-01
6.446800231933593750e-01
6.473799943923950195e-01
6.440799832344055176e-01
6.459800004959106445e-01
6.486799716949462891e-01
6.482399702072143555e-01
6.469399929046630859e-01
6.467199921607971191e-01
6.515200138092041016e-01
6.475800275802612305e-01
6.515799760818481445e-01
6.501399874687194824e-01
6.462600231170654297e-01
6.460800170898437500e-01
6.500399708747863770e-01
6.485000252723693848e-01
6.478800177574157715e-01
6.496599912643432617e-01
6.465799808502197266e-01
6.493800282478332520e-01
