2.515203712463379038e+00
2.195276704549789404e+00
2.071738575220107847e+00
2.030733209133148254e+00
2.002581473112106103e+00
1.984514946222305287e+00
1.968730424880981378e+00
1.957408931016922038e+00
1.945136833190918013e+00
1.933643698930740396e+00
1.918421383857727092e+00
1.906446504354476934e+00
1.897721803665161078e+00
1.890159329414367706e+00
1.879679732799530045e+00
1.871200215339660744e+00
1.865589808940887551e+00
1.856390710592269899e+00
1.852069668292999349e+00
1.846654146432876509e+00
1.836907412528991701e+00
1.832057065486907943e+00
1.828330924510955802e+00
1.820554806232452361e+00
1.817143288135528501e+00
1.813033086776733471e+00
1.806072270393371593e+00
1.801184818506240903e+00
1.796372282266616827e+00
1.791090074300766055e+00
1.787444626092910660e+00
1.779409958124160696e+00
1.772384413003921466e+00
1.767551041126251166e+00
1.764684746026992768e+00
1.760537296056747358e+00
1.754150704383850012e+00
1.750713781833648675e+00
1.745132969141006463e+00
1.742752010583877631e+00
1.741049595832824703e+00
1.730559622049331558e+00
1.730916286230087309e+00
1.725198353767394943e+00
1.718866197824478137e+00
1.716307653188705373e+00
1.716285393714904739e+00
1.709776617765426554e+00
1.708339878320694005e+00
1.703952652215957597e+00
1.698133261680603079e+00
1.695754971265792888e+00
1.691279206752777098e+00
1.689562815427780196e+00
1.684883891820907698e+00
1.680872618198394841e+00
1.677495388984680202e+00
1.674646642684936459e+00
1.669750687360763486e+00
1.664912385463714672e+00
1.660874549627304075e+00
1.659854172706604070e+00
1.657755849599838349e+00
1.654634068727493190e+00
1.650772487401962252e+00
1.646351952075958192e+00
1.642730870246887243e+00
1.640014941692352402e+00
1.636242716550827092e+00
1.634697425842285057e+00
1.629150694847106839e+00
1.627248416900634709e+00
1.626871071815490621e+00
1.623471288204193064e+00
1.619698193073272785e+00
1.619571784496307343e+00
1.614079435110092220e+00
1.610048734188079811e+00
1.609172960042953404e+00
1.609047518253326370e+00
1.604298270463943465e+00
1.600242564201354911e+00
1.598995627403259290e+00
1.596443079233169637e+00
1.595070440530776956e+00
1.592958678483963109e+00
1.593267004728317282e+00
1.587114799976348856e+00
1.584577092409133803e+00
1.585742863893508936e+00
1.581577124357223418e+00
1.580324438810348564e+00
1.579594690799713153e+00
1.575155476570129442e+00
1.575242050886154210e+00
1.572449753999709987e+00
1.568864325046539276e+00
1.566445529222488364e+00
1.564007184982299847e+00
1.567489941358566341e+00
1.561939853668212974e+00
1.563510399818420327e+00
1.558653414011001548e+00
1.555661729812622074e+00
1.550260260343551577e+00
1.552636788606643670e+00
1.547748721599578881e+00
1.550062463998794549e+00
1.547495838642120258e+00
1.545963312625884933e+00
1.540473227262497025e+00
1.540144801855087175e+00
1.539975069999694801e+00
1.535405325174331592e+00
1.535288863182067809e+00
1.530924360990524313e+00
1.534082764625549267e+00
1.526342990636825547e+00
1.523984093427658060e+00
1.524408610105514539e+00
1.527198806524276753e+00
1.526428894042968665e+00
1.521986722469329756e+00
1.523377859354019259e+00
1.520356178998947039e+00
1.515528976202011213e+00
1.518060359477996890e+00
1.515004535198211766e+00
1.512525152683258156e+00
1.509261277437210058e+00
1.506699656486511163e+00
1.506292926311493030e+00
1.505772961139678845e+00
1.501014918804168596e+00
1.504087740421295116e+00
1.500175653696060207e+00
1.501041545152664192e+00
1.498096387863159240e+00
1.493670698165893596e+00
1.496555033922195355e+00
1.493846698522567795e+00
1.492298885107040451e+00
1.489575035095214828e+00
1.491181130409240829e+00
1.487378170728683502e+00
1.485057322978973415e+00
1.484438173055648846e+00
1.483763170480728144e+00
1.480014789104461714e+00
1.483595119476318391e+00
1.478668424606323306e+00
1.476293612003326317e+00
1.477933411121368446e+00
1.471790651082992563e+00
1.475348088741302410e+00
1.468601741552352902e+00
1.468248373985290511e+00
1.467215803146362241e+00
1.468817752838134760e+00
1.466729699134826648e+00
1.467658798694610578e+00
1.463340888977050724e+00
1.456230506658554136e+00
1.459623643159866369e+00
1.455056621313095100e+00
1.456330039262771603e+00
1.457006889820098960e+00
1.451785578966140688e+00
1.455456591844558778e+00
1.452584936857223452e+00
1.453128639936447142e+00
1.449704865455627489e+00
1.451469244718551543e+00
1.446018383979797317e+00
1.445825765848159694e+00
1.444899221897125274e+00
1.442157712697982763e+00
1.442724425554275491e+00
1.433617882013320965e+00
1.436785105228424175e+00
1.442258161306381181e+00
1.439319758415222195e+00
1.436830781221389852e+00
1.433619874954223716e+00
1.432549203634262192e+00
1.428384435653686557e+00
1.432327015876770027e+00
1.428798208951949977e+00
1.427239167928695762e+00
1.426869801282882655e+00
1.428347636461257952e+00
1.423331720829009939e+00
1.423404266119003392e+00
1.425365088939666736e+00
1.417976148605346598e+00
1.419612509489059482e+00
1.420684625625610265e+00
1.413465341567993194e+00
1.417298962116241512e+00
1.417485219001769936e+00
1.417611141681671239e+00
1.412597949504852402e+00
1.414020698547363342e+00
1.412929236412048262e+00
1.411569589376449496e+00
1.410473049402236834e+00
1.410480055809020916e+00
1.407855428218841576e+00
1.407274719953536923e+00
1.405063612699508635e+00
1.403693063497543303e+00
1.406684146642684929e+00
1.403893823146820097e+00
1.401567951202392637e+00
1.405229410409927437e+00
1.403730953931808578e+00
1.401808650732040418e+00
1.398797518730163558e+00
1.400668980836868194e+00
1.395300084114074801e+00
1.395144566297531030e+00
1.398343173742294221e+00
1.393504006624221692e+00
1.394608992099761968e+00
1.390358690261840779e+00
1.393299870252609152e+00
1.393295476198196381e+00
1.390806798219680784e+00
1.391222834348678550e+00
1.389472007513046226e+00
1.384324871063232321e+00
1.391597492218017651e+00
1.381838181257247999e+00
1.383350442409515324e+00
1.375715291023254405e+00
1.384827811956405696e+00
1.381851324558257987e+00
1.381674692869186316e+00
1.377171063899993886e+00
1.379007664442062353e+00
1.382837603092193612e+00
1.378440855979919499e+00
1.374784723997116043e+00
1.378814957141876185e+00
1.374935003042221160e+00
1.377104436874389659e+00
1.372009455919265708e+00
1.374139810085296620e+00
1.370690535545349142e+00
1.370484125137329201e+00
1.368935691118240427e+00
1.368673884391784723e+00
1.369656510829925455e+00
1.366419756412506015e+00
1.364898857235908425e+00
1.365642638444900525e+00
1.364607761859893742e+00
1.365678806066513040e+00
1.366409511327743465e+00
1.363507742404937773e+00
1.365892714977264388e+00
1.359948459863662640e+00
1.359497321844100881e+00
1.359156830787658699e+00
1.358994486093521026e+00
1.359936973571777452e+00
1.360351353645324668e+00
1.356124325752258386e+00
1.355930398225784206e+00
1.355739240169525184e+00
1.356783573865890435e+00
1.354912533760070703e+00
1.350854655265808058e+00
1.350072022438049357e+00
1.353603723049163765e+00
1.350902580738067682e+00
1.348351825952530003e+00
1.346897954940796005e+00
1.349833496809005773e+00
1.346198452949523894e+00
1.342659226655960047e+00
1.341871540784835837e+00
1.346215653181076055e+00
1.350702303409576421e+00
1.339952013969421429e+00
1.342980200052261264e+00
1.344036005020141644e+00
1.344087652206420902e+00
1.337049025535583580e+00
1.343955137252807575e+00
1.341988378286361749e+00
1.335149436712264936e+00
1.335943419456481873e+00
1.338029389381408585e+00
1.335931272983551077e+00
1.332425282001495459e+00
1.334314862966537563e+00
1.335560798645019531e+00
1.334279601335525589e+00
1.336597002744674745e+00
1.331743772745132448e+00
1.333018858194351175e+00
1.334061366438865637e+00
1.329026727676391628e+00
1.326758948326110854e+00
1.330021136760711764e+00
1.326496245622634795e+00
1.328863630771637050e+00
1.326152347207069315e+00
1.323852272033691380e+00
1.324615403890609722e+00
1.321700181961059650e+00
1.323396874904632536e+00
1.330755323886871233e+00
1.322973430633545000e+00
1.322629710674285919e+00
1.324718397855758623e+00
1.319459645748138454e+00
1.320767394185066168e+00
1.318693085670471277e+00
1.318877349615096950e+00
1.318502357482910226e+00
1.315076403856277443e+00
1.316030541896820116e+00
1.318310790061950621e+00
1.314788482189178431e+00
1.317072892665863026e+00
1.311798261642456165e+00
1.315183815002441303e+00
1.313333636045455943e+00
1.314150420904159455e+00
1.314910250902175948e+00
1.314500712752342260e+00
1.311644232511520292e+00
1.310724065065383970e+00
1.310119823336601153e+00
1.309642345309257605e+00
1.307540614128112733e+00
1.308309709072112970e+00
1.309414649009704501e+00
1.304837930679321190e+00
1.305234487771987917e+00
1.309044070005416893e+00
1.305919293880462684e+00
1.306926293849945075e+00
1.304818937659263600e+00
1.305792157888412408e+00
1.300516830086708042e+00
1.301278893947601212e+00
1.300358246326446476e+00
1.298449483752250666e+00
1.299811842203140166e+00
1.300868454694747989e+00
1.300556430220603854e+00
1.297642761468887240e+00
1.300088316321373005e+00
1.299052997827529810e+00
1.300534837007522482e+00
1.297541761040687636e+00
1.295203517913818381e+00
1.299895903944969122e+00
1.294866089105606077e+00
1.296471311569213913e+00
1.295113253593444869e+00
1.292696006059646630e+00
1.297123212456703145e+00
1.285872571706771827e+00
1.292031453371047967e+00
1.289275922417640663e+00
1.287776938915252689e+00
1.289416308403015243e+00
1.286906951665878207e+00
1.288539069056510833e+00
1.285094793915748657e+00
1.291079617738723817e+00
1.284315904974937528e+00
1.282474853754043576e+00
1.287380562543869011e+00
1.281528056979179375e+00
1.284176047205924931e+00
1.283735208868980404e+00
1.282786785840988264e+00
1.281650436162948603e+00
1.284238467097282399e+00
1.276289566516876306e+00
1.283282040953636072e+00
1.279813141942024224e+00
1.283548561096191420e+00
1.279571501493453889e+00
1.282478565573692331e+00
1.278519687414169326e+00
1.280757694005966174e+00
1.273943816661834649e+00
1.273357613563537605e+00
1.274135178804397528e+00
1.274636429548263505e+00
1.273410495519638141e+00
1.274146121501922524e+00
1.271250948667526304e+00
1.276184027910232555e+00
1.275446784973144565e+00
1.273215280055999710e+00
1.271080680370330729e+00
1.272056864142417920e+00
1.272981240391731328e+00
1.269490491032600366e+00
1.267534942150115862e+00
1.269982974290847721e+00
1.268932144999504130e+00
1.264857666373252920e+00
1.266491214275360155e+00
1.270738760113716115e+00
1.268219291925430259e+00
1.262949708819389283e+00
1.267573331356048660e+00
1.263526974558830229e+00
1.261226320147514235e+00
1.263098720908164996e+00
1.260389465332031333e+00
1.263292327284812888e+00
1.262287275552749666e+00
1.260559171676635781e+00
1.261286132812500016e+00
1.261205588340759354e+00
1.260476979017257637e+00
1.258965413093566799e+00
1.255815658092498843e+00
1.258060142397880554e+00
1.262197427988052345e+00
1.258401490807533163e+00
1.260619704723358048e+00
1.256956498980522197e+00
1.256279970526695156e+00
1.253867833614349392e+00
1.254085317850113013e+00
1.253153470873832775e+00
1.255277661561965852e+00
1.253752855300903413e+00
1.252961691975593483e+00
1.251438355922698920e+00
1.256302981615066594e+00
1.252013746857643106e+00
1.247830969691276604e+00
1.248885942697524953e+00
1.253395191192626879e+00
1.249975639343261724e+00
1.242666746258735744e+00
1.245530084967613194e+00
1.248560461163520818e+00
1.244826487183570807e+00
1.245481022715568598e+00
1.245986522555351250e+00
1.242002304911613564e+00
1.244342541456222584e+00
1.245919633507728497e+00
1.244961795687675510e+00
1.245495082616806082e+00
1.244386286258697405e+00
1.243933457612991234e+00
1.244222504973411469e+00
1.240725266218185352e+00
1.243098958969116152e+00
1.241474038839340155e+00
1.242689965844154365e+00
1.236667507767677199e+00
1.234995000720024105e+00
1.241336544156074417e+00
1.237397172331810014e+00
1.238719042539596638e+00
1.235232767939567600e+00
1.231865416646003686e+00
1.238179791927337625e+00
1.238600109219551104e+00
1.239806899666786144e+00
1.236030163407325855e+00
1.234846440434455905e+00
1.236381610035896195e+00
1.233341827630996645e+00
1.235773493051528948e+00
1.229985532999038789e+00
1.228074177980422954e+00
1.230781600475311377e+00
1.234071383118629406e+00
1.231855939030647384e+00
1.225257725477218562e+00
1.235909077763557518e+00
1.235368157029151925e+00
1.226289703011512744e+00
1.226003028035163922e+00
1.226777948617935099e+00
1.229976732969284114e+00
1.226526301622390847e+00
1.228145216226577796e+00
1.221884486556053195e+00
1.227713113188743543e+00
1.226461616396903986e+00
1.229171171903610249e+00
1.225778869748115563e+00
1.227468845963478161e+00
1.225363743662834182e+00
