2.702162011623382654e+00
2.688597991943359578e+00
2.648621422290802219e+00
2.558664922714233292e+00
2.524786686897277921e+00
2.481217901706695539e+00
2.464289386749267674e+00
2.432039803028106739e+00
2.419725026607513207e+00
2.404153694152832088e+00
2.400482784271240178e+00
2.387491173267364708e+00
2.380248949527740354e+00
2.376602360248565748e+00
2.366336686611175466e+00
2.366321511745452799e+00
2.359012265682220555e+00
2.355150525093078429e+00
2.355215283870697007e+00
2.343113962173462017e+00
2.350353304386139097e+00
2.346886681556701770e+00
2.340331346035003701e+00
2.338633778572082544e+00
2.335590087890624833e+00
2.329604597091675000e+00
2.325702651023864753e+00
2.318882095336914251e+00
2.306273931503295849e+00
2.293629324913025069e+00
2.280434920787811404e+00
2.256756489753723116e+00
2.242062610149383683e+00
2.221504648685455496e+00
2.197214380741119300e+00
2.179992434978485161e+00
2.164155258655548142e+00
2.151611688137054390e+00
2.142909022569656319e+00
2.136260070085525431e+00
2.126909265756606882e+00
2.119397300720214705e+00
2.118003022432327409e+00
2.115960965633392199e+00
2.108932449340820359e+00
2.102485498666763153e+00
2.099231370449066159e+00
2.098901700973510920e+00
2.094145289897918705e+00
2.090827227115631182e+00
2.086491262912750333e+00
2.084795064210891891e+00
2.083602455377578710e+00
2.078140439510345328e+00
2.074851494312286437e+00
2.074253808975219826e+00
2.065308654546737621e+00
2.064628101110458580e+00
2.065949888467788487e+00
2.056873054027557490e+00
2.054600355386734023e+00
2.050986138582229668e+00
2.046688180208206198e+00
2.040150824069976832e+00
2.035114551544189521e+00
2.032717669725418119e+00
2.023604230642318758e+00
2.016475019931793344e+00
2.009126509666443017e+00
2.003780297517776532e+00
2.002611490249633697e+00
1.996042217969894450e+00
1.993014415740966827e+00
1.985438744783401432e+00
1.985008775949478110e+00
1.978437900781631509e+00
1.974648744344711382e+00
1.971858783960342310e+00
1.966456886768340961e+00
1.960266657114029032e+00
1.961903925180435104e+00
1.953656850337982087e+00
1.953606661558151325e+00
1.949031918525695906e+00
1.947330676317214904e+00
1.942144403457641610e+00
1.938268749713897732e+00
1.933459356307983379e+00
1.930669123172759960e+00
1.929963226795196496e+00
1.927540899753570569e+00
1.923319330930709947e+00
1.925236685514450041e+00
1.919227056264877218e+00
1.918282860755920360e+00
1.915801176071167067e+00
1.913347762346267800e+00
1.908906693935394250e+00
1.907945401668548646e+00
1.902914952516555847e+00
1.904808269977569690e+00
1.900961750268936212e+00
1.898726968765258816e+00
1.895742272138595474e+00
1.894426664113998404e+00
1.892831943988799948e+00
1.891782690763473607e+00
1.886066610336303739e+00
1.887269736289977962e+00
1.882056289911270053e+00
1.883131451606750550e+00
1.880207458972930956e+00
1.876916578292846749e+00
1.872850672245025550e+00
1.872378150463104296e+00
1.868921433925628595e+00
1.869233105182647625e+00
1.861204908370971634e+00
1.862376562118530199e+00
1.862541436433792219e+00
1.858385672807693512e+00
1.852563664913177588e+00
1.850813493490219175e+00
1.850436257839202847e+00
1.846396288156509469e+00
1.841340132236480631e+00
1.840193272590637141e+00
1.841395661592483579e+00
1.838777342557907035e+00
1.835573026180267409e+00
1.832900145769119193e+00
1.831084705829620463e+00
1.828645483255386450e+00
1.826055609703064020e+00
1.821197451353073093e+00
1.823209664344787706e+00
1.819881535053253119e+00
1.819927045345306471e+00
1.814392485857009962e+00
1.814365338325500510e+00
1.811035624027252267e+00
1.803665658712387154e+00
1.808654372930526666e+00
1.807771511554717936e+00
1.802105444431304937e+00
1.803970546722412083e+00
1.799589558839797876e+00
1.797728115797042836e+00
1.801048719882964999e+00
1.792980618476867738e+00
1.792024345636367810e+00
1.793099821329116716e+00
1.788629710912704507e+00
1.790738159894943227e+00
1.788381987094879166e+00
1.784456879854202205e+00
1.780574129343032830e+00
1.782738312959671001e+00
1.779930621623992959e+00
1.781833458900451639e+00
1.779682199954986555e+00
1.777856950044631956e+00
1.774070115566253714e+00
1.775075718402862490e+00
1.774377200603485027e+00
1.765063510894775423e+00
1.771393089294433620e+00
1.765328390359878430e+00
1.767513400316238492e+00
1.762277177095413316e+00
1.762240573406219424e+00
1.763341630458831855e+00
1.760953062534332370e+00
1.760455875635147160e+00
1.756293921232223498e+00
1.757455965757370064e+00
1.752800457477569518e+00
1.756021475315094005e+00
1.754965885162353523e+00
1.750881431818008371e+00
1.751330181598663271e+00
1.746309789419174141e+00
1.746415080308914236e+00
1.747512404680252152e+00
1.745875405550002979e+00
1.745346402168273858e+00
1.742312713861465356e+00
1.743103493928909398e+00
1.740780030250549393e+00
1.738455122947692777e+00
1.736684815168380691e+00
1.738202942132949902e+00
1.733746458053588846e+00
1.733925068378448398e+00
1.737916391611099343e+00
1.732182230949401935e+00
1.733691538810729904e+00
1.729147834777831960e+00
1.730146014928817699e+00
1.726185995101928716e+00
1.729689982175826923e+00
1.725352267026901254e+00
1.723690652370452936e+00
1.720874994277954206e+00
1.723458564758300726e+00
1.722918887376785335e+00
1.718196028709411571e+00
1.720479104995727537e+00
1.716062159776687635e+00
1.718802349328994783e+00
1.716230227947235010e+00
1.712919068813324008e+00
1.718150784730911207e+00
1.709425905466079643e+00
1.710722086668014619e+00
1.715795984506607086e+00
1.710400283575058022e+00
1.708603961467742849e+00
1.709323890686035075e+00
1.706149422645568903e+00
1.706739219903945948e+00
1.703312792062759318e+00
1.703447874546051066e+00
1.698512420654296973e+00
1.701341799020767320e+00
1.703142829656600910e+00
1.698106432676315336e+00
1.697482287406921309e+00
1.698658720970153801e+00
1.697352505445480331e+00
1.699805795431137190e+00
1.692470744609832822e+00
1.695017291545867888e+00
1.689299691915512103e+00
1.688255037307739181e+00
1.688962442874908376e+00
1.687877535820007324e+00
1.688230394601822004e+00
1.687187056303024235e+00
1.686343481063842686e+00
1.684279841184616044e+00
1.684187920331954968e+00
1.682528301715850771e+00
1.686781755685806239e+00
1.680096267938613996e+00
1.681138844728469861e+00
1.681454967975616555e+00
1.679336093425750631e+00
1.673140112400054891e+00
1.678441320180892982e+00
1.674960941076278687e+00
1.674187109947204544e+00
1.674208444356918291e+00
1.676257087707519577e+00
1.672575994253158616e+00
1.672863236427307054e+00
1.674695790052413980e+00
1.670272055387497012e+00
1.666979085683822692e+00
1.667452340602874727e+00
1.668670984745025621e+00
1.662837960004806437e+00
1.667062771797180210e+00
1.666569753408432053e+00
1.662441538095474236e+00
1.661473660945892439e+00
1.661670903682708644e+00
1.663000483036041199e+00
1.660544177532196075e+00
1.656461402654647808e+00
1.655654031276702964e+00
1.654182492971420393e+00
1.657857554912567144e+00
1.656377592325210646e+00
1.658098273038864034e+00
1.655956118345260686e+00
1.652049511194229048e+00
1.654592765092849804e+00
1.653919223070144717e+00
1.651963266372680650e+00
1.653518956184387267e+00
1.647065974950790324e+00
1.646843271017074617e+00
1.651339621782302869e+00
1.645740130662918022e+00
1.640314927816391100e+00
1.644647854328155523e+00
1.646356755971908559e+00
1.641707409620285052e+00
1.649226389884948629e+00
1.643663270235061535e+00
1.639208565473556423e+00
1.638948123931884826e+00
1.634331320524215592e+00
1.639648293972015392e+00
1.635159239053726177e+00
1.632487459897995041e+00
1.637072455406189064e+00
1.635051125764846791e+00
1.632964416503906335e+00
1.630447911500930713e+00
1.630231999874115045e+00
1.630499379634857249e+00
1.632779835462570217e+00
1.635928279399871732e+00
1.628739924430847141e+00
1.629398787021636874e+00
1.632929926395416231e+00
1.627759375572204625e+00
1.634079662084579443e+00
1.625403281927108701e+00
1.626308588981628445e+00
1.628693482160568307e+00
1.621952183961868244e+00
1.624839001893997104e+00
1.622080042600631655e+00
1.623299557209014976e+00
1.626566024780273345e+00
1.625317854881286550e+00
1.619887928247451869e+00
1.621387363910675061e+00
1.615761719942092833e+00
1.617762324810028129e+00
1.614161459445953462e+00
1.614234141826629720e+00
1.613265604734420711e+00
1.614295713901519713e+00
1.609776359081268371e+00
1.616266139030456461e+00
1.613772905588150008e+00
1.616356397867202865e+00
1.610573140859603791e+00
1.608215548753738400e+00
1.608471189737319840e+00
1.606546057462692190e+00
1.606273585557937533e+00
1.606891836404800378e+00
1.609265841722488322e+00
1.601000054597854660e+00
1.599712697744369416e+00
1.602040817022323704e+00
1.603458841085434017e+00
1.600424497127532986e+00
1.599527719259262071e+00
1.603129606723785461e+00
1.604523288011550974e+00
1.598980999231338407e+00
1.595726139068603500e+00
1.597102507114410486e+00
1.594357861280441213e+00
1.598527319669723612e+00
1.591238448619842538e+00
1.597697040319442818e+00
1.593311053991317783e+00
1.595996352434158272e+00
1.592591597318649299e+00
1.592931740283966002e+00
1.593007639408111631e+00
1.589505710601806676e+00
1.591390239953994756e+00
1.586955357313156068e+00
1.589917931795120198e+00
1.588840730667114176e+00
1.590342395544052101e+00
1.587438547611236483e+00
1.587259889125824053e+00
1.588473129987716614e+00
1.584427841663360592e+00
1.587075525999069203e+00
1.585557040929794326e+00
1.581931585073470981e+00
1.582680264234542777e+00
1.581278613567352220e+00
1.581958676338195868e+00
1.581525184392928995e+00
1.577537676334381134e+00
1.579673873901367154e+00
1.578982729911804217e+00
1.580962638378143215e+00
1.575188887834549023e+00
1.577835736751556306e+00
1.574302222728729328e+00
1.575206468820571803e+00
1.576941924571990894e+00
1.573987505912780804e+00
1.572949681758880613e+00
1.571512278556823627e+00
1.572020040512084993e+00
1.572860563516616850e+00
1.571264687538147076e+00
1.568505164384841999e+00
1.570786149263381892e+00
1.570230320453643857e+00
1.572209023952484186e+00
1.569203810214996331e+00
1.564085303306579577e+00
1.566970660686492822e+00
1.562133904457092326e+00
1.566124419212341357e+00
1.563594911813735999e+00
1.565269459486007708e+00
1.566378206968307429e+00
1.565187707185745181e+00
1.560787142276763850e+00
1.557896817922592270e+00
1.562123464345932078e+00
1.559361372947692947e+00
1.559478716850280833e+00
1.559189108371734633e+00
1.561698320865631207e+00
1.563102207183837855e+00
1.558111696958541792e+00
1.560849089860916195e+00
1.554845328330993759e+00
1.557788071870803925e+00
1.555431189775466905e+00
1.556767435789108367e+00
1.553590059280395508e+00
1.555156436920166030e+00
1.550283475399017341e+00
1.554252462863922046e+00
1.552441322326660211e+00
1.550321024656295732e+00
1.553710019350051930e+00
1.551636340618133492e+00
1.546191165924072353e+00
1.548770878791809080e+00
1.548320652246475193e+00
1.550552354097366248e+00
1.548617579698562619e+00
1.546630138158798129e+00
1.550755334854125866e+00
1.546206967830658030e+00
1.542048026323318499e+00
1.548447482585906920e+00
1.543222358703613351e+00
1.547055597782134972e+00
1.540595797777175813e+00
1.541621530055999667e+00
1.539188256025314283e+00
1.543329886198043788e+00
1.535731459856033432e+00
1.537867089986801217e+00
1.536874927997589069e+00
1.542898852109908958e+00
1.535571612596511759e+00
1.533740501880645812e+00
1.537121164321899380e+00
1.534233083248138341e+00
1.540478870391845723e+00
1.535481268882751493e+00
1.534602822542190603e+00
1.531174962759017877e+00
1.534487637281417793e+00
1.530461051702499464e+00
1.531344140529632636e+00
1.535315284729003915e+00
1.529687039375305257e+00
1.532596905946731480e+00
1.532887017965316678e+00
1.529505352258682338e+00
1.528342888593673621e+00
1.533750987529754584e+00
1.527125768423080343e+00
1.529987332105636533e+00
1.528126332044601465e+00
1.526322434186935473e+00
1.525252537965774646e+00
1.525894632577896148e+00
1.528524452209472750e+00
1.527017707586288520e+00
1.522824460029602145e+00
1.523414354562759421e+00
1.521471438169479384e+00
1.522135854005813638e+00
1.524549075365066564e+00
1.520138702630996708e+00
1.523404389381408652e+00
1.517361672639846892e+00
1.517072111606597939e+00
1.516680496692657476e+00
1.515353279829025235e+00
1.512680990219116284e+00
1.518843835115432750e+00
1.517007139444351171e+00
1.516848660230636581e+00
1.516652699232101442e+00
1.515498965024948186e+00
1.513066715955734276e+00
1.513499139547348049e+00
1.518195210933685368e+00
1.512442753076553403e+00
1.513547618627548275e+00
1.510494381666183550e+00
1.512886263847351032e+00
1.509402010917663572e+00
1.507248412370681745e+00
1.514691363096237087e+00
1.507543560981750463e+00
1.509346874475479217e+00
