2.706947194099426302e+00
2.768759033679962123e+00
2.708451811790466124e+00
2.689031930446624585e+00
2.654923848152160648e+00
2.619913840770721425e+00
2.624682595729828094e+00
2.570623766899108986e+00
2.550921766281128100e+00
2.544405495643615733e+00
2.554145014762878585e+00
2.544338635444641117e+00
2.518934694766998383e+00
2.521887828826904432e+00
2.483257176876068062e+00
2.494009303092956653e+00
2.493975730419158765e+00
2.468543322563171216e+00
2.488841910362243670e+00
2.465469990253448707e+00
2.460494281291961460e+00
2.449546856880187917e+00
2.434466690540313838e+00
2.439911615371704201e+00
2.432245800971984728e+00
2.425598900794982971e+00
2.421610058307647861e+00
2.419100700855254971e+00
2.406572657585143826e+00
2.414260389804840035e+00
2.410543696880340647e+00
2.409554168224334880e+00
2.390413592338561877e+00
2.394843781471252431e+00
2.399847427845001047e+00
2.388108231067657350e+00
2.388442992210388027e+00
2.382318746089935324e+00
2.377761932373046783e+00
2.378376294136047342e+00
2.368891485214233317e+00
2.374540916442871019e+00
2.376571716785430777e+00
2.372615578651428248e+00
2.367184640884399283e+00
2.363539954185486014e+00
2.370415909290313650e+00
2.361537612438201705e+00
2.359825462818145869e+00
2.369199546813964830e+00
2.358077219486236498e+00
2.363530242919921864e+00
2.357333710193634246e+00
2.358102962970733518e+00
2.353740760803222809e+00
2.356810908317565900e+00
2.349285429477691700e+00
2.357755964279174776e+00
2.353924632549285967e+00
2.351552180290222172e+00
2.346615745067596404e+00
2.347393113136291287e+00
2.349955505371093878e+00
2.348467486858367703e+00
2.343703822612762444e+00
2.343055749416351308e+00
2.343705818653106565e+00
2.344360491752624398e+00
2.343767931938171234e+00
2.339037424564361700e+00
2.341609060764312744e+00
2.340135102272033585e+00
2.339115640640258675e+00
2.339013710021972781e+00
2.337586029529571618e+00
2.337035337448120309e+00
2.330016260623931856e+00
2.332376642227172781e+00
2.331794588088989428e+00
2.330796639919280988e+00
2.328632119178771998e+00
2.326130987644195347e+00
2.321638081073761128e+00
2.311051812171935893e+00
2.297368288516998369e+00
2.277182289600372389e+00
2.253537078380584813e+00
2.237674973011016810e+00
2.215190339565277000e+00
2.195694396972656115e+00
2.185018186092376524e+00
2.174435052871704244e+00
2.159939061403274518e+00
2.153576164960861128e+00
2.148950006246566957e+00
2.142237237215042001e+00
2.134736078500747869e+00
2.131427968740463363e+00
2.128535795927047669e+00
2.122530892133712932e+00
2.118014567136764725e+00
2.119446306943893354e+00
2.113381057262420537e+00
2.110538938522338981e+00
2.107190871238708407e+00
2.103361346006393351e+00
2.102893331527710075e+00
2.099303054332733343e+00
2.096594085931777762e+00
2.091690759658813459e+00
2.084743540763855041e+00
2.082000662088394183e+00
2.081457537174224992e+00
2.075107161998748673e+00
2.069397716522216601e+00
2.062450818300247235e+00
2.058564936876297047e+00
2.050999097347259603e+00
2.049952038049697833e+00
2.047986300945281890e+00
2.035816270351409774e+00
2.041550531387329226e+00
2.031174195528030246e+00
2.033143713712692424e+00
2.020234246015548685e+00
2.019568867683410485e+00
2.013173837900161800e+00
2.016591984272003035e+00
2.006129614591598553e+00
2.004756932735443087e+00
2.001003800153732470e+00
2.000206139326095478e+00
1.997324766397476248e+00
1.991744068861007744e+00
1.992245347023010149e+00
1.991357733249664363e+00
1.984382944107055735e+00
1.986075842618942211e+00
1.979269511222839339e+00
1.976547896862030029e+00
1.975152616262435989e+00
1.969004022598266568e+00
1.969174355268478394e+00
1.965794703006744415e+00
1.966117413997650054e+00
1.964411740779876681e+00
1.956541117906570371e+00
1.954334629058837924e+00
1.947118670225143511e+00
1.949697566986083874e+00
1.946612115144729538e+00
1.946446740150451715e+00
1.943048553466796946e+00
1.941443810701370287e+00
1.936073312997818041e+00
1.937190335273742736e+00
1.936626880645752058e+00
1.933392306804657013e+00
1.933292566776275700e+00
1.930995849132537856e+00
1.923716801643371666e+00
1.926517326354980408e+00
1.923713028192520103e+00
1.922540462017059415e+00
1.920816036462783760e+00
1.917082767486572248e+00
1.918907813549041830e+00
1.912338932991027862e+00
1.913975495815277039e+00
1.909019115924835308e+00
1.907449571371078401e+00
1.906191010475158709e+00
1.904266059875488359e+00
1.905625845670700036e+00
1.898566973447799677e+00
1.901378656864166183e+00
1.899146658420562739e+00
1.891823228597641071e+00
1.893847303152084383e+00
1.894946050643920854e+00
1.890272481679916350e+00
1.889847581148147659e+00
1.884579643249511660e+00
1.881223739385604832e+00
1.884971530675888074e+00
1.885197724819183351e+00
1.883011016607284649e+00
1.879531717061996510e+00
1.877204770803451606e+00
1.877706929445266626e+00
1.871234681844711201e+00
1.874165841341018712e+00
1.869786971330642755e+00
1.870222296476364177e+00
1.867204960346221965e+00
1.862862504959106547e+00
1.862473910331726046e+00
1.864696210861205961e+00
1.860335395097732603e+00
1.858020072698593150e+00
1.853558682203292785e+00
1.855683033943176241e+00
1.851991749763488793e+00
1.848000981569290158e+00
1.852120305299759018e+00
1.848892893314361574e+00
1.842444384098052890e+00
1.843621697902679379e+00
1.840326420783996664e+00
1.838035109996795757e+00
1.845030323266983130e+00
1.841328849792480460e+00
1.837472199916839521e+00
1.837342388629913392e+00
1.835059650897979733e+00
1.833663919925689667e+00
1.833760142087936362e+00
1.828647521257400488e+00
1.830046415805816729e+00
1.828796887397766024e+00
1.829812404632568335e+00
1.821869498014450084e+00
1.824572684526443389e+00
1.822181757926940815e+00
1.822992877483367913e+00
1.819468014001846212e+00
1.819338532686233467e+00
1.820669997930526751e+00
1.816122576713562031e+00
1.817271511316299382e+00
1.812383227586746193e+00
1.811596866607666056e+00
1.813566762447357261e+00
1.812916872978210359e+00
1.808426152229309025e+00
1.808362866878509445e+00
1.805289540529251058e+00
1.804912945270538360e+00
1.807432369232177649e+00
1.800066828250884932e+00
1.801389391183853217e+00
1.804310743093490599e+00
1.799333119869232167e+00
1.803118921756744486e+00
1.793428974628448413e+00
1.798706229925155720e+00
1.795635232210159193e+00
1.795034095048904321e+00
1.795508874177932812e+00
1.791998768091201732e+00
1.791534424304962236e+00
1.791946962594985981e+00
1.791418249368667670e+00
1.789751068353653052e+00
1.788833195209503124e+00
1.792221434831619220e+00
1.787095150470733751e+00
1.785042370080947904e+00
1.786060945272445633e+00
1.780514924764633244e+00
1.780415702104568565e+00
1.779237768888473514e+00
1.777888619661331271e+00
1.777509413242340131e+00
1.778666715145110988e+00
1.774796568393707252e+00
1.775990921497345054e+00
1.776925920724868879e+00
1.773480808734893888e+00
1.775274296760559034e+00
1.770162145376205531e+00
1.771036525011062679e+00
1.772256731748580894e+00
1.763614326000213728e+00
1.770146012783050615e+00
1.767931999444961599e+00
1.767284469604492259e+00
1.761996912002563587e+00
1.761058009386062606e+00
1.765675019741058449e+00
1.761561249732971124e+00
1.763085113286972039e+00
1.758413208246231152e+00
1.759060276508331189e+00
1.756823904514312806e+00
1.757132099628448518e+00
1.757685885906219436e+00
1.756239732742309601e+00
1.755796362876892003e+00
1.756279997587203878e+00
1.755692640781402636e+00
1.751545784235000625e+00
1.749043829202652001e+00
1.753259433031082226e+00
1.747527514696121109e+00
1.751231371164321926e+00
1.749289358139038075e+00
1.746819353342056180e+00
1.746998263597488332e+00
1.749462332487106364e+00
1.749134039640426685e+00
1.744221194028854338e+00
1.745507498025894222e+00
1.738817978143692100e+00
1.743509550571441746e+00
1.744486125469207671e+00
1.739614270687103170e+00
1.738914136648178177e+00
1.740823989629745494e+00
1.738116568565368558e+00
1.735326978206634507e+00
1.734859829187393121e+00
1.733388533115386876e+00
1.733944899559020980e+00
1.735607880592346275e+00
1.734635673999786354e+00
1.733560539722442728e+00
1.730161774158477828e+00
1.731490051984786893e+00
1.733680330276489157e+00
1.730122734069824197e+00
1.729473024368286094e+00
1.723399846792221135e+00
1.729951839685440085e+00
1.728590160608291626e+00
1.724145464658737081e+00
1.723450755834579518e+00
1.724874902009964073e+00
1.721600438117981025e+00
1.716621559858322099e+00
1.724446236848831138e+00
1.722124091625213627e+00
1.720959065675735422e+00
1.716943897485732951e+00
1.717444596767425447e+00
1.718790183544159023e+00
1.717307783842086710e+00
1.718127925872802830e+00
1.716137442827224691e+00
1.716144127845764089e+00
1.717604754924774157e+00
1.713568658113479692e+00
1.711234073877334616e+00
1.715382921695709273e+00
1.713190114259719898e+00
1.710851536750793489e+00
1.708821552515029873e+00
1.712245613813400347e+00
1.705136858701705949e+00
1.709916652202606135e+00
1.711655695438385028e+00
1.703705684423446609e+00
1.709911410808563126e+00
1.708172592401504541e+00
1.705208846330642736e+00
1.705964662551879840e+00
1.699980880260467453e+00
1.699653730869293167e+00
1.700007952928543009e+00
1.704711997985839833e+00
1.700857910871505840e+00
1.703482665777206417e+00
1.699356997013091952e+00
1.698691272497177218e+00
1.699596188306808475e+00
1.699426250934600757e+00
1.698838868379592970e+00
1.697723632574081432e+00
1.695592457056045443e+00
1.695559610605239964e+00
1.696469489336013714e+00
1.697389793157577431e+00
1.696284783840179333e+00
1.690661619663238469e+00
1.692542076587677080e+00
1.695957036256790174e+00
1.693313143968582235e+00
1.686945098161697354e+00
1.687008599996566716e+00
1.693937777042388904e+00
1.688251333475113025e+00
1.686664574384689308e+00
1.683081559658050619e+00
1.683812809705734326e+00
1.686114135265350367e+00
1.689176829576492400e+00
1.685329092741012502e+00
1.685088977336883564e+00
1.684908528566360530e+00
1.687715041399002081e+00
1.684712284564972018e+00
1.682683480501175000e+00
1.679885824918746939e+00
1.683203944921493500e+00
1.681440444707870574e+00
1.677741454124450637e+00
1.682876848697662409e+00
1.675632011890411333e+00
1.672268746852874743e+00
1.675697777032852276e+00
1.680919532299041785e+00
1.677370933532714936e+00
1.674306878328323256e+00
1.670655557155609205e+00
1.676839280605316063e+00
1.674381901264190731e+00
1.670171038866043123e+00
1.670450338840484550e+00
1.671299005031585683e+00
1.670710108757019086e+00
1.667969072103500316e+00
1.669943675518035908e+00
1.673729674339294426e+00
1.671504360198974526e+00
1.669017430067062380e+00
1.666323282718658483e+00
1.667053443908691479e+00
1.663378124237060440e+00
1.665909439325332642e+00
1.664209796905517624e+00
1.662697983026504511e+00
1.661400701761245768e+00
1.665104244709014969e+00
1.661275272130966263e+00
1.656097396373748865e+00
1.663314257860183609e+00
1.660022109985351602e+00
1.660792433023452697e+00
1.664701590299606293e+00
1.660017161846160993e+00
1.657916167020797804e+00
1.656850979089736997e+00
1.659863211870193478e+00
1.655117026090622057e+00
1.656593795537948610e+00
1.652925429344177299e+00
1.653871038913726776e+00
1.660619971275329565e+00
1.654061548233032308e+00
1.653924623727798471e+00
1.653450520753860564e+00
1.652180686235427798e+00
1.649441260576248069e+00
1.652522078752517665e+00
1.651321512699127192e+00
1.650115601778030294e+00
1.651169727802276554e+00
1.646806876182556056e+00
1.649941379308700551e+00
1.652825163841247669e+00
1.645515328884124662e+00
1.646033213376998816e+00
1.645178769588470535e+00
1.646303837060928421e+00
1.645002715826034523e+00
1.644511350154876705e+00
1.642843307733535818e+00
1.640010475635528486e+00
1.638546099901199371e+00
1.641121887207031227e+00
1.639064127683639516e+00
1.642774656772613584e+00
1.642717916250228782e+00
1.640878826379776001e+00
1.643456863403320423e+00
1.637317529201507638e+00
1.641098716735839735e+00
1.634825101375579903e+00
1.636647240400314285e+00
1.636842083930969194e+00
1.637081308603286711e+00
1.638031630277633655e+00
1.634536817312240542e+00
1.633890237569809001e+00
1.634671674013137732e+00
1.633950428247451736e+00
1.629765227079391421e+00
1.634445688009262154e+00
1.631516881227493387e+00
1.631014199495315564e+00
1.633772951841354404e+00
1.632826619386672951e+00
1.628071409940719638e+00
1.628916834831237725e+00
1.627924794197082470e+00
1.627705198287963784e+00
1.627373516798019448e+00
1.624443525791168241e+00
1.630588657855987611e+00
1.623667289257049617e+00
1.623906538248062192e+00
1.628221043825149428e+00
1.624429449558258076e+00
1.624691488742828316e+00
1.619371691465377738e+00
1.622661356687545853e+00
1.622304058790206893e+00
1.621723197460174459e+00
1.620784100055694621e+00
1.624974625587463306e+00
