1.016200035810470581e-01
9.901999682188034058e-02
9.927999973297119141e-02
1.011200025677680969e-01
1.021400019526481628e-01
1.005600020289421082e-01
9.969999641180038452e-02
9.948000311851501465e-02
9.880000352859497070e-02
1.009199991822242737e-01
1.021199971437454224e-01
1.006399989128112793e-01
9.786000102758407593e-02
1.010200008749961853e-01
1.010200008749961853e-01
1.002200022339820862e-01
9.898000210523605347e-02
1.015399992465972900e-01
9.849999845027923584e-02
1.000400036573410034e-01
9.938000142574310303e-02
9.811999648809432983e-02
9.845999628305435181e-02
1.003199964761734009e-01
9.910000115633010864e-02
1.015200018882751465e-01
9.978000074625015259e-02
1.003199964761734009e-01
1.007400006055831909e-01
1.017199978232383728e-01
1.008799970149993896e-01
9.882000088691711426e-02
9.837999939918518066e-02
1.000199988484382629e-01
1.021599993109703064e-01
1.017400026321411133e-01
1.014999970793724060e-01
1.014999970793724060e-01
9.976000338792800903e-02
1.021199971437454224e-01
1.000799983739852905e-01
1.000199988484382629e-01
1.015999987721443176e-01
1.004199981689453125e-01
9.939999878406524658e-02
9.995999932289123535e-02
9.914000332355499268e-02
9.961999952793121338e-02
9.799999743700027466e-02
1.011200025677680969e-01
9.845999628305435181e-02
1.010000035166740417e-01
1.011200025677680969e-01
1.010399982333183289e-01
9.741999953985214233e-02
9.945999830961227417e-02
9.942000359296798706e-02
1.011599972844123840e-01
1.021400019526481628e-01
9.984000027179718018e-02
1.019200012087821960e-01
1.007800027728080750e-01
1.011800020933151245e-01
1.004199981689453125e-01
9.888000041246414185e-02
1.017000004649162292e-01
9.737999737262725830e-02
1.010200008749961853e-01
1.010399982333183289e-01
9.954000264406204224e-02
9.917999804019927979e-02
9.871999919414520264e-02
1.000199988484382629e-01
1.012400016188621521e-01
9.994000196456909180e-02
9.858000278472900391e-02
1.016400009393692017e-01
1.011999994516372681e-01
1.003199964761734009e-01
9.901999682188034058e-02
1.008400022983551025e-01
1.016800031065940857e-01
1.000400036573410034e-01
9.836000204086303711e-02
9.972000122070312500e-02
1.011800020933151245e-01
1.024800017476081848e-01
9.707999974489212036e-02
9.933999925851821899e-02
9.756000339984893799e-02
9.799999743700027466e-02
9.798000007867813110e-02
1.003599986433982849e-01
9.743999689817428589e-02
9.914000332355499268e-02
9.922000020742416382e-02
1.006200015544891357e-01
1.001000031828880310e-01
1.014000028371810913e-01
1.005199998617172241e-01
9.926000237464904785e-02
9.945999830961227417e-02
1.013199985027313232e-01
1.005399972200393677e-01
1.008799970149993896e-01
1.021199971437454224e-01
9.904000163078308105e-02
1.017599999904632568e-01
1.023200005292892456e-01
1.005600020289421082e-01
1.017400026321411133e-01
1.002599969506263733e-01
1.025599986314773560e-01
9.960000216960906982e-02
1.031199991703033447e-01
1.019600033760070801e-01
9.963999688625335693e-02
1.024200022220611572e-01
1.001399978995323181e-01
1.037599965929985046e-01
1.012400016188621521e-01
1.020200029015541077e-01
1.029599979519844055e-01
1.020400002598762512e-01
1.048600003123283386e-01
1.042200028896331787e-01
1.057600006461143494e-01
1.044400036334991455e-01
1.142000034451484680e-01
1.194199994206428528e-01
1.280999928712844849e-01
1.346399933099746704e-01
1.379999965429306030e-01
1.448799967765808105e-01
1.508000046014785767e-01
1.513999998569488525e-01
1.539400070905685425e-01
1.528999954462051392e-01
1.578599959611892700e-01
1.618600040674209595e-01
1.596799939870834351e-01
1.645999997854232788e-01
1.668200045824050903e-01
1.672199964523315430e-01
1.671400070190429688e-01
1.715199947357177734e-01
1.684599965810775757e-01
1.724400073289871216e-01
1.718399971723556519e-01
1.737399995326995850e-01
1.770599931478500366e-01
1.769199967384338379e-01
1.789399981498718262e-01
1.798399984836578369e-01
1.784400045871734619e-01
1.820999979972839355e-01
1.882600039243698120e-01
1.896799951791763306e-01
1.931599974632263184e-01
1.942200064659118652e-01
1.972600072622299194e-01
2.000200003385543823e-01
2.030600011348724365e-01
2.032199949026107788e-01
2.075800001621246338e-01
2.090799957513809204e-01
2.099400013685226440e-01
2.140000015497207642e-01
2.138800024986267090e-01
2.179400026798248291e-01
2.194599956274032593e-01
2.235800027847290039e-01
2.232400029897689819e-01
2.221599966287612915e-01
2.251400053501129150e-01
2.307399958372116089e-01
2.301000058650970459e-01
2.328799962997436523e-01
2.349600046873092651e-01
2.343000024557113647e-01
2.390200048685073853e-01
2.417400032281875610e-01
2.416000068187713623e-01
2.425999939441680908e-01
2.428199946880340576e-01
2.434599995613098145e-01
2.471999973058700562e-01
2.466399967670440674e-01
2.482800036668777466e-01
2.488400042057037354e-01
2.525199949741363525e-01
2.536399960517883301e-01
2.558799982070922852e-01
2.541800141334533691e-01
2.593800127506256104e-01
2.564400136470794678e-01
2.575399875640869141e-01
2.602399885654449463e-01
2.596200108528137207e-01
2.633799910545349121e-01
2.610999941825866699e-01
2.646799981594085693e-01
2.619400024414062500e-01
2.669999897480010986e-01
2.667199969291687012e-01
2.684200108051300049e-01
2.719399929046630859e-01
2.682600021362304688e-01
2.737399935722351074e-01
2.706800103187561035e-01
2.733199894428253174e-01
2.757200002670288086e-01
2.719599902629852295e-01
2.741999924182891846e-01
2.751800119876861572e-01
2.755599915981292725e-01
2.769199907779693604e-01
2.769599854946136475e-01
2.786400020122528076e-01
2.805199921131134033e-01
2.805399894714355469e-01
2.804999947547912598e-01
2.820200026035308838e-01
2.840600013732910156e-01
2.866599857807159424e-01
2.869400084018707275e-01
2.833200097084045410e-01
2.845200002193450928e-01
2.854599952697753906e-01
2.867600023746490479e-01
2.877599895000457764e-01
2.879799902439117432e-01
2.919799983501434326e-01
2.930800020694732666e-01
2.892999947071075439e-01
2.886199951171875000e-01
2.912999987602233887e-01
2.951200008392333984e-01
2.936199903488159180e-01
2.942200005054473877e-01
2.982800006866455078e-01
2.969599962234497070e-01
2.959600090980529785e-01
2.966600060462951660e-01
2.997600138187408447e-01
2.967199981212615967e-01
2.984000146389007568e-01
2.999199926853179932e-01
3.012000024318695068e-01
2.998799979686737061e-01
3.014799952507019043e-01
3.018800020217895508e-01
2.999199926853179932e-01
3.050799965858459473e-01
3.034200072288513184e-01
3.033800125122070312e-01
3.080999851226806641e-01
3.073999881744384766e-01
3.056200146675109863e-01
3.038800060749053955e-01
3.050599992275238037e-01
3.057999908924102783e-01
3.075200021266937256e-01
3.077999949455261230e-01
3.081200122833251953e-01
3.095400035381317139e-01
3.112600147724151611e-01
3.081400096416473389e-01
3.122600018978118896e-01
3.097600042819976807e-01
3.104200065135955811e-01
3.102999925613403320e-01
3.120799958705902100e-01
3.150399923324584961e-01
3.142000138759613037e-01
3.172999918460845947e-01
3.154799938201904297e-01
3.169800043106079102e-01
3.179599940776824951e-01
3.177999854087829590e-01
3.170199990272521973e-01
3.138000071048736572e-01
3.192999958992004395e-01
3.213399946689605713e-01
3.163000047206878662e-01
3.223400115966796875e-01
3.220399916172027588e-01
3.209800124168395996e-01
3.194200098514556885e-01
3.243600130081176758e-01
3.220399916172027588e-01
3.224000036716461182e-01
3.208599984645843506e-01
3.234600126743316650e-01
3.255200088024139404e-01
3.250800073146820068e-01
3.226000070571899414e-01
3.259199857711791992e-01
3.241400122642517090e-01
3.262600004673004150e-01
3.256599903106689453e-01
3.234800100326538086e-01
3.275800049304962158e-01
3.262799978256225586e-01
3.267799913883209229e-01
3.262400031089782715e-01
3.292199969291687012e-01
3.303399980068206787e-01
3.285399973392486572e-01
3.286199867725372314e-01
3.305000066757202148e-01
3.312399983406066895e-01
3.318400084972381592e-01
3.293400108814239502e-01
3.329600095748901367e-01
3.306399881839752197e-01
3.294599950313568115e-01
3.325600028038024902e-01
3.323999941349029541e-01
3.335799872875213623e-01
3.303399980068206787e-01
3.314799964427947998e-01
3.329200148582458496e-01
3.346599936485290527e-01
3.338400125503540039e-01
3.358600139617919922e-01
3.352000117301940918e-01
3.368600010871887207e-01
3.382200002670288086e-01
3.372800052165985107e-01
3.359200060367584229e-01
3.386999964714050293e-01
3.376399874687194824e-01
3.380399942398071289e-01
3.371799886226654053e-01
3.394399881362915039e-01
3.388600051403045654e-01
3.395600020885467529e-01
3.408200144767761230e-01
3.414399921894073486e-01
3.400599956512451172e-01
3.357999920845031738e-01
3.407999873161315918e-01
3.434000015258789062e-01
3.401199877262115479e-01
3.461399972438812256e-01
3.422400057315826416e-01
3.420999944210052490e-01
3.435400128364562988e-01
3.458400070667266846e-01
3.433200120925903320e-01
3.427000045776367188e-01
3.465200066566467285e-01
3.431200087070465088e-01
3.466799855232238770e-01
3.419600129127502441e-01
3.433400094509124756e-01
3.455600142478942871e-01
3.438600003719329834e-01
3.479599952697753906e-01
3.468999862670898438e-01
3.456799983978271484e-01
3.486599922180175781e-01
3.464600145816802979e-01
3.457399904727935791e-01
3.469600081443786621e-01
3.486399948596954346e-01
3.497799932956695557e-01
3.484199941158294678e-01
3.511399924755096436e-01
3.488200008869171143e-01
3.503200113773345947e-01
3.494000136852264404e-01
3.509199917316436768e-01
3.506599962711334229e-01
3.522399961948394775e-01
3.485200107097625732e-01
3.502799868583679199e-01
3.506399989128112793e-01
3.521600067615509033e-01
3.526999950408935547e-01
3.542999923229217529e-01
3.517999947071075439e-01
3.522000014781951904e-01
3.546400070190429688e-01
3.543800115585327148e-01
3.514199852943420410e-01
3.542599976062774658e-01
3.542999923229217529e-01
3.533999919891357422e-01
3.532199859619140625e-01
3.579399883747100830e-01
3.553200066089630127e-01
3.558200001716613770e-01
3.553000092506408691e-01
3.573400080204010010e-01
3.531000018119812012e-01
3.567000031471252441e-01
3.561600148677825928e-01
3.555800020694732666e-01
3.602600097656250000e-01
3.577800095081329346e-01
3.570800125598907471e-01
3.570800125598907471e-01
3.609400093555450439e-01
3.590399920940399170e-01
3.558999896049499512e-01
3.601799905300140381e-01
3.594799935817718506e-01
3.628199994564056396e-01
3.610999882221221924e-01
3.603000044822692871e-01
3.605999946594238281e-01
3.575400114059448242e-01
3.615399897098541260e-01
3.618800044059753418e-01
3.593400120735168457e-01
3.618800044059753418e-01
3.639599978923797607e-01
3.643999993801116943e-01
3.629400134086608887e-01
3.643800020217895508e-01
3.661600053310394287e-01
3.638199865818023682e-01
3.617599904537200928e-01
3.675000071525573730e-01
3.653199970722198486e-01
3.664799928665161133e-01
3.624399900436401367e-01
3.647600114345550537e-01
3.628999888896942139e-01
3.633199930191040039e-01
3.644999861717224121e-01
3.666599988937377930e-01
3.642199933528900146e-01
3.669399917125701904e-01
3.698399960994720459e-01
3.664999902248382568e-01
3.675799965858459473e-01
3.672400116920471191e-01
3.691999912261962891e-01
3.691599965095520020e-01
3.704600036144256592e-01
3.682599961757659912e-01
3.685399889945983887e-01
3.691200017929077148e-01
3.677999973297119141e-01
3.667800128459930420e-01
3.686400055885314941e-01
3.676399886608123779e-01
3.698399960994720459e-01
3.704000115394592285e-01
3.679400086402893066e-01
3.704800009727478027e-01
3.714799880981445312e-01
3.735800087451934814e-01
3.726800084114074707e-01
3.712800145149230957e-01
3.675599992275238037e-01
3.723999857902526855e-01
3.723399937152862549e-01
3.723399937152862549e-01
3.720799982547760010e-01
3.729200065135955811e-01
3.752999901771545410e-01
3.723399937152862549e-01
3.753199875354766846e-01
3.722600042819976807e-01
3.740800023078918457e-01
3.750399947166442871e-01
3.770399987697601318e-01
3.712399899959564209e-01
3.721199929714202881e-01
3.750999867916107178e-01
3.745799958705902100e-01
3.785400092601776123e-01
3.783600032329559326e-01
3.765600025653839111e-01
3.758200109004974365e-01
3.756000101566314697e-01
3.771399855613708496e-01
3.764599859714508057e-01
3.756000101566314697e-01
3.761599957942962646e-01
3.775799870491027832e-01
3.782199919223785400e-01
3.781799972057342529e-01
3.788599967956542969e-01
3.804999887943267822e-01
3.774600028991699219e-01
3.750199973583221436e-01
3.816800117492675781e-01
3.801400065422058105e-01
3.765200078487396240e-01
3.774600028991699219e-01
3.776000142097473145e-01
3.842200040817260742e-01
3.784599900245666504e-01
3.765000104904174805e-01
3.800800144672393799e-01
