9.945999830961227417e-02
9.917999804019927979e-02
9.786000102758407593e-02
1.015399992465972900e-01
1.002599969506263733e-01
9.775999933481216431e-02
9.854000061750411987e-02
1.009399965405464172e-01
1.016200035810470581e-01
9.982000291347503662e-02
1.011999994516372681e-01
9.926000237464904785e-02
1.000000014901161194e-01
1.032399982213973999e-01
1.005999967455863953e-01
1.013199985027313232e-01
1.014000028371810913e-01
9.873999655246734619e-02
1.008599996566772461e-01
9.880000352859497070e-02
1.010999977588653564e-01
9.895999729633331299e-02
9.989999979734420776e-02
9.904000163078308105e-02
1.008599996566772461e-01
1.016400009393692017e-01
1.012799963355064392e-01
1.007599979639053345e-01
1.010200008749961853e-01
9.907999634742736816e-02
9.830000251531600952e-02
9.939999878406524658e-02
1.023399978876113892e-01
1.020599976181983948e-01
1.000400036573410034e-01
9.961999952793121338e-02
1.009799987077713013e-01
1.011399999260902405e-01
1.021599993109703064e-01
9.877999871969223022e-02
1.026400029659271240e-01
9.905999898910522461e-02
1.000400036573410034e-01
1.011800020933151245e-01
1.018999963998794556e-01
9.989999979734420776e-02
1.010999977588653564e-01
9.746000170707702637e-02
9.848000109195709229e-02
9.873999655246734619e-02
1.009000018239021301e-01
1.003400012850761414e-01
1.028399989008903503e-01
9.935999661684036255e-02
1.007800027728080750e-01
1.005799993872642517e-01
1.001999974250793457e-01
9.845999628305435181e-02
1.039599999785423279e-01
1.011399999260902405e-01
1.011800020933151245e-01
9.842000156641006470e-02
1.016800031065940857e-01
1.004000008106231689e-01
1.006399989128112793e-01
1.036000028252601624e-01
1.030199974775314331e-01
1.015800014138221741e-01
1.010399982333183289e-01
1.038800030946731567e-01
1.000600010156631470e-01
1.014999970793724060e-01
1.012400016188621521e-01
1.023000031709671021e-01
1.031399965286254883e-01
1.037399992346763611e-01
1.071000024676322937e-01
1.054999977350234985e-01
1.057799980044364929e-01
1.042999997735023499e-01
1.093999966979026794e-01
1.076000034809112549e-01
1.135599985718727112e-01
1.210800036787986755e-01
1.244800016283988953e-01
1.372999995946884155e-01
1.413799971342086792e-01
1.486199945211410522e-01
1.525000035762786865e-01
1.583400070667266846e-01
1.581400036811828613e-01
1.632200032472610474e-01
1.667000055313110352e-01
1.689999997615814209e-01
1.695600003004074097e-01
1.719799935817718506e-01
1.740400046110153198e-01
1.760600060224533081e-01
1.752600073814392090e-01
1.782400012016296387e-01
1.817400008440017700e-01
1.801999956369400024e-01
1.826200038194656372e-01
1.815399974584579468e-01
1.842399984598159790e-01
1.857800036668777466e-01
1.849199980497360229e-01
1.908199936151504517e-01
1.902000010013580322e-01
1.952600032091140747e-01
1.952600032091140747e-01
1.998800039291381836e-01
2.014199942350387573e-01
2.037000060081481934e-01
2.093600034713745117e-01
2.106399983167648315e-01
2.139800041913986206e-01
2.182399928569793701e-01
2.225600033998489380e-01
2.239399999380111694e-01
2.276799976825714111e-01
2.249799966812133789e-01
2.356400042772293091e-01
2.336599975824356079e-01
2.399799972772598267e-01
2.419800013303756714e-01
2.436800003051757812e-01
2.467399984598159790e-01
2.504400014877319336e-01
2.528400123119354248e-01
2.507799863815307617e-01
2.529599964618682861e-01
2.571600079536437988e-01
2.580200135707855225e-01
2.581399977207183838e-01
2.578999996185302734e-01
2.648000121116638184e-01
2.623000144958496094e-01
2.660799920558929443e-01
2.685999870300292969e-01
2.693400084972381592e-01
2.721799910068511963e-01
2.732200026512145996e-01
2.744799852371215820e-01
2.755799889564514160e-01
2.743999958038330078e-01
2.789199948310852051e-01
2.791999876499176025e-01
2.809399962425231934e-01
2.822999954223632812e-01
2.826600074768066406e-01
2.818799912929534912e-01
2.829599976539611816e-01
2.846400141716003418e-01
2.843799889087677002e-01
2.876600027084350586e-01
2.887200117111206055e-01
2.894800007343292236e-01
2.890599966049194336e-01
2.901600003242492676e-01
2.917400002479553223e-01
2.906399965286254883e-01
2.927199900150299072e-01
2.938599884510040283e-01
2.968400120735168457e-01
2.948600053787231445e-01
2.975600063800811768e-01
2.993600070476531982e-01
2.985799908638000488e-01
2.992999851703643799e-01
3.014200031757354736e-01
3.010999858379364014e-01
3.040600121021270752e-01
3.005999922752380371e-01
3.035799860954284668e-01
3.075599968433380127e-01
3.063600063323974609e-01
3.102400004863739014e-01
3.087399899959564209e-01
3.085199892520904541e-01
3.111200034618377686e-01
3.131000101566314697e-01
3.104400038719177246e-01
3.148399889469146729e-01
3.122000098228454590e-01
3.119199872016906738e-01
3.168599903583526611e-01
3.152599930763244629e-01
3.168599903583526611e-01
3.177199959754943848e-01
3.190200030803680420e-01
3.195399940013885498e-01
3.209199905395507812e-01
3.204999864101409912e-01
3.210600018501281738e-01
3.255800008773803711e-01
3.237999975681304932e-01
3.214200139045715332e-01
3.244000077247619629e-01
3.262200057506561279e-01
3.266600072383880615e-01
3.265199959278106689e-01
3.265599906444549561e-01
3.322199881076812744e-01
3.302200138568878174e-01
3.312599956989288330e-01
3.327000141143798828e-01
3.331399857997894287e-01
3.340800106525421143e-01
3.343800008296966553e-01
3.322199881076812744e-01
3.333800137042999268e-01
3.346399962902069092e-01
3.335199952125549316e-01
3.371999859809875488e-01
3.339999914169311523e-01
3.385399878025054932e-01
3.390400111675262451e-01
3.370000123977661133e-01
3.382399976253509521e-01
3.407399952411651611e-01
3.431200087070465088e-01
3.418000042438507080e-01
3.397000133991241455e-01
3.389799892902374268e-01
3.419600129127502441e-01
3.439399898052215576e-01
3.408600091934204102e-01
3.454799950122833252e-01
3.401199877262115479e-01
3.443000018596649170e-01
3.467000126838684082e-01
3.449999988079071045e-01
3.459599912166595459e-01
3.458000123500823975e-01
3.456000089645385742e-01
3.474600017070770264e-01
3.488999903202056885e-01
3.461599946022033691e-01
3.497599959373474121e-01
3.485000133514404297e-01
3.489600121974945068e-01
3.516600131988525391e-01
3.484799861907958984e-01
3.537000119686126709e-01
3.510600030422210693e-01
3.528999984264373779e-01
3.497599959373474121e-01
3.505200147628784180e-01
3.533200025558471680e-01
3.552399873733520508e-01
3.558599948883056641e-01
3.544600009918212891e-01
3.567000031471252441e-01
3.534199893474578857e-01
3.539600074291229248e-01
3.574799895286560059e-01
3.559400141239166260e-01
3.548800051212310791e-01
3.588599860668182373e-01
3.587000072002410889e-01
3.593200147151947021e-01
3.600200116634368896e-01
3.575200140476226807e-01
3.592599928379058838e-01
3.597599864006042480e-01
3.606199920177459717e-01
3.591600060462951660e-01
3.634999990463256836e-01
3.594599962234497070e-01
3.638800084590911865e-01
3.610399961471557617e-01
3.642199933528900146e-01
3.650000095367431641e-01
3.615599870681762695e-01
3.641200065612792969e-01
3.605799973011016846e-01
3.632799983024597168e-01
3.641999959945678711e-01
3.651399910449981689e-01
3.645200133323669434e-01
3.645600080490112305e-01
3.655000030994415283e-01
3.653399944305419922e-01
3.659799993038177490e-01
3.685399889945983887e-01
3.657799959182739258e-01
3.682200014591217041e-01
3.676800131797790527e-01
3.658599853515625000e-01
3.697200119495391846e-01
3.683600127696990967e-01
3.684599995613098145e-01
3.716000020503997803e-01
3.690199851989746094e-01
3.692600131034851074e-01
3.690800070762634277e-01
3.713000118732452393e-01
3.732199966907501221e-01
3.700200021266937256e-01
3.704200088977813721e-01
3.713400065898895264e-01
3.725000023841857910e-01
3.728199899196624756e-01
3.718400001525878906e-01
3.722400069236755371e-01
3.755800127983093262e-01
3.716399967670440674e-01
3.713000118732452393e-01
3.716000020503997803e-01
3.736599981784820557e-01
3.748599886894226074e-01
3.752599954605102539e-01
3.754999935626983643e-01
3.768799901008605957e-01
3.751200139522552490e-01
3.764399886131286621e-01
3.761399984359741211e-01
3.791199922561645508e-01
3.759999871253967285e-01
3.762399852275848389e-01
3.780199885368347168e-01
3.794600069522857666e-01
3.736200034618377686e-01
3.797399997711181641e-01
3.781200051307678223e-01
3.792999982833862305e-01
3.781999945640563965e-01
3.794600069522857666e-01
3.824200034141540527e-01
3.814800083637237549e-01
3.802999854087829590e-01
3.809800148010253906e-01
3.827199935913085938e-01
3.821200132369995117e-01
3.813000023365020752e-01
3.804799914360046387e-01
3.794800043106079102e-01
3.833400011062622070e-01
3.829199969768524170e-01
3.802399933338165283e-01
3.809599876403808594e-01
3.837000131607055664e-01
3.845599889755249023e-01
3.833599984645843506e-01
3.837600052356719971e-01
3.825800120830535889e-01
3.836199939250946045e-01
3.855800032615661621e-01
3.833400011062622070e-01
3.851999938488006592e-01
3.838199973106384277e-01
3.847199976444244385e-01
3.843800127506256104e-01
3.879199922084808350e-01
3.871200084686279297e-01
3.870199918746948242e-01
3.873800039291381836e-01
3.871600031852722168e-01
3.853999972343444824e-01
3.896000087261199951e-01
3.862000107765197754e-01
3.894400000572204590e-01
3.872399926185607910e-01
3.901199996471405029e-01
3.883999884128570557e-01
3.872799873352050781e-01
3.874000012874603271e-01
3.930400013923645020e-01
3.894799947738647461e-01
3.929800093173980713e-01
3.879800140857696533e-01
3.898400068283081055e-01
3.918600082397460938e-01
3.895399868488311768e-01
3.892199993133544922e-01
3.932200074195861816e-01
3.936400115489959717e-01
3.923200070858001709e-01
3.908199965953826904e-01
3.939999938011169434e-01
3.934400081634521484e-01
3.955000042915344238e-01
3.941600024700164795e-01
3.947199881076812744e-01
3.909400105476379395e-01
3.964399993419647217e-01
3.942199945449829102e-01
3.918200135231018066e-01
3.934800028800964355e-01
3.918800055980682373e-01
3.943600058555603027e-01
3.955399990081787109e-01
3.934000134468078613e-01
3.937399983406066895e-01
3.964799940586090088e-01
3.933599889278411865e-01
3.975600004196166992e-01
3.958399891853332520e-01
3.989199995994567871e-01
3.958599865436553955e-01
3.955999910831451416e-01
3.961200118064880371e-01
3.990600109100341797e-01
3.953000009059906006e-01
3.953799903392791748e-01
3.980000019073486328e-01
3.965199887752532959e-01
3.983800113201141357e-01
4.013999998569488525e-01
4.030599892139434814e-01
4.010199904441833496e-01
3.978399932384490967e-01
4.001199901103973389e-01
3.991400003433227539e-01
4.012599885463714600e-01
4.015200138092041016e-01
4.040400087833404541e-01
3.991400003433227539e-01
3.995200097560882568e-01
4.023000001907348633e-01
4.038000106811523438e-01
4.032399952411651611e-01
4.042600095272064209e-01
4.037599861621856689e-01
4.019800126552581787e-01
4.010399878025054932e-01
4.018000066280364990e-01
4.025599956512451172e-01
4.030799865722656250e-01
4.042600095272064209e-01
4.022000133991241455e-01
4.026600122451782227e-01
4.045000076293945312e-01
4.028599858283996582e-01
4.045400023460388184e-01
4.057199954986572266e-01
4.030399918556213379e-01
4.011999964714050293e-01
4.071800112724304199e-01
4.066799879074096680e-01
4.041000008583068848e-01
4.079599976539611816e-01
4.066199958324432373e-01
4.090200066566467285e-01
4.050000011920928955e-01
4.056800007820129395e-01
4.059799909591674805e-01
4.062399864196777344e-01
4.043599963188171387e-01
4.088400006294250488e-01
4.089399874210357666e-01
4.072999954223632812e-01
4.055199921131134033e-01
4.072200059890747070e-01
4.071399867534637451e-01
4.080600142478942871e-01
4.102799892425537109e-01
4.095999896526336670e-01
4.068399965763092041e-01
4.121600091457366943e-01
4.064399898052215576e-01
4.086799919605255127e-01
4.093399941921234131e-01
4.106000065803527832e-01
4.117600023746490479e-01
4.107199907302856445e-01
4.127799868583679199e-01
4.090200066566467285e-01
4.101000130176544189e-01
4.111199975013732910e-01
4.125800132751464844e-01
4.116199910640716553e-01
4.132800102233886719e-01
4.113599956035614014e-01
4.105600118637084961e-01
4.149599969387054443e-01
4.133200049400329590e-01
4.129799902439117432e-01
4.129199981689453125e-01
4.110800027847290039e-01
4.106400012969970703e-01
4.106599986553192139e-01
4.142200052738189697e-01
4.129599928855895996e-01
4.138999879360198975e-01
4.145199954509735107e-01
4.169999957084655762e-01
4.127399921417236328e-01
4.162400066852569580e-01
4.181199967861175537e-01
4.142400026321411133e-01
4.155800044536590576e-01
4.159600138664245605e-01
4.174199998378753662e-01
4.154399931430816650e-01
4.161199927330017090e-01
4.147799909114837646e-01
4.162800014019012451e-01
4.157199859619140625e-01
