2.737933387279510633e+00
2.633609739303588881e+00
2.520751245498657145e+00
2.435503460407256959e+00
2.383741816520690726e+00
2.369378592491149682e+00
2.354977997303008941e+00
2.345895260810852090e+00
2.340882440090179539e+00
2.336595375537872332e+00
2.331798819065094008e+00
2.323962994098663248e+00
2.313672047615051408e+00
2.300811730384826781e+00
2.281454289913177558e+00
2.254091098785400593e+00
2.233080727577209323e+00
2.197934901714325040e+00
2.168704466342926018e+00
2.143986609458923276e+00
2.130139316558838036e+00
2.116553159952163643e+00
2.110722809553146284e+00
2.103578650474548173e+00
2.094132614135742365e+00
2.092263455152511664e+00
2.087748096227645789e+00
2.081715658664703206e+00
2.075946386575698632e+00
2.069978540420532198e+00
2.068759278297424231e+00
2.061864513397216658e+00
2.059643606901168766e+00
2.056520292758941437e+00
2.051954205751418847e+00
2.045434024095535097e+00
2.042160997152328683e+00
2.038730486631393557e+00
2.033659617185592516e+00
2.024295839309692369e+00
2.024103502511978014e+00
2.014882693290710236e+00
2.010113082647323690e+00
2.004503585577011027e+00
1.998446462631225495e+00
1.997699282169342005e+00
1.987840610742569014e+00
1.986739945650100703e+00
1.980417071342468249e+00
1.973769461393356295e+00
1.972309150218963580e+00
1.965699989318847596e+00
1.960887128353118847e+00
1.958453275918960568e+00
1.951929767131805438e+00
1.944989563703537039e+00
1.942590552806854332e+00
1.937619445085525527e+00
1.934390439748764123e+00
1.930557484626770126e+00
1.928188166856765751e+00
1.926244756937026903e+00
1.923983262538909944e+00
1.915707706928253096e+00
1.912350186109542882e+00
1.913296449422836387e+00
1.908550461292266798e+00
1.904808708906173598e+00
1.901778740644454846e+00
1.899735461235046330e+00
1.901312558412551867e+00
1.893398659706115650e+00
1.893060703992843541e+00
1.888406059026718209e+00
1.884592624664306548e+00
1.886806138753891027e+00
1.883946603059768687e+00
1.879346930503845270e+00
1.879484888315200886e+00
1.873677886962890726e+00
1.869288800001144502e+00
1.870460531473159715e+00
1.861960517168045115e+00
1.860439381122589220e+00
1.862115519285202137e+00
1.857380916833877516e+00
1.851385164976119935e+00
1.853339606523513705e+00
1.846733454942703245e+00
1.842351412296295177e+00
1.839450539588928235e+00
1.838436392784118745e+00
1.834809100627899259e+00
1.831744565486908005e+00
1.827675986289978072e+00
1.827185290098190418e+00
1.820144567489623944e+00
1.818250706434249908e+00
1.818872808456420964e+00
1.817368302345275799e+00
1.807438824176788250e+00
1.805851447343826299e+00
1.807049824714660691e+00
1.800189142704009981e+00
1.796678087711334193e+00
1.796890919446945123e+00
1.794838135480880670e+00
1.792014527082443243e+00
1.785323516845703118e+00
1.785738727092742950e+00
1.786954400062561010e+00
1.783169735431671121e+00
1.778244718313217065e+00
1.775662345647811780e+00
1.774049760818481536e+00
1.771389754056930554e+00
1.769765603065490689e+00
1.767911382436752277e+00
1.768306153297424244e+00
1.765169243574142399e+00
1.763387845754623484e+00
1.759978625535965069e+00
1.760632653713226414e+00
1.755095361709594792e+00
1.751556437492370666e+00
1.752694907188415474e+00
1.749097511291503926e+00
1.748596080541610753e+00
1.745435050964355472e+00
1.747451772689819327e+00
1.740756995201110824e+00
1.740694369792938234e+00
1.742657695055007894e+00
1.739812231063842862e+00
1.735818545579910221e+00
1.737102869033813501e+00
1.731933949470519929e+00
1.728984167098998936e+00
1.728693044185638517e+00
1.727153135061264111e+00
1.732300223350524915e+00
1.723965370893478344e+00
1.720875911951065040e+00
1.720659359455108728e+00
1.720027324676513647e+00
1.723297687292099090e+00
1.717349657058715895e+00
1.716403036117553738e+00
1.715487197637558081e+00
1.711506262540817280e+00
1.710715995788574251e+00
1.705861264228820895e+00
1.708599126577377225e+00
1.709749552965164288e+00
1.707752356767654467e+00
1.706573238849639962e+00
1.704209195852279590e+00
1.700282906055450516e+00
1.702259764671325781e+00
1.700274525403976389e+00
1.699031865119934093e+00
1.696912827730178819e+00
1.694193253517150888e+00
1.694464298963546778e+00
1.689870773792266911e+00
1.690461663961410510e+00
1.690777367830276434e+00
1.689808356046676563e+00
1.686781191825866610e+00
1.683424910306930533e+00
1.682488780736923317e+00
1.678494089126586930e+00
1.683020402669906712e+00
1.683267452478408810e+00
1.672809211254119965e+00
1.675208763599395745e+00
1.673869528770446813e+00
1.674616912603378305e+00
1.672518586397170992e+00
1.669440064907073973e+00
1.670102181673049913e+00
1.666932469844818021e+00
1.664144140243530190e+00
1.667303352594375676e+00
1.666980983734130950e+00
1.661504802227020239e+00
1.660756718158721945e+00
1.660569367170333877e+00
1.660270823240280080e+00
1.657289860248565727e+00
1.660036364078521620e+00
1.652702934980392557e+00
1.649788275957107642e+00
1.651229038953781147e+00
1.656023929357528734e+00
1.653334660053253247e+00
1.647022664785385171e+00
1.649800418853759831e+00
1.645907764196395950e+00
1.647633505344390903e+00
1.646005368709564154e+00
1.645176774740219061e+00
1.637021200656890940e+00
1.641433600902557410e+00
1.635812159776687702e+00
1.635025520086288431e+00
1.640541066884994459e+00
1.635754199743270965e+00
1.637466559648513842e+00
1.631578394174575841e+00
1.632080518484115617e+00
1.633188940286636415e+00
1.629189787149429414e+00
1.627578626871108991e+00
1.631178308725357073e+00
1.627536608219146697e+00
1.622733274698257455e+00
1.622951855659484854e+00
1.625313352346420270e+00
1.624550666809082111e+00
1.626353748321533121e+00
1.615880255937576226e+00
1.616292133092880334e+00
1.617893903732299909e+00
1.612886709690094067e+00
1.611352293968200788e+00
1.615723731994628931e+00
1.608382881879806492e+00
1.611184866428375217e+00
1.608258983850479051e+00
1.608317149162292514e+00
1.608622289180755560e+00
1.605124394893646222e+00
1.604005686283111576e+00
1.605270297527313206e+00
1.603644544363021840e+00
1.602226807832717981e+00
1.597777037858963078e+00
1.600333458662033026e+00
1.596195518255233869e+00
1.599559159517288220e+00
1.597300507068634134e+00
1.596184295654296870e+00
1.593160597324371430e+00
1.598834149599075216e+00
1.592178692102432347e+00
1.592549638748169016e+00
1.590892422676086326e+00
1.586494068861007634e+00
1.589057014942169221e+00
1.594021811008453415e+00
1.589909465789794973e+00
1.583409548282623369e+00
1.584768719196319564e+00
1.583604871034622219e+00
1.585540935277938823e+00
1.581877221822738599e+00
1.579479042768478392e+00
1.580026840686798106e+00
1.576335914611816325e+00
1.572780697822570906e+00
1.575191804409027174e+00
1.574496452569961624e+00
1.576892354488372838e+00
1.570779531955718955e+00
1.571253283500671394e+00
1.571396095514297375e+00
1.567225658178329484e+00
1.568296720981597892e+00
1.568283638715743944e+00
1.564238771915435811e+00
1.565955566406250110e+00
1.565158611536026090e+00
1.562145712137222198e+00
1.559463814973831131e+00
1.556354158639907892e+00
1.560084063529968201e+00
1.558265290498733524e+00
1.553718095302581759e+00
1.559426686525344774e+00
1.558034471750259442e+00
1.556744116783142173e+00
1.554645180940628091e+00
1.550654405593872021e+00
1.552001835346221936e+00
1.548281763315200843e+00
1.551625505447387754e+00
1.550079729557037433e+00
1.550540489673614575e+00
1.541792661905288631e+00
1.543403687477111763e+00
1.542230048656463515e+00
1.543933041572570719e+00
1.541474889278411808e+00
1.544945643186569129e+00
1.535557942152023347e+00
1.536291873693466092e+00
1.540048835277557426e+00
1.537790358304977456e+00
1.537072260141372659e+00
1.537915599822998081e+00
1.538074376344680694e+00
1.533812099218368585e+00
1.534844382047653166e+00
1.535212813854217595e+00
1.532972528219223030e+00
1.534293077945709127e+00
1.529730793714523251e+00
1.531683852910995514e+00
1.528776166677475068e+00
1.528099628210067840e+00
1.528102000713348341e+00
1.523759467124939038e+00
1.530940474987030120e+00
1.519157532691955526e+00
1.524298615455627504e+00
1.518712485313415517e+00
1.522549290895462093e+00
1.520006784200668370e+00
1.522178912878036527e+00
1.515756229639053432e+00
1.517451757669448842e+00
1.519283465862274252e+00
1.516185121297836336e+00
1.515587069988250768e+00
1.519863119840622057e+00
1.515179344177246090e+00
1.513668460845947195e+00
1.515706727027892997e+00
1.512056715965270914e+00
1.516586365699768013e+00
1.505550273895263746e+00
1.512831319808960018e+00
1.509429016828536918e+00
1.506678070306777917e+00
1.509834640264511085e+00
1.502775945663452184e+00
1.508540792942047126e+00
1.506551060914993245e+00
1.506168639421463062e+00
1.498644597530365052e+00
1.501185157537460402e+00
1.503847810268402085e+00
1.502222989797592057e+00
1.497761117219924998e+00
1.502399198293685956e+00
1.497003059148788395e+00
1.498467085599899384e+00
1.498586787223815886e+00
1.500123770475387586e+00
1.495653416395187341e+00
1.492337448120117260e+00
1.489038163661956737e+00
1.489865489959716793e+00
1.497401584863662816e+00
1.491552121400833153e+00
1.490607941865921049e+00
1.495673036336898853e+00
1.489159035921096885e+00
1.488773996114730824e+00
1.490101962566375837e+00
1.486948482751846212e+00
1.486895952939987220e+00
1.487917912721633984e+00
1.486990442991256822e+00
1.489408428668975937e+00
1.487444427013397297e+00
1.484910549879074004e+00
1.483215399026870829e+00
1.481736975908279463e+00
1.483324637413024893e+00
1.479907472133636492e+00
1.477750303983688340e+00
1.483028404235839925e+00
1.478865083932876523e+00
1.476071802139282241e+00
1.479391652584076011e+00
1.471776889324188264e+00
1.476076077222824079e+00
1.476853514194488515e+00
1.473913825035095160e+00
1.471880846738815363e+00
1.473546640872955393e+00
1.472846625804901111e+00
1.475668498039245602e+00
1.476465649127960189e+00
1.467981455564498994e+00
1.465052818298339776e+00
1.470146162033081128e+00
1.473100919246673524e+00
1.466836016654968322e+00
1.472469202756881756e+00
1.466383438110351545e+00
1.466877499580383271e+00
1.466988172292709391e+00
1.462159475803375352e+00
1.466497877359390190e+00
1.464854032278060991e+00
1.462180389881134079e+00
1.461813996315002528e+00
1.463483181715011572e+00
1.466430666208267120e+00
1.461802455425262437e+00
1.462078176498412985e+00
1.461126116991043000e+00
1.459391857385635483e+00
1.461645701885223358e+00
1.459202960729599097e+00
1.458130884647369285e+00
1.458128511667251548e+00
1.457407980918884238e+00
1.457422060966491628e+00
1.456204537868499793e+00
1.457146940469741914e+00
1.459408202648162733e+00
1.458782388925552453e+00
1.451554563522338803e+00
1.446511646509170523e+00
1.451247307538986231e+00
1.450963880300521813e+00
1.446449004411697326e+00
1.453073466777801581e+00
1.453105779170990042e+00
1.446617591857910057e+00
1.452346765041351295e+00
1.448404209136962884e+00
1.447908077478408773e+00
1.449529367208480801e+00
1.447184912681579672e+00
1.444848129272460868e+00
1.450224720001220602e+00
1.445362602472305191e+00
1.448181588411331155e+00
1.444374859809875566e+00
1.447055016040802000e+00
1.444082688331604025e+00
1.442484021663665850e+00
1.443696624517440741e+00
1.437415376186370830e+00
1.441713004350662297e+00
1.439686028242111115e+00
1.437901481151580896e+00
1.445421839237213124e+00
1.435310318708419741e+00
1.439985477209091203e+00
1.438572532176971341e+00
1.440081328868865862e+00
1.437724690914154113e+00
1.440171102046966523e+00
1.435232673168182371e+00
1.437039823532104466e+00
1.436349241733551052e+00
1.435046894550323415e+00
1.430396226406097426e+00
1.433839401006698600e+00
1.429482638120651350e+00
1.434291612148284933e+00
1.436226219177246133e+00
1.432314445257186986e+00
1.432458247900009196e+00
1.428048558950424152e+00
1.428574541330337455e+00
1.426954892873764091e+00
1.433697334766387943e+00
1.425422169923782345e+00
1.428069228887558051e+00
1.428622880458831679e+00
1.429139690637588611e+00
1.428546835899352940e+00
1.427746888160705607e+00
1.428007567644119291e+00
1.427861588716506924e+00
1.429357527971267805e+00
1.427409970521926974e+00
1.424126822233199974e+00
1.425387297391891517e+00
1.420803223609924393e+00
1.420788209438323957e+00
1.418948752403259350e+00
1.427090371370315580e+00
1.421797303438186555e+00
1.420705185413360550e+00
1.422712694168090763e+00
1.414763307332992603e+00
1.418097495079040593e+00
1.421768636941909802e+00
1.419181277275085362e+00
1.417267094373702907e+00
1.416018250465393091e+00
1.415726453781127825e+00
1.421987712860107500e+00
1.418945450544357278e+00
1.421086016416549747e+00
1.415999730348586949e+00
1.418408512830734214e+00
1.413946643352508525e+00
1.411488605737686086e+00
1.417374106884002671e+00
1.415295134544372502e+00
1.414352744579315146e+00
