1.214200034737586975e-01
1.816399991512298584e-01
2.193000018596649170e-01
2.370200008153915405e-01
2.540000081062316895e-01
2.627600133419036865e-01
2.710799872875213623e-01
2.797800004482269287e-01
2.834799885749816895e-01
2.896400094032287598e-01
2.950400114059448242e-01
3.021200001239776611e-01
3.074800074100494385e-01
3.091000020503997803e-01
3.136200010776519775e-01
3.179000020027160645e-01
3.228200078010559082e-01
3.242599964141845703e-01
3.275800049304962158e-01
3.293800055980682373e-01
3.359999954700469971e-01
3.350200057029724121e-01
3.364199995994567871e-01
3.395400047302246094e-01
3.402000069618225098e-01
3.422000110149383545e-01
3.448199927806854248e-01
3.484399914741516113e-01
3.488999903202056885e-01
3.505400121212005615e-01
3.528999984264373779e-01
3.552600145339965820e-01
3.564999997615814209e-01
3.609600067138671875e-01
3.613600134849548340e-01
3.632200062274932861e-01
3.659400045871734619e-01
3.678599894046783447e-01
3.684000074863433838e-01
3.709799945354461670e-01
3.723999857902526855e-01
3.733200132846832275e-01
3.769800066947937012e-01
3.790999948978424072e-01
3.790600001811981201e-01
3.815799951553344727e-01
3.836399912834167480e-01
3.849999904632568359e-01
3.848200142383575439e-01
3.870199918746948242e-01
3.892799913883209229e-01
3.874999880790710449e-01
3.909200131893157959e-01
3.923400044441223145e-01
3.918800055980682373e-01
3.959600031375885010e-01
3.961200118064880371e-01
3.975000083446502686e-01
4.022400081157684326e-01
4.018000066280364990e-01
4.022800028324127197e-01
4.031400084495544434e-01
4.025799930095672607e-01
4.050399959087371826e-01
4.055599868297576904e-01
4.075999855995178223e-01
4.096400141716003418e-01
4.112600088119506836e-01
4.101400077342987061e-01
4.133799970149993896e-01
4.123800098896026611e-01
4.138999879360198975e-01
4.166800081729888916e-01
4.174000024795532227e-01
4.181599915027618408e-01
4.174799919128417969e-01
4.189000129699707031e-01
4.212000072002410889e-01
4.197599887847900391e-01
4.232600033283233643e-01
4.235999882221221924e-01
4.226599931716918945e-01
4.239600002765655518e-01
4.261400103569030762e-01
4.255000054836273193e-01
4.282400012016296387e-01
4.241400063037872314e-01
4.289599955081939697e-01
4.278199970722198486e-01
4.274199903011322021e-01
4.305399954319000244e-01
4.309400022029876709e-01
4.339799880981445312e-01
4.338999986648559570e-01
4.318200051784515381e-01
4.346199929714202881e-01
4.368399977684020996e-01
4.357399940490722656e-01
4.372799992561340332e-01
4.350999891757965088e-01
4.374400079250335693e-01
4.357799887657165527e-01
4.380599856376647949e-01
4.407800137996673584e-01
4.424799978733062744e-01
4.412600100040435791e-01
4.426600039005279541e-01
4.411999881267547607e-01
4.453400075435638428e-01
4.417800009250640869e-01
4.435800015926361084e-01
4.447200000286102295e-01
4.440599977970123291e-01
4.450800120830535889e-01
4.491400122642517090e-01
4.494400024414062500e-01
4.478600025177001953e-01
4.504199922084808350e-01
4.522199928760528564e-01
4.507400095462799072e-01
4.521200060844421387e-01
4.499399960041046143e-01
4.526999890804290771e-01
4.522199928760528564e-01
4.511199891567230225e-01
4.555200040340423584e-01
4.514999985694885254e-01
4.532200098037719727e-01
4.554199874401092529e-01
4.552200138568878174e-01
4.555000066757202148e-01
4.578999876976013184e-01
4.565399885177612305e-01
4.573000073432922363e-01
4.598000049591064453e-01
4.595400094985961914e-01
4.595400094985961914e-01
4.595600068569183350e-01
4.617399871349334717e-01
4.618000090122222900e-01
4.596199989318847656e-01
4.611800014972686768e-01
4.606600105762481689e-01
4.616599977016448975e-01
4.632000029087066650e-01
4.638999998569488525e-01
4.643599987030029297e-01
4.655799865722656250e-01
4.683000147342681885e-01
4.667600095272064209e-01
4.670799970626831055e-01
4.700799882411956787e-01
4.697600007057189941e-01
4.701800048351287842e-01
4.689599871635437012e-01
4.700999855995178223e-01
4.703199863433837891e-01
4.716399908065795898e-01
4.704999923706054688e-01
4.710200130939483643e-01
4.718199968338012695e-01
4.735400080680847168e-01
4.749799966812133789e-01
4.736999869346618652e-01
4.767000079154968262e-01
4.743199944496154785e-01
4.736399948596954346e-01
4.759800136089324951e-01
4.763199985027313232e-01
4.790399968624114990e-01
4.787999987602233887e-01
4.789600074291229248e-01
4.762400090694427490e-01
4.808000028133392334e-01
4.800800085067749023e-01
4.772399961948394775e-01
4.833000004291534424e-01
4.826399981975555420e-01
4.846599996089935303e-01
4.819000065326690674e-01
4.827199876308441162e-01
4.825200140476226807e-01
4.832000136375427246e-01
4.839800000190734863e-01
4.848600029945373535e-01
4.858799874782562256e-01
4.840199947357177734e-01
4.868600070476531982e-01
4.860199987888336182e-01
4.859800040721893311e-01
4.881399869918823242e-01
4.880999922752380371e-01
4.879800081253051758e-01
4.871200025081634521e-01
4.870199859142303467e-01
4.896000027656555176e-01
4.894999861717224121e-01
4.902600049972534180e-01
4.902200102806091309e-01
4.880599975585937500e-01
4.924800097942352295e-01
4.921199977397918701e-01
4.894999861717224121e-01
4.910399913787841797e-01
4.907000064849853516e-01
4.932999908924102783e-01
4.925599992275238037e-01
4.932200014591217041e-01
4.932399988174438477e-01
4.970799982547760010e-01
4.957199990749359131e-01
4.945000112056732178e-01
4.976400136947631836e-01
4.976600110530853271e-01
4.947800040245056152e-01
4.937599897384643555e-01
4.943599998950958252e-01
4.972800016403198242e-01
4.987600147724151611e-01
5.005000233650207520e-01
4.987600147724151611e-01
4.972000122070312500e-01
4.997000098228454590e-01
4.984799921512603760e-01
5.014600157737731934e-01
4.977200031280517578e-01
4.983200132846832275e-01
5.003200173377990723e-01
4.965200126171112061e-01
5.009999871253967285e-01
5.025200247764587402e-01
4.979600012302398682e-01
5.032399892807006836e-01
5.030999779701232910e-01
5.048400163650512695e-01
5.036200284957885742e-01
5.037999749183654785e-01
5.045400261878967285e-01
5.045400261878967285e-01
5.031599998474121094e-01
5.015599727630615234e-01
5.065799951553344727e-01
5.058000087738037109e-01
5.033800005912780762e-01
5.061200261116027832e-01
5.061600208282470703e-01
5.062000155448913574e-01
5.048000216484069824e-01
5.055599808692932129e-01
5.061799883842468262e-01
5.091000199317932129e-01
5.057399868965148926e-01
5.087199807167053223e-01
5.095000267028808594e-01
5.083000063896179199e-01
5.087400078773498535e-01
5.087199807167053223e-01
5.075799822807312012e-01
5.108600258827209473e-01
5.095999836921691895e-01
5.088599920272827148e-01
5.099800229072570801e-01
5.105599761009216309e-01
5.119400024414062500e-01
5.134800076484680176e-01
5.118799805641174316e-01
5.103200078010559082e-01
5.112400054931640625e-01
5.108000040054321289e-01
5.137400031089782715e-01
5.123599767684936523e-01
5.151799917221069336e-01
5.161200165748596191e-01
5.137799978256225586e-01
5.135800242424011230e-01
5.121600031852722168e-01
5.147200226783752441e-01
5.168200135231018066e-01
5.140600204467773438e-01
5.171999931335449219e-01
5.156199932098388672e-01
5.165799856185913086e-01
5.160999894142150879e-01
5.152400135993957520e-01
5.201600193977355957e-01
5.198199748992919922e-01
5.191799998283386230e-01
5.189200043678283691e-01
5.189200043678283691e-01
5.189200043678283691e-01
5.200999975204467773e-01
5.225800275802612305e-01
5.214599967002868652e-01
5.197600126266479492e-01
5.171599984169006348e-01
5.206800103187561035e-01
5.206599831581115723e-01
5.219200253486633301e-01
5.189999938011169434e-01
5.197600126266479492e-01
5.216599702835083008e-01
5.212600231170654297e-01
5.205199718475341797e-01
5.206400156021118164e-01
5.224000215530395508e-01
5.216199755668640137e-01
5.235999822616577148e-01
5.230000019073486328e-01
5.241400003433227539e-01
5.253000259399414062e-01
5.222200155258178711e-01
5.256199836730957031e-01
5.258399844169616699e-01
5.230600237846374512e-01
5.243600010871887207e-01
5.259600281715393066e-01
5.224599838256835938e-01
5.261600017547607422e-01
5.261800289154052734e-01
5.257599949836730957e-01
5.262200236320495605e-01
5.268200039863586426e-01
5.275800228118896484e-01
5.314000248908996582e-01
5.268200039863586426e-01
5.293400287628173828e-01
5.271800160408020020e-01
5.284600257873535156e-01
5.289999842643737793e-01
5.292000174522399902e-01
5.274599790573120117e-01
5.274800062179565430e-01
5.282199978828430176e-01
5.288000106811523438e-01
5.269399881362915039e-01
5.281999707221984863e-01
5.293800234794616699e-01
5.288400053977966309e-01
5.304399728775024414e-01
5.303199887275695801e-01
5.301600098609924316e-01
5.321800112724304199e-01
5.292199850082397461e-01
5.333600044250488281e-01
5.295400023460388184e-01
5.316200256347656250e-01
5.321199893951416016e-01
5.318599939346313477e-01
5.336599946022033691e-01
5.340999960899353027e-01
5.325400233268737793e-01
5.320199728012084961e-01
5.327399969100952148e-01
5.341399908065795898e-01
5.354999899864196777e-01
5.326799750328063965e-01
5.342199802398681641e-01
5.349199771881103516e-01
5.343999862670898438e-01
5.368800163269042969e-01
5.335199832916259766e-01
5.347800254821777344e-01
5.356799960136413574e-01
5.343999862670898438e-01
5.358399748802185059e-01
5.336199998855590820e-01
5.411999821662902832e-01
5.372200012207031250e-01
5.345000028610229492e-01
5.363799929618835449e-01
5.379999876022338867e-01
5.375000238418579102e-01
5.364999771118164062e-01
5.370399951934814453e-01
5.371000170707702637e-01
5.377799868583679199e-01
5.398600101470947266e-01
5.395399928092956543e-01
5.374000072479248047e-01
5.378599762916564941e-01
5.375599861145019531e-01
5.389000177383422852e-01
5.384200215339660645e-01
5.401399731636047363e-01
5.417799949645996094e-01
5.377600193023681641e-01
5.401800274848937988e-01
5.379400253295898438e-01
5.399600267410278320e-01
5.403400063514709473e-01
5.374000072479248047e-01
5.412799715995788574e-01
5.401999950408935547e-01
5.437399744987487793e-01
5.433800220489501953e-01
5.427200198173522949e-01
5.435600280761718750e-01
5.418800115585327148e-01
5.439400076866149902e-01
5.435000061988830566e-01
5.445799827575683594e-01
5.409200191497802734e-01
5.450599789619445801e-01
5.421400070190429688e-01
5.407400131225585938e-01
5.433599948883056641e-01
5.441200137138366699e-01
5.444399714469909668e-01
5.410599708557128906e-01
5.450400114059448242e-01
5.452200174331665039e-01
5.422199964523315430e-01
5.445200204849243164e-01
5.460600256919860840e-01
5.467000007629394531e-01
5.479599833488464355e-01
5.474600195884704590e-01
5.461800098419189453e-01
5.476199984550476074e-01
5.461000204086303711e-01
5.444399714469909668e-01
5.462399721145629883e-01
5.483400225639343262e-01
5.462399721145629883e-01
5.480399727821350098e-01
5.492200255393981934e-01
5.494999885559082031e-01
5.465999841690063477e-01
5.485000014305114746e-01
5.499799847602844238e-01
5.485000014305114746e-01
5.475999712944030762e-01
5.489400029182434082e-01
5.500400066375732422e-01
5.482000112533569336e-01
5.512800216674804688e-01
5.504599809646606445e-01
5.503799915313720703e-01
5.516399741172790527e-01
5.504800081253051758e-01
5.505399703979492188e-01
5.513200163841247559e-01
5.537599921226501465e-01
5.511999726295471191e-01
5.520200133323669434e-01
5.499200224876403809e-01
5.554599761962890625e-01
5.522599816322326660e-01
5.524799823760986328e-01
5.521000027656555176e-01
5.524399876594543457e-01
5.540599822998046875e-01
5.538200139999389648e-01
5.523999929428100586e-01
5.531200170516967773e-01
5.541599988937377930e-01
5.555599927902221680e-01
5.532000064849853516e-01
5.541399717330932617e-01
5.529400110244750977e-01
5.572400093078613281e-01
5.522800087928771973e-01
5.542200207710266113e-01
5.552600026130676270e-01
5.562999844551086426e-01
5.588399767875671387e-01
5.544999837875366211e-01
5.569400191307067871e-01
5.564000010490417480e-01
5.564799904823303223e-01
5.551400184631347656e-01
5.564000010490417480e-01
5.550799965858459473e-01
5.529999732971191406e-01
5.549600124359130859e-01
5.557000041007995605e-01
5.567600131034851074e-01
5.566999912261962891e-01
5.546600222587585449e-01
5.582600235939025879e-01
5.616999864578247070e-01
5.566400289535522461e-01
5.581399798393249512e-01
5.598400235176086426e-01
5.611400008201599121e-01
5.584800243377685547e-01
5.573400259017944336e-01
5.595399737358093262e-01
5.615000128746032715e-01
5.586199760437011719e-01
5.580000281333923340e-01
5.577800273895263672e-01
5.568799972534179688e-01
5.601800084114074707e-01
5.550000071525573730e-01
5.612199902534484863e-01
5.593199729919433594e-01
5.604199767112731934e-01
5.592399835586547852e-01
5.631600022315979004e-01
