2.352988261222839217e+00
2.026565540552139222e+00
1.946977036237716785e+00
1.905486190319061190e+00
1.877078303098678624e+00
1.853581052541732888e+00
1.829721525907516577e+00
1.812981041193008513e+00
1.798973471641540423e+00
1.782054435491561950e+00
1.768772029399871881e+00
1.754032542705535880e+00
1.744668915033340539e+00
1.730865569114685032e+00
1.715965523958206118e+00
1.708598545789718592e+00
1.699853906869888354e+00
1.685944670200347995e+00
1.682642729043960506e+00
1.672956185102462801e+00
1.663559514045715337e+00
1.658780595064163199e+00
1.650380211114883533e+00
1.647285466194152725e+00
1.633142180919647135e+00
1.628554043531417861e+00
1.618330550670623813e+00
1.617054856538772567e+00
1.612206804513931280e+00
1.603505674362182720e+00
1.595935144186019894e+00
1.589657239675521749e+00
1.588146313428878686e+00
1.576482118844986013e+00
1.572388369321823021e+00
1.568249304533004818e+00
1.563066094636917036e+00
1.561275330066680844e+00
1.553210554122924858e+00
1.545035021781921314e+00
1.542243675231933508e+00
1.539399962663650534e+00
1.537996592760086045e+00
1.527844249248504704e+00
1.527611986637115393e+00
1.520274851083755596e+00
1.520707304716110153e+00
1.511251115083694474e+00
1.508492079257965024e+00
1.505264913797378590e+00
1.505566504001617512e+00
1.495390007019042899e+00
1.495893108606338506e+00
1.492207787275314335e+00
1.486698498010635472e+00
1.483677481651306085e+00
1.481294052124023430e+00
1.477729213476181025e+00
1.473325798034667899e+00
1.470945097208023133e+00
1.467123746871948242e+00
1.462683959722518967e+00
1.459921403408050544e+00
1.455177093029022206e+00
1.451447557449340842e+00
1.446741705894470265e+00
1.450637416601181062e+00
1.443404275894164979e+00
1.436419341802597005e+00
1.437755841732025086e+00
1.433355263948440594e+00
1.432670213460922159e+00
1.426873877048492334e+00
1.423150181293487471e+00
1.423800016403198310e+00
1.417045989036560094e+00
1.415529999494552715e+00
1.412940430879592979e+00
1.411191952943801953e+00
1.411149422883987370e+00
1.406503114461898907e+00
1.398140047073364256e+00
1.402142781257629478e+00
1.394268568754196247e+00
1.393957325696945082e+00
1.395392712354660114e+00
1.387451208829879823e+00
1.383965052604675394e+00
1.389201538324356111e+00
1.380936693191528342e+00
1.380174267292022749e+00
1.376614274024963391e+00
1.373841325521469203e+00
1.374492228507995684e+00
1.371990753173828015e+00
1.367344124555587737e+00
1.367829770803451472e+00
1.361886842727661140e+00
1.362380257844924891e+00
1.361084922790527285e+00
1.358397660970687815e+00
1.355240512132644737e+00
1.357933708667755202e+00
1.350742117166519263e+00
1.349929223537445155e+00
1.350523687362670922e+00
1.348081268072128358e+00
1.344061872243881295e+00
1.343341580867767338e+00
1.344955565690994170e+00
1.340625960826873797e+00
1.336800763845443774e+00
1.335620537757873594e+00
1.334888427257537868e+00
1.334493076562881519e+00
1.331860634684562728e+00
1.329758515119552564e+00
1.329610548973083395e+00
1.325240921735763466e+00
1.322007451415061929e+00
1.321899106740951568e+00
1.321750236034393344e+00
1.320547738790512016e+00
1.316002462387084959e+00
1.318032440423965390e+00
1.314512330293655440e+00
1.316231945157050998e+00
1.307471461057662987e+00
1.312045930385589587e+00
1.309850790977477919e+00
1.308067305207252451e+00
1.302587628841400225e+00
1.305651439428329397e+00
1.302057954788208072e+00
1.300271527409553540e+00
1.294656835436821085e+00
1.296904262542724506e+00
1.295895998954772921e+00
1.300140426874160759e+00
1.289590789318084685e+00
1.292324081182479878e+00
1.290010468602180493e+00
1.289324846982955908e+00
1.284964306712150561e+00
1.286253363013267537e+00
1.284845206141471907e+00
1.285530500054359537e+00
1.286920270562171842e+00
1.281472950458526716e+00
1.282039997339248671e+00
1.277079352498054599e+00
1.274387892007827761e+00
1.272786069154739463e+00
1.272619453668594414e+00
1.268600765585899293e+00
1.269745495080947917e+00
1.267520130038261472e+00
1.268888333082199171e+00
1.267725114226341265e+00
1.265111906290054211e+00
1.261992693424224932e+00
1.261766820549964807e+00
1.261088189005851845e+00
1.261486808300018359e+00
1.256340577960014304e+00
1.258706212878227149e+00
1.252289119362831160e+00
1.252748935937881392e+00
1.251787828087806753e+00
1.247570521593093895e+00
1.249043536543846145e+00
1.247945708751678540e+00
1.244639089941978360e+00
1.249815445423126281e+00
1.244249164938926677e+00
1.241456170439720230e+00
1.241681816577911324e+00
1.241963473796844575e+00
1.241740861058235224e+00
1.235678025722503737e+00
1.235691403031349278e+00
1.233398848533630465e+00
1.233063509583473216e+00
1.235562391400337301e+00
1.234393985986709685e+00
1.234405085086822451e+00
1.228010355472564763e+00
1.230949415326118457e+00
1.223597153067588872e+00
1.224308675169944793e+00
1.228263607025146475e+00
1.226415022253990239e+00
1.221610156536102387e+00
1.222235827326774604e+00
1.218125960946083053e+00
1.220498891592025847e+00
1.220623526811599691e+00
1.217208880424499595e+00
1.219013293981552115e+00
1.214948068261146652e+00
1.212719165563583390e+00
1.215338711738586319e+00
1.212325075030326937e+00
1.207559237599372892e+00
1.209740534305572490e+00
1.209504857778549214e+00
1.211284662961959802e+00
1.207394829273223946e+00
1.206276061534881539e+00
1.205487765550613322e+00
1.202530308485031174e+00
1.201766083478927660e+00
1.202268744707107651e+00
1.196108936429023828e+00
1.203818468451499868e+00
1.195584048390388565e+00
1.196071336269378671e+00
1.192130564808845605e+00
1.194034583926200765e+00
1.192914932250976667e+00
1.190297346949577229e+00
1.193886296510696443e+00
1.194555834174156228e+00
1.188848667979240492e+00
1.191401495695114221e+00
1.189448155999183632e+00
1.192438386201858602e+00
1.184631787419319071e+00
1.187247352600097727e+00
1.183193986415862931e+00
1.183705336928367657e+00
1.180738454341888399e+00
1.182977543592452996e+00
1.177716490387916481e+00
1.181238271117210470e+00
1.175185534358024642e+00
1.176197853446006691e+00
1.174437209606170596e+00
1.177212141394615275e+00
1.174242682218551659e+00
1.171122375011444117e+00
1.175656200051307776e+00
1.173192339658737149e+00
1.170343649983406120e+00
1.167789217591285622e+00
1.168309350609779251e+00
1.170269425034522914e+00
1.166823030471801692e+00
1.162446828126907361e+00
1.164285384416580138e+00
1.163368537068367070e+00
1.166239166975021391e+00
1.156840407013893124e+00
1.157300447344779881e+00
1.160956477165222100e+00
1.163044492006301889e+00
1.156252966284751826e+00
1.157272673726081891e+00
1.160468316793441756e+00
1.155311341047287055e+00
1.150917710065841648e+00
1.156263170957565256e+00
1.148621269345283524e+00
1.151697714090347269e+00
1.154674192905426056e+00
1.150511004328727660e+00
1.149496602058410755e+00
1.150271011590957571e+00
1.144012734293937683e+00
1.146000618457794218e+00
1.146846777319908250e+00
1.147547376155853227e+00
1.141931786417961225e+00
1.139709503889083875e+00
1.136711352109909035e+00
1.132414127945899907e+00
1.139997903704643267e+00
1.139644518017768782e+00
1.139089585781097425e+00
1.138345677852630633e+00
1.136695150732994097e+00
1.134234977602958772e+00
1.137939548611641039e+00
1.133580361962318372e+00
1.134853471636772193e+00
1.131624567031860318e+00
1.128414568185806210e+00
1.128415019869804414e+00
1.126608419179916387e+00
1.123916925191879246e+00
1.125588855743408168e+00
1.125557779908180178e+00
1.128285903453826844e+00
1.123690763115882785e+00
1.125001736640930172e+00
1.121743974208831762e+00
1.120530688285827692e+00
1.121512986421585145e+00
1.122951301217079090e+00
1.117492520451545790e+00
1.118915537357330292e+00
1.122746643543243383e+00
1.118337716937065185e+00
1.117773128986358611e+00
1.119505099892616373e+00
1.112881522536277812e+00
1.111335960388183608e+00
1.112449011564254686e+00
1.116875806450843722e+00
1.109895889639854527e+00
1.104164590001106339e+00
1.112662225604057253e+00
1.107068483352661170e+00
1.106880292296409607e+00
1.107035376548767047e+00
1.105387037158012342e+00
1.104327543377876308e+00
1.105804348707199125e+00
1.100462162256240939e+00
1.103084140658378676e+00
1.100840561509132343e+00
1.102099005579948443e+00
1.104781118035316423e+00
1.100281454086303734e+00
1.102602283596992416e+00
1.103245956897735525e+00
1.094903988242149406e+00
1.095117049932479825e+00
1.096443150401115396e+00
1.094890713095664880e+00
1.094268600225448695e+00
1.093076670289039543e+00
1.085947410941124014e+00
1.088488485336303713e+00
1.091558587074279885e+00
1.094060563445091283e+00
1.090018273353576594e+00
1.091152468085289096e+00
1.093177834153175265e+00
1.090313223958015332e+00
1.089611276626586855e+00
1.084799043774604899e+00
1.089898220896720948e+00
1.082818213820457398e+00
1.086311378955840956e+00
1.081929185271263139e+00
1.079801328897476154e+00
1.080737239122390836e+00
1.080960273265838545e+00
1.083923931479453984e+00
1.078181118965148899e+00
1.078838702917098935e+00
1.075795869588851872e+00
1.075656329870223971e+00
1.075204356789589033e+00
1.075598342061042878e+00
1.079099533438682590e+00
1.069975449562072800e+00
1.073242336988449175e+00
1.070156801581382711e+00
1.075672376155853316e+00
1.072090269088745051e+00
1.071198838472366299e+00
1.069292704224586554e+00
1.073635887026786806e+00
1.069549831390380845e+00
1.067385517358779845e+00
1.070384411573410022e+00
1.066316615462303163e+00
1.064572746634483424e+00
1.061367266893386896e+00
1.061359413266181884e+00
1.058652204275131181e+00
1.066064989686012376e+00
1.063149968385696420e+00
1.062320188879966709e+00
1.059955457687377978e+00
1.057853915214538532e+00
1.056548116564750561e+00
1.061518163919448865e+00
1.060101593375206042e+00
1.052886448860168356e+00
1.056668393731117206e+00
1.054296102523803791e+00
1.059174883961677471e+00
1.053568892717361427e+00
1.047399508237838672e+00
1.047515651226043731e+00
1.047404369950294400e+00
1.049185364484787053e+00
1.043190892338752729e+00
1.050186664700508032e+00
1.051580592274665937e+00
1.047783739328384423e+00
1.045880705475807249e+00
1.046980642557144181e+00
1.044764696121215808e+00
1.044010341525077878e+00
1.045467772603035028e+00
1.040032708168029840e+00
1.040778875708580076e+00
1.038643554568290606e+00
1.040215556144714393e+00
1.042663346290588322e+00
1.039609188556671171e+00
1.039313509345054731e+00
1.040422989606857307e+00
1.041838596582412624e+00
1.039007249832153423e+00
1.036797076463699341e+00
1.040729252934455840e+00
1.034204453229904175e+00
1.029103468179702663e+00
1.033488515377044781e+00
1.028736327886581314e+00
1.032763091325759941e+00
1.026959600448608345e+00
1.033409537076950047e+00
1.028449552893638597e+00
1.028217719316482537e+00
1.024346239328384423e+00
1.027795403480529890e+00
1.030127706408500599e+00
1.024831221222877398e+00
1.020863663554191669e+00
1.027624711871147234e+00
1.024726857304573135e+00
1.021658498287201011e+00
1.026569325923919695e+00
1.020352914929389954e+00
1.023601776480674852e+00
1.020689226746559042e+00
1.017977853655815057e+00
1.018149863362312280e+00
1.020353433847427382e+00
1.017165718674659658e+00
1.012762354969978240e+00
1.016614155411720288e+00
1.011306936144828805e+00
1.012983950018882862e+00
1.011752467274665834e+00
1.012616459488868692e+00
1.008859072804451085e+00
1.010255926251411474e+00
1.008063538908958501e+00
1.012502280235290542e+00
1.009489521861076433e+00
1.010532817959785445e+00
1.006402745485305728e+00
1.007648056149482718e+00
1.010306141376495326e+00
1.011275497555732761e+00
1.005980356216430671e+00
1.008998944282531784e+00
1.000312547206878566e+00
1.004159832596778879e+00
1.002067544579505975e+00
1.005328920483589128e+00
1.003768092632293607e+00
1.003197585225105382e+00
9.971956640481949297e-01
1.000596421003341785e+00
9.990482724905014322e-01
1.002040298581123423e+00
1.000825379610061683e+00
9.973739260435103837e-01
1.000654737710952702e+00
9.926984742879867429e-01
9.930676677227020521e-01
9.982962898015975695e-01
9.942080816030501866e-01
9.910919342041015767e-01
9.967259869575501030e-01
9.932957955598831212e-01
9.862556761503219471e-01
9.922878960371017687e-01
9.894069947004318077e-01
9.897512489557266369e-01
9.851305631399154272e-01
9.917840515375137000e-01
9.906170344352722701e-01
9.842846134901046540e-01
9.901990613937378116e-01
9.906479637622833678e-01
9.830826418399810640e-01
9.834734954833984633e-01
9.893800847530365150e-01
9.785873340368270723e-01
9.781782805919647661e-01
9.843718187808990772e-01
9.781458734273910105e-01
9.803010910749435647e-01
9.802583371400832579e-01
9.789826648235321338e-01
9.751807848215102714e-01
9.803318867683410431e-01
9.823979102373122663e-01
9.743795835971832409e-01
9.810334439277649254e-01
9.810981609821319838e-01
