1.956046508312225374e+00
1.837133057117462220e+00
1.815586986303329375e+00
1.804640969514846871e+00
1.794802488088607761e+00
1.783194430828094479e+00
1.775071867465972897e+00
1.768241799592971786e+00
1.764258786916732769e+00
1.754361430168151825e+00
1.747548193693160945e+00
1.736176066160201925e+00
1.726676314115524358e+00
1.717484789371490406e+00
1.705770879983901978e+00
1.697289141893386866e+00
1.688127461433410748e+00
1.676761669158935542e+00
1.666717594623565724e+00
1.657266766548156633e+00
1.647726026773452812e+00
1.640399026155471729e+00
1.634582500457763654e+00
1.626319988012313811e+00
1.616847412824630847e+00
1.610172892093658437e+00
1.602219409465789779e+00
1.600878945589065516e+00
1.590191579818725609e+00
1.589054904460907025e+00
1.583865528583526583e+00
1.573428095340728694e+00
1.568702735900878942e+00
1.561302476882934664e+00
1.561590608358383259e+00
1.552957596302032561e+00
1.545571272850036593e+00
1.542912548065185518e+00
1.540809346199035534e+00
1.533391226768493709e+00
1.527155475378036531e+00
1.524354357481002786e+00
1.519071907043457070e+00
1.515364736318588257e+00
1.510327549695968719e+00
1.506572918415069573e+00
1.503658000469207723e+00
1.501439909458160304e+00
1.496294814348220870e+00
1.490559070348739690e+00
1.486075257062911881e+00
1.486335860490799021e+00
1.483076743125915531e+00
1.473953738451003970e+00
1.477235140085220388e+00
1.468625442743301424e+00
1.465721299648284903e+00
1.460676729917526284e+00
1.464506515979766776e+00
1.458924126863479609e+00
1.451761123418807919e+00
1.452081075191497872e+00
1.442615589618682970e+00
1.445606189489364590e+00
1.444762908220291076e+00
1.437929701089859069e+00
1.435407736539840773e+00
1.437840839624404898e+00
1.433426824569702163e+00
1.426067745447158863e+00
1.427614851951599206e+00
1.426580462694168050e+00
1.422253885984420707e+00
1.420219164609909157e+00
1.417429144144058295e+00
1.417784863710403354e+00
1.414427923917770391e+00
1.412611816167831380e+00
1.400687236547470071e+00
1.408989748477935899e+00
1.405972860813140768e+00
1.403549376487732037e+00
1.398856413841247592e+00
1.402143762826919549e+00
1.398905539512634189e+00
1.398951188325882056e+00
1.393359230518341096e+00
1.390969091176986749e+00
1.387472486972808783e+00
1.390576703786849944e+00
1.382375671625137414e+00
1.382726500511169521e+00
1.381283336639404391e+00
1.377451523780822695e+00
1.378284534454345733e+00
1.377368668317794809e+00
1.379318932533264208e+00
1.375202733993530213e+00
1.372378780364990281e+00
1.371133821725845303e+00
1.370976334333419810e+00
1.370020049571990972e+00
1.364311842203140168e+00
1.367597371339797974e+00
1.368047434568405052e+00
1.361897644996643120e+00
1.358674292802810601e+00
1.364637615919113145e+00
1.354723056077957066e+00
1.359285563230514526e+00
1.351919877529144332e+00
1.353261320114135691e+00
1.356098707199096642e+00
1.348376812934875435e+00
1.350743188142776496e+00
1.350820863723754872e+00
1.350475410461425829e+00
1.337392284393310593e+00
1.345889900922775162e+00
1.345093153715133605e+00
1.340329515814781214e+00
1.340476848602294879e+00
1.340559266090393109e+00
1.341183845043182332e+00
1.339995280981063797e+00
1.333154751300811736e+00
1.335769315242767430e+00
1.335228386163711534e+00
1.336801119327545084e+00
1.332847179174423191e+00
1.326814843893051155e+00
1.327333249211311239e+00
1.327148370385170084e+00
1.327343076467514038e+00
1.323906541109085122e+00
1.321181661844253563e+00
1.322528962612152137e+00
1.322818940162658663e+00
1.316231179475784385e+00
1.316886798858642571e+00
1.316754210472106834e+00
1.318663368940353298e+00
1.317181672573089601e+00
1.320192291975021304e+00
1.313930870532989514e+00
1.315216884016990662e+00
1.313477207899093724e+00
1.313403659820556735e+00
1.309726736664772018e+00
1.303457187414169383e+00
1.308831572294235190e+00
1.308802606344223074e+00
1.309137181997299226e+00
1.302855487108230514e+00
1.302648172736167842e+00
1.306670940756797794e+00
1.299869882225990203e+00
1.303565709352493274e+00
1.297119684219360414e+00
1.300072039604186935e+00
1.297581866025924624e+00
1.303905243396759062e+00
1.300126216888427777e+00
1.294816507458686816e+00
1.295939055919647309e+00
1.301543563485145549e+00
1.291870806694030760e+00
1.296497874021530050e+00
1.290327022790908718e+00
1.293566883206367590e+00
1.291483719706535416e+00
1.287556915283203152e+00
1.291259511113166836e+00
1.289924094796180754e+00
1.274409452080726535e+00
1.287666885137557893e+00
1.287323670268058828e+00
1.283181221008300676e+00
1.284555676221847520e+00
1.280518860220909216e+00
1.286628554463386642e+00
1.281010331869125274e+00
1.282076185464859019e+00
1.281601201057434025e+00
1.280567936897277770e+00
1.277997236013412419e+00
1.277335225462913559e+00
1.275060020208358846e+00
1.279304593324661177e+00
1.274719114065170356e+00
1.275562217950821031e+00
1.273041587591171364e+00
1.271183874249458334e+00
1.275380707144737169e+00
1.270540971279144227e+00
1.270397640347480817e+00
1.269231811285018940e+00
1.270921353340148885e+00
1.266593451976776086e+00
1.268573137521743721e+00
1.267225416302681040e+00
1.265627121925354093e+00
1.264427201032638504e+00
1.263882872939109836e+00
1.264345706939697278e+00
1.262723220109939648e+00
1.258254731655120917e+00
1.263585878968238818e+00
1.262857919931411832e+00
1.258106277346610957e+00
1.262921558141708367e+00
1.255265829086303686e+00
1.260136823296546860e+00
1.256838632106781040e+00
1.249982585310935868e+00
1.252527257442474395e+00
1.253259319424629314e+00
1.249345871329307522e+00
1.249288396954536529e+00
1.251014639139175433e+00
1.253155337452888540e+00
1.247327812075614828e+00
1.251793849587440555e+00
1.250940484285354648e+00
1.252588235735893285e+00
1.250941419482231032e+00
1.247554667472839274e+00
1.243860872387886118e+00
1.246863651752471824e+00
1.246237617015838683e+00
1.247235676288604767e+00
1.244610087037086421e+00
1.247631234526634270e+00
1.243574118852615262e+00
1.247856249690055819e+00
1.247821346759796057e+00
1.247537898898124720e+00
1.241371730804443407e+00
1.234835141301155126e+00
1.235326670289039530e+00
1.237659385204315177e+00
1.245573726058006203e+00
1.236459229350090006e+00
1.239331955909729110e+00
1.242267865777015645e+00
1.237957428574562035e+00
1.232845023632049619e+00
1.234317154288292029e+00
1.236089684724807736e+00
1.233865404963493395e+00
1.237271342635154703e+00
1.237589209556579695e+00
1.231003009915351942e+00
1.234711403369903593e+00
1.229573891639709426e+00
1.228128413438797084e+00
1.230435195922851666e+00
1.233961046218872148e+00
1.233430304288864132e+00
1.227057995796203560e+00
1.229138814449310280e+00
1.231112494468688867e+00
1.228223101854324373e+00
1.224775692224502555e+00
1.224671098113059964e+00
1.216215399384498630e+00
1.219393098235130202e+00
1.224692850828170698e+00
1.222017232775688189e+00
1.218553413987159662e+00
1.219475814104080236e+00
1.217585183262825055e+00
1.220669478416442910e+00
1.221295028686523398e+00
1.217582170009612996e+00
1.218401397585868740e+00
1.215791778802871814e+00
1.217331574201583777e+00
1.217098072886466875e+00
1.213872271537780767e+00
1.216999898910522404e+00
1.217072367072105310e+00
1.218229736447334233e+00
1.214918523073196477e+00
1.215779573082923948e+00
1.215802091240882898e+00
1.211879752635955709e+00
1.206064298033714399e+00
1.211038432836532674e+00
1.213951073646545309e+00
1.212277787566184983e+00
1.208877557754516552e+00
1.208143957257270751e+00
1.209879721045494128e+00
1.208607066035270794e+00
1.207651682138443094e+00
1.205693135499954272e+00
1.210395965933799722e+00
1.207388461470603858e+00
1.203659365773201095e+00
1.204756499290466243e+00
1.206158909797668377e+00
1.202374667525291541e+00
1.204232184529304472e+00
1.201631815671920789e+00
1.202485985279083236e+00
1.208848224520683301e+00
1.201896215915679855e+00
1.203440418004989576e+00
1.198136234641075104e+00
1.201658738374710156e+00
1.205014694333076397e+00
1.202231772184372049e+00
1.196399041652679518e+00
1.201035236239433202e+00
1.195495449066162008e+00
1.198582354307174747e+00
1.194647672414779649e+00
1.198772802352905176e+00
1.194030653476715109e+00
1.201693775296211353e+00
1.189061287641525189e+00
1.194881478905677863e+00
1.196667689681053082e+00
1.197023026466369711e+00
1.189159110784530737e+00
1.192847769618034404e+00
1.193616507172584607e+00
1.192461587786674437e+00
1.193215564608573809e+00
1.193366349458694353e+00
1.195193862795829842e+00
1.187857016444206160e+00
1.188906419277191207e+00
1.187196917414665265e+00
1.191461913347244161e+00
1.190537244319915811e+00
1.186589774250984108e+00
1.188640939950942998e+00
1.185985996603965864e+00
1.182532580733299366e+00
1.185006987333297790e+00
1.184171676397323569e+00
1.183389274001121594e+00
1.185605554461479194e+00
1.184057697772979756e+00
1.185101572990417518e+00
1.179967874169349562e+00
1.183330077409744163e+00
1.187331162571906962e+00
1.182336028695106567e+00
1.180499930143356302e+00
1.181041108369827342e+00
1.185806689023971572e+00
1.181411359071731670e+00
1.179549526572227558e+00
1.178895851850509713e+00
1.180865844607353221e+00
1.180022796511650096e+00
1.178644598960876477e+00
1.177592306137084988e+00
1.177289353489875845e+00
1.180975236535072304e+00
1.176293019533157347e+00
1.176559821009635964e+00
1.180804910778999295e+00
1.175188205480575565e+00
1.174967296957969642e+00
1.172394648075103740e+00
1.172770832538604813e+00
1.180619459509849589e+00
1.167632937550544758e+00
1.172948775410652233e+00
1.178908503413200304e+00
1.172204616189002957e+00
1.174961001515388404e+00
1.167098960995674117e+00
1.171441740155219957e+00
1.169730262160301182e+00
1.171224044084548943e+00
1.168450048923492357e+00
1.169853127360343858e+00
1.162856328248977666e+00
1.162680155515670721e+00
1.169492409229278662e+00
1.167962498664856019e+00
1.167478865027427704e+00
1.169678102731704694e+00
1.170733526706695615e+00
1.165573408842086822e+00
1.165731761097908104e+00
1.169946872830391005e+00
1.163167722344398580e+00
1.162064827442169213e+00
1.159859529614448492e+00
1.168130159854888994e+00
1.165241710543632569e+00
1.163366571068763733e+00
1.161603431105613815e+00
1.164793332934379588e+00
1.163044049859046858e+00
1.160946994543075483e+00
1.157125580310821578e+00
1.162006343126297025e+00
1.157929880261421296e+00
1.161845001101493802e+00
1.156026672124862653e+00
1.156856206774711682e+00
1.156279423952102592e+00
1.158829706907272383e+00
1.165966115713119589e+00
1.163061175465583741e+00
1.158188178896903953e+00
1.157577372193336451e+00
1.159639389991760305e+00
1.156735378146171556e+00
1.156087189793586711e+00
1.155339690685272203e+00
1.156211551189422648e+00
1.158641707181930602e+00
1.156434680700302087e+00
1.152558118224144001e+00
1.150461603641510067e+00
1.153794971823692395e+00
1.151449373602867032e+00
1.145498621702194297e+00
1.150314964771270709e+00
1.157636547446250885e+00
1.149713852167129513e+00
1.145602572798728902e+00
1.147359030008316072e+00
1.153169874548912066e+00
1.147479910492896993e+00
1.149230676054954436e+00
1.148974662303924532e+00
1.150682666897773654e+00
1.143475900650024357e+00
1.151048687100410417e+00
1.143277688503265388e+00
1.153604730010032720e+00
1.146783388733863873e+00
1.142937264919281048e+00
1.149277299165725630e+00
1.151908188223838891e+00
1.143301247715950097e+00
1.143051306486129848e+00
1.143348550438880951e+00
1.146034323215484596e+00
1.147135644078254746e+00
1.142577756285667379e+00
1.145238149762153546e+00
1.144762743830680884e+00
1.143267701029777594e+00
1.147147539019584661e+00
1.144746789216995131e+00
1.141918919205665572e+00
1.144501716494560339e+00
1.142911375403404151e+00
1.142118798613548369e+00
1.145889430999755820e+00
1.147988760113716200e+00
1.143978768467903029e+00
1.139091839671134920e+00
1.144871011734008848e+00
1.138332105278968776e+00
1.143373905658721990e+00
1.140276754736900378e+00
1.136393749237060602e+00
1.136770773053169314e+00
1.129502674579620392e+00
1.137915431022644031e+00
1.136637094736099307e+00
1.141801546931266786e+00
1.136147536396980184e+00
1.134315546512603801e+00
1.137447291016578710e+00
1.133054846644401481e+00
1.134162083864212134e+00
1.134100869536399880e+00
1.129566352486610414e+00
1.137508944749832107e+00
1.137355850458145134e+00
1.134447144865989632e+00
1.141603580117225736e+00
1.131679637312889009e+00
1.132541837692260689e+00
1.131340635180473342e+00
1.133801568627357481e+00
1.133187955021858206e+00
1.128583802461624153e+00
1.134351041316986164e+00
1.130892154812812800e+00
1.130121841669082583e+00
1.126965698719024633e+00
1.132720511317253154e+00
1.127473530173301652e+00
1.124537721753120501e+00
1.124288158655166736e+00
1.122285344481468217e+00
1.132364023208618065e+00
