3.062399923801422119e-01
3.535200059413909912e-01
3.632999956607818604e-01
3.691599965095520020e-01
3.739599883556365967e-01
3.760200142860412598e-01
3.801800012588500977e-01
3.815200030803680420e-01
3.815599977970123291e-01
3.875800073146820068e-01
3.876000046730041504e-01
3.914799988269805908e-01
3.954600095748901367e-01
3.987799882888793945e-01
4.002999961376190186e-01
4.025799930095672607e-01
4.039599895477294922e-01
4.082599878311157227e-01
4.131599962711334229e-01
4.178600013256072998e-01
4.198200106620788574e-01
4.224199950695037842e-01
4.217799901962280273e-01
4.232200086116790771e-01
4.296999871730804443e-01
4.316399991512298584e-01
4.351400136947631836e-01
4.296999871730804443e-01
4.394600093364715576e-01
4.353800117969512939e-01
4.384000003337860107e-01
4.387199878692626953e-01
4.426400065422058105e-01
4.470199942588806152e-01
4.453400075435638428e-01
4.484399855136871338e-01
4.525400102138519287e-01
4.526799917221069336e-01
4.512999951839447021e-01
4.541400074958801270e-01
4.566799998283386230e-01
4.576599895954132080e-01
4.580200016498565674e-01
4.621399939060211182e-01
4.620400071144104004e-01
4.642600119113922119e-01
4.654200077056884766e-01
4.665200114250183105e-01
4.661999940872192383e-01
4.700799882411956787e-01
4.714600145816802979e-01
4.709399938583374023e-01
4.729399979114532471e-01
4.733400046825408936e-01
4.751200079917907715e-01
4.774200022220611572e-01
4.774999916553497314e-01
4.786599874496459961e-01
4.763000011444091797e-01
4.792400002479553223e-01
4.824599921703338623e-01
4.831199944019317627e-01
4.853200018405914307e-01
4.840199947357177734e-01
4.839000105857849121e-01
4.871399998664855957e-01
4.878599941730499268e-01
4.853999912738800049e-01
4.886600077152252197e-01
4.893999993801116943e-01
4.905599951744079590e-01
4.912599921226501465e-01
4.947800040245056152e-01
4.939199984073638916e-01
4.941599965095520020e-01
4.948199987411499023e-01
4.957399964332580566e-01
4.967199862003326416e-01
5.002200007438659668e-01
4.975799918174743652e-01
5.008400082588195801e-01
4.994199872016906738e-01
5.013399720191955566e-01
5.001400113105773926e-01
5.018000006675720215e-01
4.991599917411804199e-01
5.008800029754638672e-01
5.050600171089172363e-01
5.062999725341796875e-01
5.041000247001647949e-01
5.064200162887573242e-01
5.053399801254272461e-01
5.103399753570556641e-01
5.091800093650817871e-01
5.079200267791748047e-01
5.098999738693237305e-01
5.060399770736694336e-01
5.089399814605712891e-01
5.103999972343444824e-01
5.110800266265869141e-01
5.127800107002258301e-01
5.130800008773803711e-01
5.123599767684936523e-01
5.109999775886535645e-01
5.106599926948547363e-01
5.149999856948852539e-01
5.157799720764160156e-01
5.117200016975402832e-01
5.166000127792358398e-01
5.164200067520141602e-01
5.158799886703491211e-01
5.148000121116638184e-01
5.159800052642822266e-01
5.189999938011169434e-01
5.156400203704833984e-01
5.199999809265136719e-01
5.155400037765502930e-01
5.217400193214416504e-01
5.211600065231323242e-01
5.220400094985961914e-01
5.199800133705139160e-01
5.213400125503540039e-01
5.190799832344055176e-01
5.202999711036682129e-01
5.202999711036682129e-01
5.212399959564208984e-01
5.220999717712402344e-01
5.231199860572814941e-01
5.231400132179260254e-01
5.235000252723693848e-01
5.260800123214721680e-01
5.266000032424926758e-01
5.273200273513793945e-01
5.278599858283996582e-01
5.267199873924255371e-01
5.306800007820129395e-01
5.277000069618225098e-01
5.272799730300903320e-01
5.304999947547912598e-01
5.302600264549255371e-01
5.301799774169921875e-01
5.302600264549255371e-01
5.295000076293945312e-01
5.288400053977966309e-01
5.286800265312194824e-01
5.321999788284301758e-01
5.315600037574768066e-01
5.328400135040283203e-01
5.319799780845642090e-01
5.348399877548217773e-01
5.329800248146057129e-01
5.318800210952758789e-01
5.328999757766723633e-01
5.358600020408630371e-01
5.367400050163269043e-01
5.320799946784973145e-01
5.349000096321105957e-01
5.329399704933166504e-01
5.348399877548217773e-01
5.348600149154663086e-01
5.368999838829040527e-01
5.335199832916259766e-01
5.346999764442443848e-01
5.396800041198730469e-01
5.381199717521667480e-01
5.365200042724609375e-01
5.392600297927856445e-01
5.351600050926208496e-01
5.413399934768676758e-01
5.358399748802185059e-01
5.385000109672546387e-01
5.392000079154968262e-01
5.368599891662597656e-01
5.396999716758728027e-01
5.426599979400634766e-01
5.407999753952026367e-01
5.389800071716308594e-01
5.407999753952026367e-01
5.416600108146667480e-01
5.416200160980224609e-01
5.423399806022644043e-01
5.444399714469909668e-01
5.423799753189086914e-01
5.471600294113159180e-01
5.448600053787231445e-01
5.441399812698364258e-01
5.451800227165222168e-01
5.449399948120117188e-01
5.417000055313110352e-01
5.447599887847900391e-01
5.445200204849243164e-01
5.444800257682800293e-01
5.443400144577026367e-01
5.443000197410583496e-01
5.445399880409240723e-01
5.467200279235839844e-01
5.487800240516662598e-01
5.460799932479858398e-01
5.485000014305114746e-01
5.461000204086303711e-01
5.472800135612487793e-01
5.485200285911560059e-01
5.494400262832641602e-01
5.470600128173828125e-01
5.461999773979187012e-01
5.501999855041503906e-01
5.511000156402587891e-01
5.511199831962585449e-01
5.462999939918518066e-01
5.531399846076965332e-01
5.485000014305114746e-01
5.523999929428100586e-01
5.512999892234802246e-01
5.530200004577636719e-01
5.534600019454956055e-01
5.521799921989440918e-01
5.543799996376037598e-01
5.556200146675109863e-01
5.541399717330932617e-01
5.521199703216552734e-01
5.534600019454956055e-01
5.551400184631347656e-01
5.528399944305419922e-01
5.554000139236450195e-01
5.559399724006652832e-01
5.545399785041809082e-01
5.558400154113769531e-01
5.563600063323974609e-01
5.563799738883972168e-01
5.568600296974182129e-01
5.575799942016601562e-01
5.559200048446655273e-01
5.537599921226501465e-01
5.587400197982788086e-01
5.544599890708923340e-01
5.554599761962890625e-01
5.557799935340881348e-01
5.568799972534179688e-01
5.624799728393554688e-01
5.592799782752990723e-01
5.569599866867065430e-01
5.553600192070007324e-01
5.587999820709228516e-01
5.571399927139282227e-01
5.592399835586547852e-01
5.587000250816345215e-01
5.607399940490722656e-01
5.600799918174743652e-01
5.606799721717834473e-01
5.590800046920776367e-01
5.579599738121032715e-01
5.588999986648559570e-01
5.603799819946289062e-01
5.575399994850158691e-01
5.597400069236755371e-01
5.623599886894226074e-01
5.596200227737426758e-01
5.588799715042114258e-01
5.608800053596496582e-01
5.598800182342529297e-01
5.622400045394897461e-01
5.606200098991394043e-01
5.626000165939331055e-01
5.623599886894226074e-01
5.620800256729125977e-01
5.669599771499633789e-01
5.658400058746337891e-01
5.624600052833557129e-01
5.640199780464172363e-01
5.646799802780151367e-01
5.651800036430358887e-01
5.644800066947937012e-01
5.641800165176391602e-01
5.644800066947937012e-01
5.659800171852111816e-01
5.640400052070617676e-01
5.677599906921386719e-01
5.659400224685668945e-01
5.656599998474121094e-01
5.679200291633605957e-01
5.649200081825256348e-01
5.663400292396545410e-01
5.645800232887268066e-01
5.672600269317626953e-01
5.666999816894531250e-01
5.647199749946594238e-01
5.671600103378295898e-01
5.704399943351745605e-01
5.681999921798706055e-01
5.669400095939636230e-01
5.664799809455871582e-01
5.699999928474426270e-01
5.700200200080871582e-01
5.691999793052673340e-01
5.687599778175354004e-01
5.695999860763549805e-01
5.694599747657775879e-01
5.711600184440612793e-01
5.671600103378295898e-01
5.711200237274169922e-01
5.705400109291076660e-01
5.701799988746643066e-01
5.727599859237670898e-01
5.699200034141540527e-01
5.736200213432312012e-01
5.703399777412414551e-01
5.676800012588500977e-01
5.708600282669067383e-01
5.705000162124633789e-01
5.744199752807617188e-01
5.714799761772155762e-01
5.701199769973754883e-01
5.720599889755249023e-01
5.742800235748291016e-01
5.709800124168395996e-01
5.736600160598754883e-01
5.725799798965454102e-01
5.755199790000915527e-01
5.743600130081176758e-01
5.745599865913391113e-01
5.727000236511230469e-01
5.723400115966796875e-01
5.736799836158752441e-01
5.725799798965454102e-01
5.741599798202514648e-01
5.760800242424011230e-01
5.726400017738342285e-01
5.748800039291381836e-01
5.741599798202514648e-01
5.738599896430969238e-01
5.738000273704528809e-01
5.744199752807617188e-01
5.780599713325500488e-01
5.754799842834472656e-01
5.763400197029113770e-01
5.741599798202514648e-01
5.731400251388549805e-01
5.787000060081481934e-01
5.779200196266174316e-01
5.764399766921997070e-01
5.781599879264831543e-01
5.780400037765502930e-01
5.793200135231018066e-01
5.792599916458129883e-01
5.763800144195556641e-01
5.792599916458129883e-01
5.795999765396118164e-01
5.764600038528442383e-01
5.769799947738647461e-01
5.740799903869628906e-01
5.770800113677978516e-01
5.800600051879882812e-01
5.780599713325500488e-01
5.752199888229370117e-01
5.789600014686584473e-01
5.794399976730346680e-01
5.815799832344055176e-01
5.782799720764160156e-01
5.783200263977050781e-01
5.777999758720397949e-01
5.787400007247924805e-01
5.810599923133850098e-01
5.771399736404418945e-01
5.814200043678283691e-01
5.800399780273437500e-01
5.790799856185913086e-01
5.807200074195861816e-01
5.817199945449829102e-01
5.826399922370910645e-01
5.826399922370910645e-01
5.787199735641479492e-01
5.848799943923950195e-01
5.826600193977355957e-01
5.795999765396118164e-01
5.811399817466735840e-01
5.791800022125244141e-01
5.836200118064880371e-01
5.817000269889831543e-01
5.824400186538696289e-01
5.823600292205810547e-01
5.842599868774414062e-01
5.855200290679931641e-01
5.839400291442871094e-01
5.861999988555908203e-01
5.819000005722045898e-01
5.847799777984619141e-01
5.864800214767456055e-01
5.824999809265136719e-01
5.843999981880187988e-01
5.846400260925292969e-01
5.853199958801269531e-01
5.799800157546997070e-01
5.853800177574157715e-01
5.875599980354309082e-01
5.869200229644775391e-01
5.855399966239929199e-01
5.840799808502197266e-01
5.848000049591064453e-01
5.855200290679931641e-01
5.836200118064880371e-01
5.853000283241271973e-01
5.851799845695495605e-01
5.875200033187866211e-01
5.832999944686889648e-01
5.885000228881835938e-01
5.874199867248535156e-01
5.884799957275390625e-01
5.897200107574462891e-01
5.871000289916992188e-01
5.878000259399414062e-01
5.853199958801269531e-01
5.839999914169311523e-01
5.900400280952453613e-01
5.859400033950805664e-01
5.865399837493896484e-01
5.861799716949462891e-01
5.905600190162658691e-01
5.887399911880493164e-01
5.865600109100341797e-01
5.863000154495239258e-01
5.883799791336059570e-01
5.902000069618225098e-01
5.919600129127502441e-01
5.893999934196472168e-01
5.901600122451782227e-01
5.903999805450439453e-01
5.900999903678894043e-01
5.873399972915649414e-01
5.908600091934204102e-01
5.902199745178222656e-01
5.914199948310852051e-01
5.880799889564514160e-01
5.912799835205078125e-01
5.883799791336059570e-01
5.895199775695800781e-01
5.899800062179565430e-01
5.936800241470336914e-01
5.910400152206420898e-01
5.918999910354614258e-01
5.886600017547607422e-01
5.909799933433532715e-01
5.928599834442138672e-01
5.918200016021728516e-01
5.899000167846679688e-01
5.917199850082397461e-01
5.944799780845642090e-01
5.933799743652343750e-01
5.920600295066833496e-01
5.921800136566162109e-01
5.937799811363220215e-01
5.911599993705749512e-01
5.918200016021728516e-01
5.926600098609924316e-01
5.925599932670593262e-01
5.927199721336364746e-01
5.946400165557861328e-01
5.939800143241882324e-01
5.935599803924560547e-01
5.931599736213684082e-01
5.922600030899047852e-01
5.900200009346008301e-01
5.930399894714355469e-01
5.958999991416931152e-01
5.934600234031677246e-01
5.950000286102294922e-01
5.937200188636779785e-01
5.935800075531005859e-01
5.924400091171264648e-01
5.958999991416931152e-01
5.988000035285949707e-01
5.953199863433837891e-01
5.960999727249145508e-01
5.937399864196777344e-01
5.973200201988220215e-01
5.986199975013732910e-01
5.943800210952758789e-01
5.961599946022033691e-01
5.965600013732910156e-01
5.964999794960021973e-01
5.952799916267395020e-01
5.942800045013427734e-01
5.934799909591674805e-01
5.945000052452087402e-01
5.912399888038635254e-01
5.969600081443786621e-01
5.957599878311157227e-01
5.961999893188476562e-01
5.965200066566467285e-01
5.972999930381774902e-01
6.000800132751464844e-01
5.942999720573425293e-01
5.983200073242187500e-01
5.987399816513061523e-01
6.013399958610534668e-01
5.961199998855590820e-01
5.975000262260437012e-01
5.959799885749816895e-01
6.008200049400329590e-01
6.010800004005432129e-01
5.989999771118164062e-01
