1.542199999094009399e-01
2.276999950408935547e-01
2.666999995708465576e-01
2.956599891185760498e-01
3.105799853801727295e-01
3.236599862575531006e-01
3.316999971866607666e-01
3.409599959850311279e-01
3.467400074005126953e-01
3.547199964523315430e-01
3.581199944019317627e-01
3.613399863243103027e-01
3.653999865055084229e-01
3.684400022029876709e-01
3.698399960994720459e-01
3.734999895095825195e-01
3.770200014114379883e-01
3.800199925899505615e-01
3.800599873065948486e-01
3.862800002098083496e-01
3.845799863338470459e-01
3.907000124454498291e-01
3.917399942874908447e-01
3.915399909019470215e-01
3.954400122165679932e-01
3.946599960327148438e-01
3.959000110626220703e-01
4.007599949836730957e-01
4.006400108337402344e-01
4.025999903678894043e-01
4.056800007820129395e-01
4.059599936008453369e-01
4.121600091457366943e-01
4.093999862670898438e-01
4.104999899864196777e-01
4.134800136089324951e-01
4.159600138664245605e-01
4.145399928092956543e-01
4.197199940681457520e-01
4.210000038146972656e-01
4.232800006866455078e-01
4.217199981212615967e-01
4.228399991989135742e-01
4.278599917888641357e-01
4.241999983787536621e-01
4.265600144863128662e-01
4.265800118446350098e-01
4.298200011253356934e-01
4.319399893283843994e-01
4.299399852752685547e-01
4.329400062561035156e-01
4.354799985885620117e-01
4.356600046157836914e-01
4.328599870204925537e-01
4.359799921512603760e-01
4.363999962806701660e-01
4.384399950504302979e-01
4.394400119781494141e-01
4.393999874591827393e-01
4.410200119018554688e-01
4.432199895381927490e-01
4.474599957466125488e-01
4.474799931049346924e-01
4.452799856662750244e-01
4.472999870777130127e-01
4.468399882316589355e-01
4.478000104427337646e-01
4.506599903106689453e-01
4.496800005435943604e-01
4.510000050067901611e-01
4.459199905395507812e-01
4.514200091361999512e-01
4.524599909782409668e-01
4.520199894905090332e-01
4.514999985694885254e-01
4.511199891567230225e-01
4.512400031089782715e-01
4.529800117015838623e-01
4.576199948787689209e-01
4.580999910831451416e-01
4.562000036239624023e-01
4.584800004959106445e-01
4.584600031375885010e-01
4.614000022411346436e-01
4.611600041389465332e-01
4.596399962902069092e-01
4.616400003433227539e-01
4.628399908542633057e-01
4.632399976253509521e-01
4.615199863910675049e-01
4.638200104236602783e-01
4.630399942398071289e-01
4.644800126552581787e-01
4.646799862384796143e-01
4.671199917793273926e-01
4.686799943447113037e-01
4.640400111675262451e-01
4.686999917030334473e-01
4.710800051689147949e-01
4.711999893188476562e-01
4.704000055789947510e-01
4.689399898052215576e-01
4.713200032711029053e-01
4.730600118637084961e-01
4.722799956798553467e-01
4.720599949359893799e-01
4.727799892425537109e-01
4.726200103759765625e-01
4.734199941158294678e-01
4.722000062465667725e-01
4.718999862670898438e-01
4.749200046062469482e-01
4.753600060939788818e-01
4.759599864482879639e-01
4.761599898338317871e-01
4.764400124549865723e-01
4.778999984264373779e-01
4.787200093269348145e-01
4.755800068378448486e-01
4.751200079917907715e-01
4.783000051975250244e-01
4.763799905776977539e-01
4.822199940681457520e-01
4.816200137138366699e-01
4.770599901676177979e-01
4.785999953746795654e-01
4.805000126361846924e-01
4.834600090980529785e-01
4.819799959659576416e-01
4.836600124835968018e-01
4.834200143814086914e-01
4.830999970436096191e-01
4.839400053024291992e-01
4.849199950695037842e-01
4.866200089454650879e-01
4.817999899387359619e-01
4.855599999427795410e-01
4.858599901199340820e-01
4.835599958896636963e-01
4.877800047397613525e-01
4.842799901962280273e-01
4.864000082015991211e-01
4.845199882984161377e-01
4.870600104331970215e-01
4.858199954032897949e-01
4.885799884796142578e-01
4.880799949169158936e-01
4.876599907875061035e-01
4.883800148963928223e-01
4.866800010204315186e-01
4.863399863243103027e-01
4.916599988937377930e-01
4.892799854278564453e-01
4.897800087928771973e-01
4.892599880695343018e-01
4.923599958419799805e-01
4.907599985599517822e-01
4.906800091266632080e-01
4.912199974060058594e-01
4.891799986362457275e-01
4.915400147438049316e-01
4.912999868392944336e-01
4.904200136661529541e-01
4.938000142574310303e-01
4.924399852752685547e-01
4.929200112819671631e-01
4.923799932003021240e-01
4.941000044345855713e-01
4.939799904823303223e-01
4.950000047683715820e-01
4.937399923801422119e-01
4.934000074863433838e-01
4.958600103855133057e-01
4.972400069236755371e-01
4.972400069236755371e-01
4.965400099754333496e-01
4.944599866867065430e-01
4.924800097942352295e-01
4.937799870967864990e-01
4.963400065898895264e-01
4.931800067424774170e-01
4.997000098228454590e-01
4.976800084114074707e-01
4.979400038719177246e-01
5.015799999237060547e-01
4.975599944591522217e-01
4.988000094890594482e-01
4.982999861240386963e-01
4.975999891757965088e-01
5.006399750709533691e-01
4.981000125408172607e-01
5.023000240325927734e-01
4.983400106430053711e-01
4.986200034618377686e-01
5.012800097465515137e-01
4.990800023078918457e-01
4.991199970245361328e-01
5.009199976921081543e-01
5.014799833297729492e-01
5.037000179290771484e-01
5.024999976158142090e-01
5.013599991798400879e-01
5.005199909210205078e-01
5.042799711227416992e-01
5.042999982833862305e-01
5.055400133132934570e-01
5.011399984359741211e-01
5.016199946403503418e-01
5.023000240325927734e-01
5.031999945640563965e-01
5.066800117492675781e-01
5.050600171089172363e-01
5.061200261116027832e-01
5.033800005912780762e-01
5.037199854850769043e-01
5.074599981307983398e-01
5.051199793815612793e-01
5.036200284957885742e-01
5.042600035667419434e-01
5.049399733543395996e-01
5.045400261878967285e-01
5.066199898719787598e-01
5.067399740219116211e-01
5.058799982070922852e-01
5.041199922561645508e-01
5.047799944877624512e-01
5.082799792289733887e-01
5.078799724578857422e-01
5.061399936676025391e-01
5.098400115966796875e-01
5.063800215721130371e-01
5.070599913597106934e-01
5.108600258827209473e-01
5.078799724578857422e-01
5.092800259590148926e-01
5.088199973106384277e-01
5.085800290107727051e-01
5.109999775886535645e-01
5.094199776649475098e-01
5.103600025177001953e-01
5.127000212669372559e-01
5.078799724578857422e-01
5.084999799728393555e-01
5.089799761772155762e-01
5.123800039291381836e-01
5.077199935913085938e-01
5.110800266265869141e-01
5.120000243186950684e-01
5.094799995422363281e-01
5.128800272941589355e-01
5.097399950027465820e-01
5.120000243186950684e-01
5.134599804878234863e-01
5.092999935150146484e-01
5.131000280380249023e-01
5.112599730491638184e-01
5.148199796676635742e-01
5.123999714851379395e-01
5.122399926185607910e-01
5.102800130844116211e-01
5.118399858474731445e-01
5.172200202941894531e-01
5.126799941062927246e-01
5.117599964141845703e-01
5.135599970817565918e-01
5.154399871826171875e-01
5.162600278854370117e-01
5.127999782562255859e-01
5.168399810791015625e-01
5.136200189590454102e-01
5.146800279617309570e-01
5.164999961853027344e-01
5.162199735641479492e-01
5.145000219345092773e-01
5.166199803352355957e-01
5.131199955940246582e-01
5.173000097274780273e-01
5.179399847984313965e-01
5.192000269889831543e-01
5.148599743843078613e-01
5.150200128555297852e-01
5.185999870300292969e-01
5.174400210380554199e-01
5.185400247573852539e-01
5.176399946212768555e-01
5.183799862861633301e-01
5.174000263214111328e-01
5.178999900817871094e-01
5.180600285530090332e-01
5.194399952888488770e-01
5.184999704360961914e-01
5.187000036239624023e-01
5.180199742317199707e-01
5.171200037002563477e-01
5.185800194740295410e-01
5.197200179100036621e-01
5.185599923133850098e-01
5.173199772834777832e-01
5.206000208854675293e-01
5.160800218582153320e-01
5.177400112152099609e-01
5.195199847221374512e-01
5.206999778747558594e-01
5.197600126266479492e-01
5.169799923896789551e-01
5.199199914932250977e-01
5.209599733352661133e-01
5.197399854660034180e-01
5.180600285530090332e-01
5.193200111389160156e-01
5.195400118827819824e-01
5.217999815940856934e-01
5.253199934959411621e-01
5.228400230407714844e-01
5.192999839782714844e-01
5.190200209617614746e-01
5.225800275802612305e-01
5.211200118064880371e-01
5.234199762344360352e-01
5.200999975204467773e-01
5.226399898529052734e-01
5.196400284767150879e-01
5.230399966239929199e-01
5.228800177574157715e-01
5.224999785423278809e-01
5.219799876213073730e-01
5.209599733352661133e-01
5.246599912643432617e-01
5.214400291442871094e-01
5.201799869537353516e-01
5.240399837493896484e-01
5.202599763870239258e-01
5.227599740028381348e-01
5.243999958038330078e-01
5.241400003433227539e-01
5.266399979591369629e-01
5.230399966239929199e-01
5.215200185775756836e-01
5.222399830818176270e-01
5.229799747467041016e-01
5.252799987792968750e-01
5.247200131416320801e-01
5.230799913406372070e-01
5.220400094985961914e-01
5.250800251960754395e-01
5.239599943161010742e-01
5.265799760818481445e-01
5.248000025749206543e-01
5.263800024986267090e-01
5.268800258636474609e-01
5.258399844169616699e-01
5.227800011634826660e-01
5.255399942398071289e-01
5.277000069618225098e-01
5.237799882888793945e-01
5.267199873924255371e-01
5.283600091934204102e-01
5.254200100898742676e-01
5.271400213241577148e-01
5.274999737739562988e-01
5.263800024986267090e-01
5.239599943161010742e-01
5.259000062942504883e-01
5.266799926757812500e-01
5.259000062942504883e-01
5.222200155258178711e-01
5.244799852371215820e-01
5.276799798011779785e-01
5.256400108337402344e-01
5.266199707984924316e-01
5.283200144767761230e-01
5.293200016021728516e-01
5.284199714660644531e-01
5.257400274276733398e-01
5.283200144767761230e-01
5.255200266838073730e-01
5.293599963188171387e-01
5.269200205802917480e-01
5.266199707984924316e-01
5.303800106048583984e-01
5.289599895477294922e-01
5.250800251960754395e-01
5.261600017547607422e-01
5.310999751091003418e-01
5.260599851608276367e-01
5.258399844169616699e-01
5.271000266075134277e-01
5.285800099372863770e-01
5.284199714660644531e-01
5.277000069618225098e-01
5.293800234794616699e-01
5.302600264549255371e-01
5.302000045776367188e-01
5.305600166320800781e-01
5.295600295066833496e-01
5.303000211715698242e-01
5.292800068855285645e-01
5.288599729537963867e-01
5.301600098609924316e-01
5.312399864196777344e-01
5.321000218391418457e-01
5.315399765968322754e-01
5.315999984741210938e-01
5.298399925231933594e-01
5.307400226593017578e-01
5.286399722099304199e-01
5.306199789047241211e-01
5.306000113487243652e-01
5.337600111961364746e-01
5.314999818801879883e-01
5.327200293540954590e-01
5.329399704933166504e-01
5.311599969863891602e-01
5.336999893188476562e-01
5.358800292015075684e-01
5.321999788284301758e-01
5.304399728775024414e-01
5.334600210189819336e-01
5.335999727249145508e-01
5.339800119400024414e-01
5.322200059890747070e-01
5.320399999618530273e-01
5.312200188636779785e-01
5.315799713134765625e-01
5.320799946784973145e-01
5.331599712371826172e-01
5.316200256347656250e-01
5.349000096321105957e-01
5.342599749565124512e-01
5.332999825477600098e-01
5.342400074005126953e-01
5.332999825477600098e-01
5.337399840354919434e-01
5.310400128364562988e-01
5.327600240707397461e-01
5.315399765968322754e-01
5.325199961662292480e-01
5.331400036811828613e-01
5.352799892425537109e-01
5.356000065803527832e-01
5.350000262260437012e-01
5.353000164031982422e-01
5.356600284576416016e-01
5.345000028610229492e-01
5.340800285339355469e-01
5.353599786758422852e-01
5.350400209426879883e-01
5.345799922943115234e-01
5.378999710083007812e-01
5.357000231742858887e-01
5.345799922943115234e-01
5.371400117874145508e-01
5.356000065803527832e-01
5.349799990653991699e-01
5.375400185585021973e-01
5.339599847793579102e-01
5.335199832916259766e-01
5.363199710845947266e-01
5.349799990653991699e-01
5.345399975776672363e-01
5.392799973487854004e-01
5.355399847030639648e-01
5.369799733161926270e-01
5.321800112724304199e-01
5.356799960136413574e-01
5.371400117874145508e-01
5.400999784469604492e-01
5.345000028610229492e-01
5.332999825477600098e-01
5.353000164031982422e-01
5.373600125312805176e-01
5.403599739074707031e-01
5.365800261497497559e-01
5.352799892425537109e-01
5.348200201988220215e-01
5.383599996566772461e-01
5.367400050163269043e-01
5.369600057601928711e-01
5.387399792671203613e-01
5.342800021171569824e-01
5.375000238418579102e-01
5.374199748039245605e-01
5.364800095558166504e-01
5.377799868583679199e-01
5.345000028610229492e-01
5.363000035285949707e-01
5.391399860382080078e-01
5.366200208663940430e-01
5.398399829864501953e-01
5.361800193786621094e-01
5.359200239181518555e-01
5.357000231742858887e-01
5.379400253295898438e-01
5.383399724960327148e-01
5.376999974250793457e-01
5.402399897575378418e-01
5.378599762916564941e-01
5.407999753952026367e-01
5.375999808311462402e-01
5.385199785232543945e-01
