2.089029806852340521e+00
1.918389481544494624e+00
1.869224562168121384e+00
1.842496604442596331e+00
1.823051930904388440e+00
1.813379493236541684e+00
1.805775292873382565e+00
1.794395138740539464e+00
1.788890059471130334e+00
1.782998205661773694e+00
1.773791229963302518e+00
1.768285225629806501e+00
1.759728329420089832e+00
1.758917779207229692e+00
1.747352401256561327e+00
1.739717271089553874e+00
1.737493924617767416e+00
1.728668651580810511e+00
1.720890030384063740e+00
1.712793886423110923e+00
1.705627195358276449e+00
1.697452068805694658e+00
1.692915958166122392e+00
1.684199230194091790e+00
1.677634110927581856e+00
1.668320171117782635e+00
1.659001606464385992e+00
1.652969569921493465e+00
1.652284790515899715e+00
1.648171511888504082e+00
1.637925768375396718e+00
1.632458869218826214e+00
1.628722044706344629e+00
1.617480759859085016e+00
1.611143615007400554e+00
1.604270098447799775e+00
1.603672251939773474e+00
1.600510697841644348e+00
1.594218943834304847e+00
1.589514103651046728e+00
1.581678744792938129e+00
1.577877659559249857e+00
1.572463073015212931e+00
1.571380077600479153e+00
1.565506370067596409e+00
1.562991271257400561e+00
1.556924660921096715e+00
1.555242837667465183e+00
1.551579023361206122e+00
1.544124148130416874e+00
1.542082218885421740e+00
1.534122442722320567e+00
1.534010062456131029e+00
1.529434709072112986e+00
1.529743481636047342e+00
1.524579544305801448e+00
1.520986486434936502e+00
1.516070190668105999e+00
1.522128461599350002e+00
1.510333779335021998e+00
1.504536072015762338e+00
1.504822994232177802e+00
1.503754982948303232e+00
1.503609738111495897e+00
1.496877516984939538e+00
1.494316078186035179e+00
1.489967805624008212e+00
1.490692686080932639e+00
1.488123325109481865e+00
1.484096292018890484e+00
1.481288419008254920e+00
1.475786871194839422e+00
1.479140877246856611e+00
1.471574215650558459e+00
1.468806326627731362e+00
1.471292930603027349e+00
1.469527866840362629e+00
1.465842991113662785e+00
1.463951373100280673e+00
1.461657683610916081e+00
1.462179997682571342e+00
1.454840732097625766e+00
1.456811008453369194e+00
1.455718335151672260e+00
1.449256749391555799e+00
1.449373032331466638e+00
1.446953835248947051e+00
1.447764062881469638e+00
1.443418910980224679e+00
1.441315559387207124e+00
1.442612145185470540e+00
1.441436828613281262e+00
1.438295715808868502e+00
1.434122220039367734e+00
1.430390523910522571e+00
1.429623525381088278e+00
1.429141515493392856e+00
1.428791255712509090e+00
1.425617284774780336e+00
1.423436918497085646e+00
1.423443098783492955e+00
1.420775280714035027e+00
1.419376014471054104e+00
1.418285289525985648e+00
1.414169304609298683e+00
1.415508291006088326e+00
1.410576426506042536e+00
1.414010852336883506e+00
1.414066066980361969e+00
1.405312440872192425e+00
1.407174669265746969e+00
1.409841672182083228e+00
1.404539224863052382e+00
1.398660346746444683e+00
1.403469259023666371e+00
1.403219889402389509e+00
1.402718044042587264e+00
1.400663919210433983e+00
1.398852071285247911e+00
1.394783887624740704e+00
1.390412147521972619e+00
1.395645185232162522e+00
1.392491217136383019e+00
1.388765078306198220e+00
1.391894469261169442e+00
1.390795718431472761e+00
1.385645916938781808e+00
1.387973544597625786e+00
1.384012830495834345e+00
1.383525990962982233e+00
1.380790603160858110e+00
1.380670853853225744e+00
1.381757962107658333e+00
1.381174693346023608e+00
1.380822327375411884e+00
1.375099882364273052e+00
1.377806275367736921e+00
1.371692663669586087e+00
1.374634949684143015e+00
1.370639566421508748e+00
1.368950845479965261e+00
1.371448459863662706e+00
1.371937082529067986e+00
1.364960590124130180e+00
1.363688370227813751e+00
1.362887334108352722e+00
1.366805653333663884e+00
1.364615966320037899e+00
1.364315718173980674e+00
1.362583102464675955e+00
1.359631042003631496e+00
1.361898603916168238e+00
1.360079042911529479e+00
1.361423985242843582e+00
1.356147732734680256e+00
1.357953111171722460e+00
1.350602981328964169e+00
1.352971574068069449e+00
1.353752134323120027e+00
1.353898269653320385e+00
1.350401922464370630e+00
1.346394577980041474e+00
1.352016691923141556e+00
1.349843769788741987e+00
1.350773803234100345e+00
1.354201960325241094e+00
1.348253356218338084e+00
1.346335118770599415e+00
1.345830492496490560e+00
1.346205810308456430e+00
1.347984882354736236e+00
1.346851413726806612e+00
1.345479390382766649e+00
1.342225514650344786e+00
1.337786375522613591e+00
1.339177134752273624e+00
1.344384716272354119e+00
1.337890488147735590e+00
1.342741175055503833e+00
1.340167992591857926e+00
1.344074506998062191e+00
1.335032342910766667e+00
1.335051723241805988e+00
1.332545707225799569e+00
1.330717523097991961e+00
1.334913293600082485e+00
1.335149126768112149e+00
1.328987904310226398e+00
1.327575553059577862e+00
1.334224136352539114e+00
1.326700265169143744e+00
1.325573176145553589e+00
1.329763113737106428e+00
1.328234620571136393e+00
1.325917212963104275e+00
1.326728015899658164e+00
1.328956161022186278e+00
1.326922738790512035e+00
1.326447935581207327e+00
1.323067267417907811e+00
1.325387818336486889e+00
1.322133040308952401e+00
1.325380508422851600e+00
1.321499264955520614e+00
1.316485333919525047e+00
1.318432268619537329e+00
1.318129387855529799e+00
1.313491906881332438e+00
1.313396104574203527e+00
1.312704419851303150e+00
1.314096850633621250e+00
1.317431829690933309e+00
1.316639544725417998e+00
1.316154131174087416e+00
1.318593021392822306e+00
1.314614914894103981e+00
1.314787580966949365e+00
1.307964827537536623e+00
1.308179295301437284e+00
1.311486684083938536e+00
1.309075151920318536e+00
1.307231890916824346e+00
1.303516006827354357e+00
1.307723321199417033e+00
1.307067136287689113e+00
1.312251700162887502e+00
1.306346008062362563e+00
1.307895430922508151e+00
1.308892528295517055e+00
1.310985560655593796e+00
1.303803947925567641e+00
1.303661601305007967e+00
1.298955435276031523e+00
1.300428319573402325e+00
1.304809864163398725e+00
1.303220777750015325e+00
1.296465962052345322e+00
1.303070317387580834e+00
1.295849647402763427e+00
1.301311379671096891e+00
1.297727334618568484e+00
1.298934847831725969e+00
1.299023145794868439e+00
1.296913173556327736e+00
1.295365520477294918e+00
1.295604174494743299e+00
1.295225201249122549e+00
1.293796185016632183e+00
1.293644596099853494e+00
1.295076323747634817e+00
1.290470348715782256e+00
1.296614445447921815e+00
1.288958518624305771e+00
1.292345285773277341e+00
1.286923198819160508e+00
1.294662362813949530e+00
1.291810930252075273e+00
1.286958104610443021e+00
1.292702035665512117e+00
1.283169552326202334e+00
1.286834655761718738e+00
1.290188972830772496e+00
1.283521901369094831e+00
1.287612348675727825e+00
1.284621611833572485e+00
1.283401229262352006e+00
1.284587006568908674e+00
1.289369166254997312e+00
1.284391363382339390e+00
1.276438813686370910e+00
1.282230720877647334e+00
1.284188596010208183e+00
1.280801352024078410e+00
1.276019318938255376e+00
1.281920887470245463e+00
1.276860257387161246e+00
1.273779589653015076e+00
1.282913318157196114e+00
1.276977843284606839e+00
1.272620018959045307e+00
1.282318563461303684e+00
1.277773989558219858e+00
1.280299500942230218e+00
1.279698651432991108e+00
1.277203285098075902e+00
1.275237859368324234e+00
1.272790861487388625e+00
1.276731515407562245e+00
1.274372576117515532e+00
1.275557279706001301e+00
1.277405881762504469e+00
1.272953487038612330e+00
1.274142640829086348e+00
1.272145175457000787e+00
1.271441578865051270e+00
1.267950975060462948e+00
1.268951303243637030e+00
1.266079448699951149e+00
1.263946132898330799e+00
1.264380887627601702e+00
1.271743137478828389e+00
1.270839097023010345e+00
1.270710562467574967e+00
1.272899259924888504e+00
1.265700180053710877e+00
1.265676649570464996e+00
1.265756273865699777e+00
1.263837751388549702e+00
1.262463702082633921e+00
1.260441940546035866e+00
1.268273237347602889e+00
1.261634232163429292e+00
1.260276076555252089e+00
1.259011448621749851e+00
1.260314178943634067e+00
1.264945869684219293e+00
1.260321344971656821e+00
1.257029609560966543e+00
1.261595511198043917e+00
1.251552165746688816e+00
1.265902877688407813e+00
1.255372145533561801e+00
1.259188931703567604e+00
1.264427510976791291e+00
1.258111147403716990e+00
1.258734361767768872e+00
1.251662799954414318e+00
1.257738857984542769e+00
1.259088923335075272e+00
1.255224527478218111e+00
1.252243884205818114e+00
1.255768655896186914e+00
1.249747450470924282e+00
1.254431692481041027e+00
1.249700370430946395e+00
1.252258552789688117e+00
1.249787100195884681e+00
1.254689046859741142e+00
1.253419361948967081e+00
1.256863087177276572e+00
1.250898837566375654e+00
1.248260813951492354e+00
1.254928251504898062e+00
1.252886112332344037e+00
1.253828411221504124e+00
1.252320109963417138e+00
1.248439624786376934e+00
1.251241948843002216e+00
1.244666593074798655e+00
1.244523337960243170e+00
1.248037136435508732e+00
1.246918835997581576e+00
1.245422973871231020e+00
1.251600574970245461e+00
1.254178980588912973e+00
1.247531583905220121e+00
1.247823528647422853e+00
1.245333356618881115e+00
1.245517073154449372e+00
1.241860611081123444e+00
1.240220592141151323e+00
1.243109610438346779e+00
1.240573483228683438e+00
1.242955148577690183e+00
1.244575822234153639e+00
1.244173285007476704e+00
1.248329362750053351e+00
1.242822250723838895e+00
1.238655526995658951e+00
1.245262231588363688e+00
1.240536856055259651e+00
1.238826210498809921e+00
1.239429999113082825e+00
1.240011252880096393e+00
1.236883429884910512e+00
1.242961333990097117e+00
1.240800865054130453e+00
1.243408980131149200e+00
1.240651978969574021e+00
1.241054289817810075e+00
1.238614580154419054e+00
1.232628354191780184e+00
1.236240550160408125e+00
1.231949178934097278e+00
1.238469335913658043e+00
1.233926051974296501e+00
1.234292615652084368e+00
1.235787063837051392e+00
1.233812502503395025e+00
1.233705098271369982e+00
1.231412645220756552e+00
1.239397814512252838e+00
1.234439124226570206e+00
1.229023985266685548e+00
1.232305961608886724e+00
1.232092935204506023e+00
1.233899648070335475e+00
1.231397818684577983e+00
1.230240216970443834e+00
1.231886152744293250e+00
1.237168004751205475e+00
1.232495633125305190e+00
1.232750169277191166e+00
1.228740817785263006e+00
1.229160565614700218e+00
1.229189893960952684e+00
1.232150720953941292e+00
1.229708905577659550e+00
1.232796957612037669e+00
1.231675050377845748e+00
1.228913405299186801e+00
1.227896172761917093e+00
1.232958445072174003e+00
1.229898115158081007e+00
1.224670603752136211e+00
1.222840059876441954e+00
1.224107352256774917e+00
1.226464912295341492e+00
1.222067174673080459e+00
1.225401930928230243e+00
1.228800072789192122e+00
1.221468782067298919e+00
1.224509768247604269e+00
1.224401373386382996e+00
1.223686113834381084e+00
1.224233468890190135e+00
1.223710573434829696e+00
1.218349212169647311e+00
1.219069632530212388e+00
1.224764177560806244e+00
1.226151564478874301e+00
1.225488450765609638e+00
1.218459274291992189e+00
1.219574031591415419e+00
1.217372818946838464e+00
1.217430262565612820e+00
1.220048414945602344e+00
1.225222467899322432e+00
1.217107464075088519e+00
1.215404773712158271e+00
1.219490564942359967e+00
1.212773367762565613e+00
1.214138104319572475e+00
1.217979190349578911e+00
1.215641157507896475e+00
1.220140771627426179e+00
1.218042687416076575e+00
1.219407846093177872e+00
1.216641900300979628e+00
1.216486849069595255e+00
1.215528558135032577e+00
1.213845338463783285e+00
1.218207354307174750e+00
1.214202389955520545e+00
1.215072849154472445e+00
1.215863953471183700e+00
1.216372377276420558e+00
1.212702618241310093e+00
1.217502887964248659e+00
1.210392834544181895e+00
1.217181807160377494e+00
1.208422544121742215e+00
1.214009628772735550e+00
1.209438707232475263e+00
1.217719949483871522e+00
1.211976587057113752e+00
1.214116325497627269e+00
1.212939571857452492e+00
1.210115814447402904e+00
1.206536376357078444e+00
1.209592443108558735e+00
1.210555125117301900e+00
1.209442101240158163e+00
1.213572069168090906e+00
1.207666519284248396e+00
1.212226451754570000e+00
1.209563843965530294e+00
1.206746197938919130e+00
1.209880075335502569e+00
1.209121210217475983e+00
1.208074025869369406e+00
1.210321342587471038e+00
1.205120374798774652e+00
1.206931931972503591e+00
1.200106418967247013e+00
1.206977695941924944e+00
1.203201357722282427e+00
1.206427222490310758e+00
1.208282687902450636e+00
1.204640952348709160e+00
1.199854310989379780e+00
1.210963475823402469e+00
1.206104318618774318e+00
1.204354218602180504e+00
1.200630861639976565e+00
1.201555133461952307e+00
1.207241509437561033e+00
1.200008941888809133e+00
1.205755740642547647e+00
1.204249040722846997e+00
