2.280539627552032655e+00
2.115244781255722017e+00
2.007047322034835712e+00
1.953898774385452342e+00
1.917294509649276835e+00
1.895261671304702800e+00
1.877591699361801147e+00
1.856032636404037373e+00
1.835805991411209037e+00
1.823925226211547956e+00
1.813973088026046732e+00
1.805052770853042610e+00
1.797761374950408886e+00
1.791461313009262035e+00
1.785297714948654191e+00
1.776673157691955662e+00
1.765025666713714525e+00
1.758112587451934772e+00
1.755740645885467632e+00
1.748725505113601697e+00
1.742682265043258738e+00
1.731652039051055914e+00
1.725845618486404387e+00
1.723296752929687425e+00
1.715092400312423715e+00
1.708977885484695536e+00
1.705264920711517362e+00
1.696973211526870751e+00
1.695611615657806492e+00
1.690357840299606229e+00
1.681808608055114673e+00
1.676100424289703295e+00
1.662866403102874813e+00
1.663689660310745166e+00
1.657247624635696415e+00
1.652046208620071344e+00
1.647340208292007446e+00
1.642055464744567761e+00
1.638560226678848375e+00
1.635111328601837055e+00
1.623260219573974705e+00
1.626429572343826235e+00
1.621244379758834731e+00
1.614401557207107540e+00
1.609670505523681738e+00
1.609673782348632898e+00
1.606699299335479836e+00
1.602988991022110010e+00
1.601325794219970788e+00
1.594561684131622359e+00
1.591788692474365163e+00
1.586067985773086608e+00
1.583629215478897123e+00
1.583720849037170364e+00
1.578537900447845477e+00
1.576449192285537704e+00
1.574346015214920014e+00
1.570527893781662021e+00
1.568985631704330475e+00
1.566299358606338510e+00
1.558735874176025327e+00
1.557575204849243056e+00
1.558485740900039662e+00
1.551299706935882483e+00
1.552288666486740132e+00
1.549986475944518993e+00
1.548450738906860247e+00
1.544184084177017136e+00
1.542048332452774062e+00
1.540614036560058686e+00
1.541108994960785017e+00
1.536212229251861627e+00
1.531154217958450303e+00
1.534786167383193956e+00
1.532930604696273846e+00
1.534817435741424596e+00
1.531052374362945612e+00
1.524856015682220400e+00
1.519887373685836707e+00
1.518249209165573044e+00
1.520134442567825372e+00
1.519258662939071636e+00
1.515346487522125196e+00
1.508263203859329327e+00
1.508789538860320967e+00
1.509148884534835755e+00
1.507993768453598005e+00
1.505155380725860637e+00
1.503718691110611072e+00
1.505985942363738950e+00
1.498846702575683532e+00
1.502501727581024182e+00
1.497537563085556078e+00
1.498801317214965900e+00
1.494839908123016370e+00
1.491775040626525772e+00
1.494376388788223320e+00
1.490421713113784685e+00
1.485054186582565272e+00
1.484110190153121955e+00
1.483704740285873402e+00
1.486321941614151099e+00
1.483414769649505693e+00
1.482177572965621914e+00
1.480318498611450151e+00
1.479762723684310943e+00
1.478548908948898344e+00
1.477059711933135899e+00
1.474771864414215150e+00
1.477152777194976840e+00
1.476415187597274858e+00
1.470275025844574035e+00
1.470068732261657685e+00
1.467241691350936961e+00
1.464481329202651949e+00
1.467637041807174691e+00
1.464952342510223326e+00
1.460788444995880120e+00
1.463526891231536897e+00
1.462444102525711109e+00
1.454291269540786802e+00
1.462106736183166555e+00
1.454258476018905677e+00
1.453410867929458616e+00
1.456000442266464301e+00
1.455215908527374369e+00
1.452962812662124570e+00
1.448040339231491114e+00
1.453723423480987487e+00
1.445415729522705028e+00
1.451255624294280899e+00
1.446320364952087489e+00
1.449512145042419542e+00
1.441448452949523951e+00
1.438762796640396191e+00
1.445518452167511070e+00
1.444161395072937060e+00
1.441233169794082558e+00
1.445615430593490514e+00
1.434295563220977732e+00
1.436914531469345002e+00
1.440483787536620985e+00
1.437139194488525451e+00
1.434503271341323938e+00
1.437896844387054340e+00
1.437855267524719149e+00
1.433833464384078882e+00
1.433100599527358909e+00
1.428147157192230177e+00
1.432589538335800272e+00
1.427764109849929852e+00
1.428954226016998286e+00
1.423820127248764056e+00
1.427169250249862742e+00
1.423151190280914413e+00
1.425884720087051472e+00
1.422839502573013393e+00
1.422999536037445001e+00
1.423771960020065341e+00
1.425001459121704173e+00
1.419689695596694889e+00
1.421143629312515255e+00
1.419708116769790696e+00
1.418389682531356888e+00
1.415974547863006583e+00
1.416302437305450468e+00
1.415150127410888636e+00
1.416731406688690242e+00
1.412823739290237413e+00
1.413007642030716049e+00
1.415984451055526838e+00
1.410161661624908414e+00
1.407084931373596248e+00
1.410200694561004608e+00
1.406532135725021337e+00
1.410054493904113748e+00
1.410333834171295209e+00
1.416546367645263649e+00
1.409351889848709183e+00
1.407884165287017764e+00
1.411806181192398091e+00
1.402517232656478985e+00
1.402734322309493908e+00
1.405419476032257142e+00
1.403579266071319553e+00
1.403867097616195769e+00
1.406364436626434289e+00
1.396900841712951591e+00
1.402169942140579328e+00
1.398778518915176461e+00
1.402967947244644131e+00
1.395048639774322474e+00
1.397374472379684374e+00
1.399504180192947311e+00
1.392956997394561691e+00
1.397996937751770030e+00
1.398589713811874358e+00
1.394727812290191604e+00
1.392987581968307520e+00
1.388851151943206741e+00
1.393975469827652081e+00
1.392910664081573380e+00
1.393553134441375629e+00
1.387124684333801206e+00
1.387716138362884433e+00
1.384230559349060030e+00
1.390460383892059282e+00
1.388033200502395648e+00
1.391533385992050231e+00
1.386489130496978861e+00
1.382627726078033525e+00
1.387688410758972202e+00
1.383759846925735504e+00
1.384175016164779670e+00
1.384738163471221917e+00
1.379967991828918494e+00
1.386836391210556130e+00
1.385347583055496212e+00
1.382850058317184549e+00
1.380838952779769979e+00
1.378575353145599314e+00
1.377796657085418763e+00
1.380550387144088731e+00
1.381218400716781591e+00
1.379203867793083127e+00
1.376054461717605593e+00
1.378841606378555351e+00
1.379488920688629161e+00
1.374827664136886618e+00
1.377225926637649644e+00
1.375467953920364472e+00
1.377946111202239976e+00
1.371691157102584935e+00
1.374895931720733655e+00
1.369247174978256210e+00
1.372857268095016403e+00
1.376100312948226989e+00
1.370985937595367465e+00
1.372980322122573815e+00
1.368663020849227863e+00
1.369874787092208779e+00
1.370395676136016760e+00
1.370295172691345265e+00
1.369172904253006084e+00
1.368987520217895604e+00
1.369627613067627037e+00
1.367563750743866047e+00
1.367446719169616687e+00
1.367902041196823015e+00
1.365806339740753161e+00
1.369673182010650692e+00
1.363779374599456862e+00
1.362698251008987338e+00
1.364239249706268309e+00
1.366048269629478451e+00
1.364122053861618111e+00
1.360196858167648237e+00
1.362103264093398991e+00
1.359339683294296330e+00
1.365395685672760040e+00
1.359375309467315773e+00
1.356533076286315920e+00
1.365443112373352141e+00
1.359000555992126547e+00
1.359334300279617214e+00
1.360258762598037796e+00
1.358116398572921657e+00
1.362229279518127445e+00
1.354150565862655586e+00
1.356159951686859211e+00
1.359173021316528285e+00
1.353991721630096512e+00
1.356939652204513624e+00
1.357026724100112824e+00
1.352217574834823521e+00
1.356583023071288974e+00
1.356706073284149161e+00
1.351269798755645679e+00
1.348832983493804871e+00
1.356706919908523545e+00
1.354329521417617865e+00
1.350598473310470560e+00
1.348342603445053189e+00
1.351157548904418970e+00
1.352506212234497074e+00
1.351620863437652531e+00
1.349309623241424561e+00
1.354065320253372118e+00
1.346852172493934630e+00
1.351294593334197991e+00
1.347522508502006611e+00
1.353949968099594114e+00
1.346005992412567132e+00
1.348556819438934351e+00
1.346218285560607963e+00
1.344419254302978484e+00
1.345499260187148938e+00
1.344660171031951901e+00
1.341212470769882259e+00
1.344492024183273404e+00
1.349295125722885125e+00
1.343364189624786320e+00
1.341629181265830972e+00
1.340556888580322292e+00
1.346600132226944080e+00
1.344819422721862834e+00
1.339115382552146905e+00
1.342792742013931173e+00
1.345909268856048557e+00
1.342865764141082829e+00
1.340818123579025301e+00
1.337250986337661818e+00
1.334900542259216394e+00
1.338143986225128090e+00
1.343361072778701759e+00
1.340029629230499175e+00
1.340061707258224377e+00
1.337065158605575510e+00
1.334512453794479470e+00
1.340376645565032998e+00
1.337515508413314791e+00
1.339938937425613430e+00
1.330777169704437268e+00
1.333315238714218198e+00
1.335078319072723341e+00
1.337227296352386574e+00
1.331983437299728346e+00
1.333351322412490880e+00
1.338737606048584050e+00
1.334228500366210879e+00
1.339171629190444968e+00
1.337749942541122339e+00
1.331458555221557649e+00
1.330954717874526905e+00
1.330303949356079096e+00
1.330989287137985144e+00
1.328249249219894512e+00
1.329787180662155066e+00
1.330983181238174495e+00
1.334031784057617243e+00
1.330503135919570923e+00
1.328725600242614657e+00
1.334637150049209575e+00
1.332735831022262563e+00
1.329519010543823265e+00
1.331765831947326673e+00
1.326662695050239593e+00
1.331662697315216137e+00
1.322022564411163392e+00
1.326584245443344079e+00
1.323813220262527457e+00
1.329745732069015585e+00
1.329163433432579033e+00
1.323710299253463729e+00
1.327721344709396289e+00
1.328532856225967507e+00
1.324885307788848943e+00
1.329546794891357520e+00
1.323935133218765214e+00
1.324052625417709406e+00
1.323718377828597914e+00
1.327308086872100779e+00
1.325328161239623936e+00
1.325442048788070704e+00
1.326470902919769213e+00
1.331248035669326812e+00
1.324086623191833567e+00
1.321433763027191066e+00
1.319786352157592768e+00
1.321765857458114590e+00
1.317354476928710882e+00
1.317903056383132876e+00
1.322754907131195035e+00
1.323412379741668810e+00
1.323937785148620705e+00
1.321563768625259483e+00
1.319210994720458885e+00
1.320514158010482886e+00
1.319539231538772617e+00
1.315785669088363585e+00
1.317502362966537444e+00
1.322902219057083162e+00
1.323117049217224173e+00
1.313838535666465690e+00
1.319093727350235001e+00
1.319097942829132064e+00
1.319885162949562041e+00
1.320145486354827868e+00
1.316844390749931426e+00
1.318325485706329347e+00
1.318354872226715102e+00
1.316130848407745413e+00
1.314938709855079546e+00
1.312521184444427558e+00
1.312822634458541859e+00
1.311730910778045711e+00
1.317866988420486551e+00
1.317579782009124845e+00
1.312544255018234240e+00
1.314815952777862451e+00
1.310991718769073389e+00
1.311492647528648359e+00
1.306852328062057422e+00
1.313902210474014343e+00
1.313176624536514181e+00
1.312506343603134118e+00
1.308016496658325201e+00
1.312775219440460273e+00
1.307208895683288574e+00
1.307258063793182323e+00
1.309273829460144034e+00
1.309762171983718915e+00
1.307803398251533578e+00
1.308699970006942825e+00
1.303789336681365985e+00
1.311671582698822114e+00
1.313571525812148977e+00
1.305542533636093072e+00
1.308259146809577889e+00
1.306569060325622589e+00
1.307911371827125580e+00
1.306193381071090620e+00
1.305992008447647068e+00
1.309493124961853106e+00
1.309372535467147936e+00
1.306256934165954675e+00
1.308809405088424693e+00
1.306582011938095089e+00
1.304995487928390485e+00
1.304019712924957330e+00
1.300923407793044939e+00
1.305183235406875530e+00
1.304762384176254342e+00
1.308083126068115165e+00
1.307918847084045488e+00
1.307972200989723222e+00
1.308274148225784250e+00
1.305428065180778585e+00
1.300544833183288507e+00
1.303816931366920562e+00
1.302848420381546024e+00
1.301238684654235866e+00
1.301099543333053665e+00
1.307002902388572751e+00
1.301155066490173429e+00
1.303901621341705397e+00
1.299756601095199526e+00
1.302711265683174080e+00
1.297758621215820307e+00
1.294854835271835425e+00
1.302758327484130785e+00
1.294068812012672431e+00
1.304822595953941455e+00
1.300278257608413757e+00
1.301443414688110423e+00
1.299553776979446518e+00
1.301807147979736401e+00
1.299773856878280620e+00
1.301287274599075339e+00
1.301651223421096848e+00
1.293354113817214879e+00
1.297703856706619252e+00
1.293588604927063068e+00
1.297804033279418956e+00
1.299159837722778210e+00
1.297024382233619599e+00
1.296989343047141974e+00
1.296930981636047253e+00
1.300452395081520107e+00
1.298465859889984086e+00
1.294112739324569716e+00
1.293892494916915936e+00
1.296363607645034888e+00
1.298729485273361295e+00
1.299783651351928748e+00
1.293679009437560978e+00
1.297075229763984705e+00
1.296027658462524323e+00
1.290829128503799383e+00
1.295488680124282865e+00
1.293115702986717297e+00
1.290944508552551273e+00
1.296156028866767951e+00
1.297536492586135903e+00
1.296636673092842029e+00
1.292631299257278377e+00
1.292998433470726072e+00
1.296955251216888483e+00
1.296123253941535935e+00
1.290058469891548265e+00
1.289279145717620922e+00
1.295693446397781390e+00
1.294851421594619856e+00
1.295645296573638916e+00
1.287820962190628027e+00
1.290831791400909534e+00
1.293618820786476054e+00
1.290493929505348136e+00
1.289821276545524587e+00
1.287646395921707043e+00
