1.037399992346763611e-01
1.296000033617019653e-01
1.721799969673156738e-01
2.042399942874908447e-01
2.423000037670135498e-01
2.668600082397460938e-01
2.835800051689147949e-01
3.037599921226501465e-01
3.140799999237060547e-01
3.258599936962127686e-01
3.306199908256530762e-01
3.371599912643432617e-01
3.402799963951110840e-01
3.467999994754791260e-01
3.512800037860870361e-01
3.534399867057800293e-01
3.557600080966949463e-01
3.585399985313415527e-01
3.619999885559082031e-01
3.619399964809417725e-01
3.644199967384338379e-01
3.684999942779541016e-01
3.704000115394592285e-01
3.724600076675415039e-01
3.741599917411804199e-01
3.745400011539459229e-01
3.794600069522857666e-01
3.818399906158447266e-01
3.839600086212158203e-01
3.826000094413757324e-01
3.872599899768829346e-01
3.877800107002258301e-01
3.870599865913391113e-01
3.924799859523773193e-01
3.907999992370605469e-01
3.929400146007537842e-01
3.957200050354003906e-01
3.964399993419647217e-01
3.982000052928924561e-01
3.992600142955780029e-01
4.008400142192840576e-01
4.014599919319152832e-01
4.013800024986267090e-01
4.048599898815155029e-01
4.052200019359588623e-01
4.078400135040283203e-01
4.042600095272064209e-01
4.090000092983245850e-01
4.091799855232238770e-01
4.142599999904632568e-01
4.094200134277343750e-01
4.121400117874145508e-01
4.140999913215637207e-01
4.153400063514709473e-01
4.142400026321411133e-01
4.165799915790557861e-01
4.172599911689758301e-01
4.186199903488159180e-01
4.163199961185455322e-01
4.193199872970581055e-01
4.196999967098236084e-01
4.208599925041198730e-01
4.226000010967254639e-01
4.206399917602539062e-01
4.222399890422821045e-01
4.244199991226196289e-01
4.252600073814392090e-01
4.253399968147277832e-01
4.285399913787841797e-01
4.280000030994415283e-01
4.253599941730499268e-01
4.284799993038177490e-01
4.313800036907196045e-01
4.315199851989746094e-01
4.277999997138977051e-01
4.311800003051757812e-01
4.317800104618072510e-01
4.311800003051757812e-01
4.343200027942657471e-01
4.329800009727478027e-01
4.316000044345855713e-01
4.350000023841857910e-01
4.341000020503997803e-01
4.377399981021881104e-01
4.340400099754333496e-01
4.359000027179718018e-01
4.394600093364715576e-01
4.386200010776519775e-01
4.372000098228454590e-01
4.393799901008605957e-01
4.374000132083892822e-01
4.393199980258941650e-01
4.403800070285797119e-01
4.382799863815307617e-01
4.431400001049041748e-01
4.434199929237365723e-01
4.451400041580200195e-01
4.433400034904479980e-01
4.426200091838836670e-01
4.442600011825561523e-01
4.446800053119659424e-01
4.465799927711486816e-01
4.445799887180328369e-01
4.473800063133239746e-01
4.450399875640869141e-01
4.483799934387207031e-01
4.436799883842468262e-01
4.470799863338470459e-01
4.477199912071228027e-01
4.481199979782104492e-01
4.483399987220764160e-01
4.482400119304656982e-01
4.488399922847747803e-01
4.510200023651123047e-01
4.511800110340118408e-01
4.484600126743316650e-01
4.535799920558929443e-01
4.512999951839447021e-01
4.538800120353698730e-01
4.547800123691558838e-01
4.538800120353698730e-01
4.542599916458129883e-01
4.536400139331817627e-01
4.549799859523773193e-01
4.545600116252899170e-01
4.514600038528442383e-01
4.571999907493591309e-01
4.565199911594390869e-01
4.593400061130523682e-01
4.572399854660034180e-01
4.595800042152404785e-01
4.572199881076812744e-01
4.560799896717071533e-01
4.603599905967712402e-01
4.580799937248229980e-01
4.584800004959106445e-01
4.555200040340423584e-01
4.565399885177612305e-01
4.613400101661682129e-01
4.598399996757507324e-01
4.591999948024749756e-01
4.581399857997894287e-01
4.636600017547607422e-01
4.619599878787994385e-01
4.625799953937530518e-01
4.623599946498870850e-01
4.625599980354309082e-01
4.598000049591064453e-01
4.621999859809875488e-01
4.598599970340728760e-01
4.654799997806549072e-01
4.640600085258483887e-01
4.657799899578094482e-01
4.652599990367889404e-01
4.656800031661987305e-01
4.643000066280364990e-01
4.651600122451782227e-01
4.642199873924255371e-01
4.639399945735931396e-01
4.676400125026702881e-01
4.668599963188171387e-01
4.670000076293945312e-01
4.666000008583068848e-01
4.675199985504150391e-01
4.689599871635437012e-01
4.688999950885772705e-01
4.703400135040283203e-01
4.704599976539611816e-01
4.698800146579742432e-01
4.691999852657318115e-01
4.723199903964996338e-01
4.694400131702423096e-01
4.686200022697448730e-01
4.703199863433837891e-01
4.716199934482574463e-01
4.686399996280670166e-01
4.707799851894378662e-01
4.716199934482574463e-01
4.711599946022033691e-01
4.732800126075744629e-01
4.758000075817108154e-01
4.724600017070770264e-01
4.714399874210357666e-01
4.723399877548217773e-01
4.740999937057495117e-01
4.749000072479248047e-01
4.715799987316131592e-01
4.748800098896026611e-01
4.773199856281280518e-01
4.724999964237213135e-01
4.742999970912933350e-01
4.757399857044219971e-01
4.749999940395355225e-01
4.778800010681152344e-01
4.763599932193756104e-01
4.758400022983551025e-01
4.753200113773345947e-01
4.751200079917907715e-01
4.758400022983551025e-01
4.745799899101257324e-01
4.778600037097930908e-01
4.791400134563446045e-01
4.796200096607208252e-01
4.763599932193756104e-01
4.780600070953369141e-01
4.795399904251098633e-01
4.800600111484527588e-01
4.797599911689758301e-01
4.767400026321411133e-01
4.778000116348266602e-01
4.789400100708007812e-01
4.786800146102905273e-01
4.811399877071380615e-01
4.793800115585327148e-01
4.785400032997131348e-01
4.799599945545196533e-01
4.810799956321716309e-01
4.829800128936767578e-01
4.789200127124786377e-01
4.818600118160247803e-01
4.817799925804138184e-01
4.815199971199035645e-01
4.830999970436096191e-01
4.849399924278259277e-01
4.833799898624420166e-01
4.813599884510040283e-01
4.853599965572357178e-01
4.838399887084960938e-01
4.840599894523620605e-01
4.835000038146972656e-01
4.834200143814086914e-01
4.822399914264678955e-01
4.852600097656250000e-01
4.801799952983856201e-01
4.848000109195709229e-01
4.853599965572357178e-01
4.821799993515014648e-01
4.860999882221221924e-01
4.852600097656250000e-01
4.845600128173828125e-01
4.861600100994110107e-01
4.886600077152252197e-01
4.850800037384033203e-01
4.859400093555450439e-01
4.841800034046173096e-01
4.844599962234497070e-01
4.844000041484832764e-01
4.857600033283233643e-01
4.840599894523620605e-01
4.873600006103515625e-01
4.876599907875061035e-01
4.866000115871429443e-01
4.854199886322021484e-01
4.853399991989135742e-01
4.885399937629699707e-01
4.865599870681762695e-01
4.894999861717224121e-01
4.865199923515319824e-01
4.880400002002716064e-01
4.875800013542175293e-01
4.871999919414520264e-01
4.873799979686737061e-01
4.900999963283538818e-01
4.912399947643280029e-01
4.900000095367431641e-01
4.918400049209594727e-01
4.894599914550781250e-01
4.923999905586242676e-01
4.886600077152252197e-01
4.846400022506713867e-01
4.898000061511993408e-01
4.916200041770935059e-01
4.911200106143951416e-01
4.877600073814392090e-01
4.898400008678436279e-01
4.919799864292144775e-01
4.890199899673461914e-01
4.928799867630004883e-01
4.935399889945983887e-01
4.907799959182739258e-01
4.912999868392944336e-01
4.950999915599822998e-01
4.903599917888641357e-01
4.937599897384643555e-01
4.934200048446655273e-01
4.922600090503692627e-01
4.930000007152557373e-01
4.928799867630004883e-01
4.937599897384643555e-01
4.926800131797790527e-01
4.932399988174438477e-01
4.940600097179412842e-01
4.925599992275238037e-01
4.921599924564361572e-01
4.947600066661834717e-01
4.963000118732452393e-01
4.910399913787841797e-01
4.914000034332275391e-01
4.911200106143951416e-01
4.936200082302093506e-01
4.917399883270263672e-01
4.926399886608123779e-01
4.937799870967864990e-01
4.941799938678741455e-01
4.924800097942352295e-01
4.960199892520904541e-01
4.978199899196624756e-01
4.966599941253662109e-01
4.968200027942657471e-01
4.939799904823303223e-01
4.964999854564666748e-01
4.948599934577941895e-01
4.952000081539154053e-01
4.950799942016601562e-01
4.960399866104125977e-01
4.947200119495391846e-01
4.967600107192993164e-01
4.975599944591522217e-01
4.969399869441986084e-01
4.956800043582916260e-01
4.956800043582916260e-01
4.952600002288818359e-01
4.932999908924102783e-01
5.000600218772888184e-01
4.984399974346160889e-01
4.987600147724151611e-01
4.982399940490722656e-01
4.961799979209899902e-01
4.964399933815002441e-01
4.977000057697296143e-01
4.981200098991394043e-01
4.991399943828582764e-01
4.965800046920776367e-01
4.962800145149230957e-01
4.983600080013275146e-01
4.996800124645233154e-01
4.991199970245361328e-01
4.959599971771240234e-01
5.022000074386596680e-01
4.989599883556365967e-01
4.988200068473815918e-01
5.000399947166442871e-01
5.023400187492370605e-01
4.984599947929382324e-01
4.980799853801727295e-01
4.982999861240386963e-01
4.981800019741058350e-01
4.976400136947631836e-01
4.972000122070312500e-01
5.008400082588195801e-01
4.991599917411804199e-01
5.016199946403503418e-01
4.999400079250335693e-01
5.013999938964843750e-01
4.988200068473815918e-01
5.002400279045104980e-01
5.014600157737731934e-01
4.995999932289123535e-01
5.027400255203247070e-01
5.043799877166748047e-01
5.027599930763244629e-01
5.024200081825256348e-01
5.033000111579895020e-01
4.990800023078918457e-01
5.006999969482421875e-01
5.010200142860412598e-01
5.002599954605102539e-01
5.041000247001647949e-01
5.008999705314636230e-01
5.027999877929687500e-01
5.018799901008605957e-01
5.030000209808349609e-01
5.041199922561645508e-01
5.050399899482727051e-01
5.004600286483764648e-01
5.054600238800048828e-01
5.011000037193298340e-01
5.033400058746337891e-01
5.031999945640563965e-01
5.031800270080566406e-01
4.988400042057037354e-01
5.000399947166442871e-01
5.008400082588195801e-01
5.022600293159484863e-01
5.028600096702575684e-01
5.028799772262573242e-01
5.044800043106079102e-01
5.050200223922729492e-01
5.069800019264221191e-01
5.043200254440307617e-01
5.027599930763244629e-01
5.047399997711181641e-01
5.051599740982055664e-01
5.038800239562988281e-01
5.041599869728088379e-01
5.023000240325927734e-01
5.075600147247314453e-01
5.042799711227416992e-01
5.048800110816955566e-01
5.048000216484069824e-01
5.081999897956848145e-01
5.057799816131591797e-01
5.057600140571594238e-01
5.025200247764587402e-01
5.045999884605407715e-01
5.049800276756286621e-01
5.049200057983398438e-01
5.074599981307983398e-01
5.033000111579895020e-01
5.044199824333190918e-01
5.066400170326232910e-01
5.036799907684326172e-01
5.054200291633605957e-01
5.019199848175048828e-01
5.083000063896179199e-01
5.060200095176696777e-01
5.060999989509582520e-01
5.067999958992004395e-01
5.096200108528137207e-01
5.056800246238708496e-01
5.068600177764892578e-01
5.090600252151489258e-01
5.068799853324890137e-01
5.051000118255615234e-01
5.068200230598449707e-01
5.064200162887573242e-01
5.067600011825561523e-01
5.073599815368652344e-01
5.062199831008911133e-01
5.029399991035461426e-01
5.062199831008911133e-01
5.051599740982055664e-01
5.046399831771850586e-01
5.059199929237365723e-01
5.077800154685974121e-01
5.095800161361694336e-01
5.081800222396850586e-01
5.081800222396850586e-01
5.055599808692932129e-01
5.071799755096435547e-01
5.072000026702880859e-01
5.062999725341796875e-01
5.089200139045715332e-01
5.069400072097778320e-01
5.079399943351745605e-01
5.073800086975097656e-01
5.075600147247314453e-01
5.099599957466125488e-01
5.083000063896179199e-01
5.084000229835510254e-01
5.105999708175659180e-01
5.105000138282775879e-01
5.074999928474426270e-01
5.094599723815917969e-01
5.096200108528137207e-01
5.085800290107727051e-01
5.094400048255920410e-01
5.098999738693237305e-01
5.120000243186950684e-01
5.075799822807312012e-01
5.112599730491638184e-01
5.110599994659423828e-01
5.102999806404113770e-01
5.098400115966796875e-01
5.113599896430969238e-01
5.109199881553649902e-01
5.126399993896484375e-01
5.109999775886535645e-01
5.077599883079528809e-01
5.119799971580505371e-01
5.095000267028808594e-01
5.124999880790710449e-01
5.111600160598754883e-01
5.110800266265869141e-01
5.115000009536743164e-01
5.110599994659423828e-01
5.107600092887878418e-01
5.085999965667724609e-01
5.119000077247619629e-01
5.113400220870971680e-01
5.103600025177001953e-01
5.103399753570556641e-01
5.120599865913391113e-01
5.113599896430969238e-01
5.091199874877929688e-01
5.131599903106689453e-01
5.117400288581848145e-01
5.105999708175659180e-01
5.136799812316894531e-01
5.118799805641174316e-01
5.123000144958496094e-01
5.144400000572204590e-01
5.119799971580505371e-01
5.135800242424011230e-01
5.130199790000915527e-01
5.098000168800354004e-01
5.127999782562255859e-01
5.114200115203857422e-01
5.128999948501586914e-01
5.170000195503234863e-01
