3.140799999237060547e-01
3.444600105285644531e-01
3.568400144577026367e-01
3.630200028419494629e-01
3.701399862766265869e-01
3.781599998474121094e-01
3.857800066471099854e-01
3.875600099563598633e-01
3.977000117301940918e-01
3.989399969577789307e-01
4.050599932670593262e-01
4.054799973964691162e-01
4.159199893474578857e-01
4.181399941444396973e-01
4.255200028419494629e-01
4.265399873256683350e-01
4.295600056648254395e-01
4.345799982547760010e-01
4.378199875354766846e-01
4.406799972057342529e-01
4.427399933338165283e-01
4.466600120067596436e-01
4.498000144958496094e-01
4.502399861812591553e-01
4.550400078296661377e-01
4.589399993419647217e-01
4.586400091648101807e-01
4.606800079345703125e-01
4.628799855709075928e-01
4.644199907779693604e-01
4.665600061416625977e-01
4.674600064754486084e-01
4.702399969100952148e-01
4.683000147342681885e-01
4.739800095558166504e-01
4.742600023746490479e-01
4.725799858570098877e-01
4.749000072479248047e-01
4.787200093269348145e-01
4.819200038909912109e-01
4.801799952983856201e-01
4.814600050449371338e-01
4.839600026607513428e-01
4.876199960708618164e-01
4.859200119972229004e-01
4.911200106143951416e-01
4.907200038433074951e-01
4.881199896335601807e-01
4.905599951744079590e-01
4.929400086402893066e-01
4.961000084877014160e-01
4.911000132560729980e-01
5.002200007438659668e-01
4.997799992561340332e-01
4.915199875831604004e-01
5.009400248527526855e-01
5.005000233650207520e-01
5.024999976158142090e-01
5.032799839973449707e-01
5.023999810218811035e-01
5.008800029754638672e-01
5.059199929237365723e-01
5.061799883842468262e-01
5.053200125694274902e-01
5.071600079536437988e-01
5.074399709701538086e-01
5.074999928474426270e-01
5.080999732017517090e-01
5.095199942588806152e-01
5.126199722290039062e-01
5.093600153923034668e-01
5.139399766921997070e-01
5.142199993133544922e-01
5.144799947738647461e-01
5.153200030326843262e-01
5.150799751281738281e-01
5.158600211143493652e-01
5.175600051879882812e-01
5.149400234222412109e-01
5.206999778747558594e-01
5.208600163459777832e-01
5.217000246047973633e-01
5.222200155258178711e-01
5.186200141906738281e-01
5.184400081634521484e-01
5.243200063705444336e-01
5.247600078582763672e-01
5.233399868011474609e-01
5.225800275802612305e-01
5.264800190925598145e-01
5.283200144767761230e-01
5.238999724388122559e-01
5.269799828529357910e-01
5.283799767494201660e-01
5.304399728775024414e-01
5.293200016021728516e-01
5.325400233268737793e-01
5.295199751853942871e-01
5.355600118637084961e-01
5.303599834442138672e-01
5.355399847030639648e-01
5.323399901390075684e-01
5.329999923706054688e-01
5.310400128364562988e-01
5.355600118637084961e-01
5.335999727249145508e-01
5.321000218391418457e-01
5.373799800872802734e-01
5.405600070953369141e-01
5.390999913215637207e-01
5.369799733161926270e-01
5.400400161743164062e-01
5.405200123786926270e-01
5.412999987602233887e-01
5.405799746513366699e-01
5.381000041961669922e-01
5.444399714469909668e-01
5.441600084304809570e-01
5.428799986839294434e-01
5.432999730110168457e-01
5.449000000953674316e-01
5.453000068664550781e-01
5.455800294876098633e-01
5.469800233840942383e-01
5.490199923515319824e-01
5.475800037384033203e-01
5.437999963760375977e-01
5.491200089454650879e-01
5.489599704742431641e-01
5.498800277709960938e-01
5.496199727058410645e-01
5.477600097656250000e-01
5.484600067138671875e-01
5.505399703979492188e-01
5.510399937629699707e-01
5.523800253868103027e-01
5.531600117683410645e-01
5.534800291061401367e-01
5.527600049972534180e-01
5.525199770927429199e-01
5.520399808883666992e-01
5.546200275421142578e-01
5.509200096130371094e-01
5.550799965858459473e-01
5.547400116920471191e-01
5.587000250816345215e-01
5.560200214385986328e-01
5.580800175666809082e-01
5.574399828910827637e-01
5.561800003051757812e-01
5.572199821472167969e-01
5.616400241851806641e-01
5.597400069236755371e-01
5.565800070762634277e-01
5.574799776077270508e-01
5.606600046157836914e-01
5.606600046157836914e-01
5.616999864578247070e-01
5.643000006675720215e-01
5.639600157737731934e-01
5.621200203895568848e-01
5.639799833297729492e-01
5.618799924850463867e-01
5.632600188255310059e-01
5.642600059509277344e-01
5.654199719429016113e-01
5.597199797630310059e-01
5.636799931526184082e-01
5.655599832534790039e-01
5.637999773025512695e-01
5.693799853324890137e-01
5.642600059509277344e-01
5.669400095939636230e-01
5.684400200843811035e-01
5.671600103378295898e-01
5.683400034904479980e-01
5.710999965667724609e-01
5.656599998474121094e-01
5.667200088500976562e-01
5.696399807929992676e-01
5.723000168800354004e-01
5.727800130844116211e-01
5.722200274467468262e-01
5.683000087738037109e-01
5.743600130081176758e-01
5.714399814605712891e-01
5.767999887466430664e-01
5.727999806404113770e-01
5.741999745368957520e-01
5.700200200080871582e-01
5.732600092887878418e-01
5.729399919509887695e-01
5.752400159835815430e-01
5.727800130844116211e-01
5.751399993896484375e-01
5.738199949264526367e-01
5.794799923896789551e-01
5.772600173950195312e-01
5.763199925422668457e-01
5.771200060844421387e-01
5.769600272178649902e-01
5.809999704360961914e-01
5.785999894142150879e-01
5.788599848747253418e-01
5.797799825668334961e-01
5.783600211143493652e-01
5.793799757957458496e-01
5.831599831581115723e-01
5.808200240135192871e-01
5.796999931335449219e-01
5.804799795150756836e-01
5.795400142669677734e-01
5.792400240898132324e-01
5.828800201416015625e-01
5.839800238609313965e-01
5.835999846458435059e-01
5.831000208854675293e-01
5.828999876976013184e-01
5.858200192451477051e-01
5.807200074195861816e-01
5.823400020599365234e-01
5.825600028038024902e-01
5.841799974441528320e-01
5.851399898529052734e-01
5.858600139617919922e-01
5.860199928283691406e-01
5.910599827766418457e-01
5.863000154495239258e-01
5.874400138854980469e-01
5.845400094985961914e-01
5.878400206565856934e-01
5.870800018310546875e-01
5.884000062942504883e-01
5.871599912643432617e-01
5.883600115776062012e-01
5.897600054740905762e-01
5.887799859046936035e-01
5.903400182723999023e-01
5.876600146293640137e-01
5.883799791336059570e-01
5.904399752616882324e-01
5.893800258636474609e-01
5.907400250434875488e-01
5.925800204277038574e-01
5.895199775695800781e-01
5.914800167083740234e-01
5.933399796485900879e-01
5.925999879837036133e-01
5.947200059890747070e-01
5.921400189399719238e-01
5.941600203514099121e-01
5.928000211715698242e-01
5.901200175285339355e-01
5.957999825477600098e-01
5.957400202751159668e-01
5.919799804687500000e-01
5.989999771118164062e-01
5.981400012969970703e-01
5.940600037574768066e-01
5.967000126838684082e-01
5.952799916267395020e-01
6.002399921417236328e-01
5.950000286102294922e-01
5.983200073242187500e-01
5.972800254821777344e-01
5.965800285339355469e-01
5.948200225830078125e-01
6.005200147628784180e-01
5.967000126838684082e-01
5.973200201988220215e-01
6.003000140190124512e-01
5.980799794197082520e-01
6.000000238418579102e-01
5.997400283813476562e-01
5.982800126075744629e-01
6.003199815750122070e-01
6.017799973487854004e-01
6.003400087356567383e-01
6.014000177383422852e-01
6.016799807548522949e-01
5.988199710845947266e-01
6.018800139427185059e-01
5.981199741363525391e-01
6.022999882698059082e-01
6.032199859619140625e-01
6.014599800109863281e-01
6.027600169181823730e-01
6.034399867057800293e-01
6.013799905776977539e-01
6.059600114822387695e-01
6.058599948883056641e-01
6.032000184059143066e-01
6.024399995803833008e-01
6.074799895286560059e-01
6.051599979400634766e-01
6.080399751663208008e-01
6.054599881172180176e-01
6.079999804496765137e-01
6.064000129699707031e-01
6.086599826812744141e-01
6.077399849891662598e-01
6.036800146102905273e-01
6.070399880409240723e-01
6.077799797058105469e-01
6.070799827575683594e-01
6.048600077629089355e-01
6.048200130462646484e-01
6.067600250244140625e-01
6.083199977874755859e-01
6.056600213050842285e-01
6.075000166893005371e-01
6.084399819374084473e-01
6.092200279235839844e-01
6.117200255393981934e-01
6.111000180244445801e-01
6.128799915313720703e-01
6.098799705505371094e-01
6.140400171279907227e-01
6.094599962234497070e-01
6.116600036621093750e-01
6.120799779891967773e-01
6.115999817848205566e-01
6.098799705505371094e-01
6.083999872207641602e-01
6.107400059700012207e-01
6.134200096130371094e-01
6.159800291061401367e-01
6.124799847602844238e-01
6.126199960708618164e-01
6.126400232315063477e-01
6.103399991989135742e-01
6.115199923515319824e-01
6.104800105094909668e-01
6.120799779891967773e-01
6.136199831962585449e-01
6.147599816322326660e-01
6.159800291061401367e-01
6.140599846839904785e-01
6.174200177192687988e-01
6.153399944305419922e-01
6.167799830436706543e-01
6.146000027656555176e-01
6.165800094604492188e-01
6.169800162315368652e-01
6.164399981498718262e-01
6.161999702453613281e-01
6.197599768638610840e-01
6.158000230789184570e-01
6.161800026893615723e-01
6.164600253105163574e-01
6.180800199508666992e-01
6.201400160789489746e-01
6.174399852752685547e-01
6.161199808120727539e-01
6.157600283622741699e-01
6.169999837875366211e-01
6.179800033569335938e-01
6.218000054359436035e-01
6.200600266456604004e-01
6.212599873542785645e-01
6.190599799156188965e-01
6.185200214385986328e-01
6.202999949455261230e-01
6.194000244140625000e-01
6.186599731445312500e-01
6.194000244140625000e-01
6.201800107955932617e-01
6.197199821472167969e-01
6.226999759674072266e-01
6.222000122070312500e-01
6.195600032806396484e-01
6.212199926376342773e-01
6.226599812507629395e-01
6.263599991798400879e-01
6.201199889183044434e-01
6.231999993324279785e-01
6.249399781227111816e-01
6.235200166702270508e-01
6.234400272369384766e-01
6.228799819946289062e-01
6.238600015640258789e-01
6.233599781990051270e-01
6.242399811744689941e-01
6.269999742507934570e-01
6.244800090789794922e-01
6.230999827384948730e-01
6.215800046920776367e-01
6.269800066947937012e-01
6.230599880218505859e-01
6.247199773788452148e-01
6.227999925613403320e-01
6.270999908447265625e-01
6.272600293159484863e-01
6.282200217247009277e-01
6.253600120544433594e-01
6.310600042343139648e-01
6.280800104141235352e-01
6.295400261878967285e-01
6.292399764060974121e-01
6.266599893569946289e-01
6.259599924087524414e-01
6.259199976921081543e-01
6.284999847412109375e-01
6.292600035667419434e-01
6.301800012588500977e-01
6.291800141334533691e-01
6.284400224685668945e-01
6.270400285720825195e-01
6.284000277519226074e-01
6.297799944877624512e-01
6.269400119781494141e-01
6.275600194931030273e-01
6.323400139808654785e-01
6.352999806404113770e-01
6.340600252151489258e-01
6.319199800491333008e-01
6.320400238037109375e-01
6.326799988746643066e-01
6.287199854850769043e-01
6.359400153160095215e-01
6.307200193405151367e-01
6.316999793052673340e-01
6.294400095939636230e-01
6.311200261116027832e-01
6.291599869728088379e-01
6.321600079536437988e-01
6.306399703025817871e-01
6.324800252914428711e-01
6.323400139808654785e-01
6.297199726104736328e-01
6.331999897956848145e-01
6.332600116729736328e-01
6.339799761772155762e-01
6.339200139045715332e-01
6.345000267028808594e-01
6.319599747657775879e-01
6.345999836921691895e-01
6.339399814605712891e-01
6.347000002861022949e-01
6.332600116729736328e-01
6.330599784851074219e-01
6.362400054931640625e-01
6.319599747657775879e-01
6.348400115966796875e-01
6.362000107765197754e-01
6.357799768447875977e-01
6.388199925422668457e-01
6.363400220870971680e-01
6.322199702262878418e-01
6.380800008773803711e-01
6.403200030326843262e-01
6.388000249862670898e-01
6.366800069808959961e-01
6.385599970817565918e-01
6.399800181388854980e-01
6.379200220108032227e-01
6.395000219345092773e-01
6.380599737167358398e-01
6.378399729728698730e-01
6.341400146484375000e-01
6.407399773597717285e-01
6.400600075721740723e-01
6.393600106239318848e-01
6.359800100326538086e-01
6.389399766921997070e-01
6.406400203704833984e-01
6.400399804115295410e-01
6.395800113677978516e-01
6.411399841308593750e-01
6.367800235748291016e-01
6.366599798202514648e-01
6.389399766921997070e-01
6.406999826431274414e-01
6.412600278854370117e-01
6.403999924659729004e-01
6.437199711799621582e-01
6.397200226783752441e-01
6.409599781036376953e-01
6.417800188064575195e-01
6.402400135993957520e-01
6.396999955177307129e-01
6.401600241661071777e-01
6.412000060081481934e-01
6.439399719238281250e-01
6.409999728202819824e-01
6.383600234985351562e-01
6.392599940299987793e-01
6.450200080871582031e-01
6.392199993133544922e-01
6.461399793624877930e-01
6.418799757957458496e-01
6.434800028800964355e-01
6.413800120353698730e-01
6.434599757194519043e-01
6.445000171661376953e-01
6.438999772071838379e-01
6.408799886703491211e-01
6.402199864387512207e-01
6.437000036239624023e-01
6.441599726676940918e-01
