2.149911860466003244e+00
2.047783947229385504e+00
2.024079418182373136e+00
2.000892112970352077e+00
1.996506102323532206e+00
1.978426069259643594e+00
1.966743329286575248e+00
1.954728481292724585e+00
1.945731138467788668e+00
1.936649550199508685e+00
1.932782841682433972e+00
1.924050366640090992e+00
1.922248562812805206e+00
1.902256743907928538e+00
1.901273208856582686e+00
1.903215209245681772e+00
1.898187478780746451e+00
1.895475369215011696e+00
1.887419508218765252e+00
1.881638232707977254e+00
1.882050370693206798e+00
1.871096619606018141e+00
1.864239009618759102e+00
1.854766231298446755e+00
1.855574890851974468e+00
1.851652990579605085e+00
1.841869179487228392e+00
1.850622475385665933e+00
1.847358534574508715e+00
1.839377640008926340e+00
1.831386243343353204e+00
1.834372442007064841e+00
1.830595988273620689e+00
1.820927454471588103e+00
1.808914713382721029e+00
1.820747039556503299e+00
1.816699107646942091e+00
1.798945588827133069e+00
1.807780361652374213e+00
1.802598218679428044e+00
1.814944589853286772e+00
1.808332511663436781e+00
1.799348344802856436e+00
1.791122913360595703e+00
1.792054462194442754e+00
1.790664048910141082e+00
1.789072839498519807e+00
1.795889382362365616e+00
1.809509852170944288e+00
1.785405693769454905e+00
1.784266941070556722e+00
1.786643087148666487e+00
1.782293244123458908e+00
1.784155512094497631e+00
1.787200465440750063e+00
1.791453727006912189e+00
1.780814445018768399e+00
1.782373471736907966e+00
1.790466608762740996e+00
1.784115646600723304e+00
1.792808245658874533e+00
1.781742189884185867e+00
1.774833682060241724e+00
1.795954264163970970e+00
1.781758835792541573e+00
1.785213713407516556e+00
1.774374477624893087e+00
1.777195450782775854e+00
1.795132908821105877e+00
1.780057818889617893e+00
1.773380145788192808e+00
1.773289942026138322e+00
1.787964164733886641e+00
1.793313198328018165e+00
1.782898213624954264e+00
1.797973059892654435e+00
1.792730331420898438e+00
1.785900754690170178e+00
1.789474216938018891e+00
1.796722878217697161e+00
1.786990499973297064e+00
1.791593505382537810e+00
1.783359600305557180e+00
1.787224331378936659e+00
1.790781356811523395e+00
1.802992073774337678e+00
1.800576422691345213e+00
1.796805356264114417e+00
1.809389888286590642e+00
1.797013630628585767e+00
1.802274946689605750e+00
1.806417596101760781e+00
1.793589078426361061e+00
1.809749490737915023e+00
1.808921284437179589e+00
1.816715243339538599e+00
1.803717558860778780e+00
1.811092050790786834e+00
1.805786870956420875e+00
1.811259231805801395e+00
1.812723189353942832e+00
1.838612750053405742e+00
1.811891680955886930e+00
1.815405015945434464e+00
1.812704681396484441e+00
1.817009811878204317e+00
1.822659675121307332e+00
1.826236706733703530e+00
1.832018512010574307e+00
1.853889739751815702e+00
1.842103583335876538e+00
1.850306406021118066e+00
1.848240060091018711e+00
1.834732669591903731e+00
1.851326389551162688e+00
1.837409214258193924e+00
1.850894091367721650e+00
1.861271714448928805e+00
1.853076181888580365e+00
1.866006078243255706e+00
1.877438738822936992e+00
1.862079826593399101e+00
1.879276202917099070e+00
1.878870763301849323e+00
1.862029265880584816e+00
1.881752798080444267e+00
1.870021821022033626e+00
1.877029472351074313e+00
1.881042450666427612e+00
1.905544022321701059e+00
1.894563132286071871e+00
1.883552684545517053e+00
1.885126804590225191e+00
1.917828744411468556e+00
1.880423768520355310e+00
1.918101130008697419e+00
1.896641535520553479e+00
1.914133995294570845e+00
1.911848926544189364e+00
1.913037150382995710e+00
1.930298704862594583e+00
1.936153106451034445e+00
1.923398422479629444e+00
1.930750674009323209e+00
1.938541675806045639e+00
1.950499236345291099e+00
1.938689857482910117e+00
1.949709442853927666e+00
1.948678719758987432e+00
1.958044197797775166e+00
1.959845767498016311e+00
1.960488435745239233e+00
1.955545437335967973e+00
1.967724400043487476e+00
1.975190267324447690e+00
1.967958563566207797e+00
1.984415858030319280e+00
1.990478288173675558e+00
2.002103022098541185e+00
2.004476295471191438e+00
2.007143954753875636e+00
2.016091641187667705e+00
2.004380170345306578e+00
2.027832645416259627e+00
2.028805223226547216e+00
2.017573894262314038e+00
2.039651050090789841e+00
2.030250861406326379e+00
2.037140589714050432e+00
2.044419773340225177e+00
2.018699797391891426e+00
2.042040925025939924e+00
2.049727042198181248e+00
2.069746129035949789e+00
2.094465115070343053e+00
2.081705673456192063e+00
2.071783103942871129e+00
2.083491714954376128e+00
2.097720898628234742e+00
2.098688173294067205e+00
2.075167401552200364e+00
2.094068321704864566e+00
2.113650382041931231e+00
2.119967453479767006e+00
2.131876248598098655e+00
2.111221392869949476e+00
2.130241778135299580e+00
2.144690726280212623e+00
2.136263148546218904e+00
2.129074802875518646e+00
2.168857631921768281e+00
2.151059098720550455e+00
2.158709224939346250e+00
2.137723886489867997e+00
2.155855956315994248e+00
2.160490033864975068e+00
2.178817213058471758e+00
2.219871054887771589e+00
2.153704212903976511e+00
2.182025044202804409e+00
2.191792418479919569e+00
2.211093989372253432e+00
2.209415200233459498e+00
2.206657726526260355e+00
2.255460169792175229e+00
2.216776770830154231e+00
2.236767534255981627e+00
2.248042609930038349e+00
2.207805641412734943e+00
2.216008732080459787e+00
2.224947518348693976e+00
2.247046183347702009e+00
2.246749804735183709e+00
2.234215926885604997e+00
2.236523677110672015e+00
2.272080052614211976e+00
2.278361804723739503e+00
2.277244550704955905e+00
2.265133160352706732e+00
2.277255391359329195e+00
2.285698074817657410e+00
2.312995853662490831e+00
2.301168171882629565e+00
2.310476260423660388e+00
2.301866591453552324e+00
2.333877130985260173e+00
2.304230710029602225e+00
2.314346636056900053e+00
2.315278667449951033e+00
2.325526817798614587e+00
2.319184302806854170e+00
2.334666568994522073e+00
2.344616025924682656e+00
2.351880862236022995e+00
2.375286539316177503e+00
2.352697890281677306e+00
2.366683529615402293e+00
2.327624789476394618e+00
2.366217997312545673e+00
2.353856610059738230e+00
2.348854459762573121e+00
2.355411801815033179e+00
2.386455160856246760e+00
2.355351330280303745e+00
2.390160328149795621e+00
2.369776684284210067e+00
2.423280774831771733e+00
2.384425420284271180e+00
2.391862875699997115e+00
2.400277001142501643e+00
2.373522805213928333e+00
2.405579430103302219e+00
2.403095726966857804e+00
2.404147111177444618e+00
2.421363282203674139e+00
2.432688737869262763e+00
2.399668714046478080e+00
2.429874189853668209e+00
2.413580635547638131e+00
2.428193307399749923e+00
2.393438064813613764e+00
2.434690363407134850e+00
2.436049044609069902e+00
2.441590296030044627e+00
2.456433945894241244e+00
2.459914811134338297e+00
2.435369989871978724e+00
2.443188680171966443e+00
2.470131785154342730e+00
2.465344008684158261e+00
2.444220692634582637e+00
2.470001503944396770e+00
2.444766826152801720e+00
2.468496560811996421e+00
2.469743813991546411e+00
2.486947128772735383e+00
2.473782306194305392e+00
2.478487333059311126e+00
2.494112875699996845e+00
2.441773547649383591e+00
2.462608143329620525e+00
2.466665236234665048e+00
2.475529105424881138e+00
2.490444164752960265e+00
2.490524743795394791e+00
2.529163726568222081e+00
2.504214983224868796e+00
2.495251117229461801e+00
2.518149581909179702e+00
2.481404347896575935e+00
2.513429643630981314e+00
2.500634318828582892e+00
2.532992912769317595e+00
2.501787824153899997e+00
2.527233269691467221e+00
2.513433036804199272e+00
2.492533775568008370e+00
2.492637964487075752e+00
2.482190362930297933e+00
2.493572182655334313e+00
2.516640383720397889e+00
2.514433134794235247e+00
2.540129145145416434e+00
2.540857835531234787e+00
2.543152641773223976e+00
2.563034505128860552e+00
2.514703657388686953e+00
2.532906548738479646e+00
2.543721806049346945e+00
2.543379553318023678e+00
2.516465478897094599e+00
2.554887383460998418e+00
2.526992985963821603e+00
2.562015772104263345e+00
2.546738494157791077e+00
2.552436036586761325e+00
2.534924860715865869e+00
2.571692723989486673e+00
2.553274026393890228e+00
2.526860342741012566e+00
2.573973068475723380e+00
2.540435555219650254e+00
2.577134222030639688e+00
2.559422651767730539e+00
2.592643274068832326e+00
2.547833337545394983e+00
2.553665739297866999e+00
2.531846524715423374e+00
2.547570752859115384e+00
2.580061008930206512e+00
2.545191698312759598e+00
2.549924896717071565e+00
2.531836696386337238e+00
2.541743086099624627e+00
2.542668958902359222e+00
2.580920489072799473e+00
2.577335585832595921e+00
2.592958996057510568e+00
2.589164448499679416e+00
2.567319642782211364e+00
2.592652683496475152e+00
2.631385261058807323e+00
2.592677834510803248e+00
2.567960621356963902e+00
2.585855603694915850e+00
2.576661338329315321e+00
2.547505391120910456e+00
2.558121295452117749e+00
2.569937200546264844e+00
2.626055101633071764e+00
2.586478139877319116e+00
2.573708223581314236e+00
2.593717490434646500e+00
2.620635063886642246e+00
2.627340131521224809e+00
2.567902275323867833e+00
2.583419412612915078e+00
2.567479058980941975e+00
2.602320276975631508e+00
2.591724311113357437e+00
2.611301728248596188e+00
2.619506812095642179e+00
2.590319297552108768e+00
2.596152953386306805e+00
2.611352935314178669e+00
2.645253225088119553e+00
2.613625047922134570e+00
2.601247329711914080e+00
2.629523027181625228e+00
2.578308668851852392e+00
2.638890843868255676e+00
2.619954414844512858e+00
2.615988732814788609e+00
2.650277036190032742e+00
2.650718980312347206e+00
2.628103798866272101e+00
2.612145522356033478e+00
2.638008656978607203e+00
2.616721051216125637e+00
2.576863141059875684e+00
2.604111995220184106e+00
2.629512684345245432e+00
2.628467417716979782e+00
2.617222413063049480e+00
2.652128526210784987e+00
2.611768979549407899e+00
2.619257520198821965e+00
2.641519423246383447e+00
2.630782178878784183e+00
2.623838832855224457e+00
2.619236821174621532e+00
2.609598981618881375e+00
2.642080419301986893e+00
2.613167791366576953e+00
2.641826023817062552e+00
2.622069830656051703e+00
2.620569193840026845e+00
2.636029220104217696e+00
2.631781731367111021e+00
2.696779020786285397e+00
2.646950473546981986e+00
2.698739441871643052e+00
2.668718555927276803e+00
2.668062135457992756e+00
2.656999614238738872e+00
2.646566228389739983e+00
2.659826567173004364e+00
2.656016778469085793e+00
2.681187922239303578e+00
2.658701136827468670e+00
2.661749644994735764e+00
2.612404391288757122e+00
2.611801953315735059e+00
2.661709017753600914e+00
2.670853335857391375e+00
2.630904869556426995e+00
2.620658378124236965e+00
2.641273037195205564e+00
2.645730821132660004e+00
2.657271497011184813e+00
2.654085130929946690e+00
2.611829470634460471e+00
2.630022376298904341e+00
2.688314965486526376e+00
2.657828900575637920e+00
2.664835178375243974e+00
2.654404166460037295e+00
2.665518967151641938e+00
2.687459121465682887e+00
2.642756384134292702e+00
2.691028061628341739e+00
2.698808743000030486e+00
2.706783883333206298e+00
2.645396519422531068e+00
2.679795707464218246e+00
2.670581059217453035e+00
2.700923152923583981e+00
2.672073414802551117e+00
2.699883929014205819e+00
2.661924726486206261e+00
2.689998143434524369e+00
2.709322662830352613e+00
2.687859383821487480e+00
2.714409411430358965e+00
2.683382384061813397e+00
2.707131229639053505e+00
2.681788801908493003e+00
2.680374940633774017e+00
2.682233930826187329e+00
2.697396421909332265e+00
2.683553681373596067e+00
2.693820436954498465e+00
2.706250016689300431e+00
2.687789592266082828e+00
2.657551030397415026e+00
2.665115636587143122e+00
2.660398281574249069e+00
2.678056645870208641e+00
2.692122523307800108e+00
2.704828367948532097e+00
2.681205296516418368e+00
2.664648176193237461e+00
2.703297092676162805e+00
2.692220361948013174e+00
2.681518238306045632e+00
2.700858832836150913e+00
2.699893665552139499e+00
2.745078030824661397e+00
2.726919267416000547e+00
2.714573103427886824e+00
2.719125550985336481e+00
2.691615184068679945e+00
2.658030892133712797e+00
2.683657876014709398e+00
2.694823655605316226e+00
2.707887494802474926e+00
2.729184142112731859e+00
2.711908440351486149e+00
2.710910320520401040e+00
2.674023905754089547e+00
2.685259859323501530e+00
2.687605670928955082e+00
2.707458130121231044e+00
2.711411362171173067e+00
2.675829350948333740e+00
2.697485402107238972e+00
2.747716817140579249e+00
2.714771016359329270e+00
2.682875377178192355e+00
2.685935072183609051e+00
2.773769682407379200e+00
2.733895996093750114e+00
2.709904650211334420e+00
2.748360550880432296e+00
2.741775854825973635e+00
2.725901948690414578e+00
2.713260088682174498e+00
2.699839545249938855e+00
2.717968909502029629e+00
2.739801442623138517e+00
