1.952113347530364917e+00
1.878079824686050392e+00
1.840448245286941509e+00
1.821469246625900373e+00
1.799424596309661784e+00
1.777656654596328822e+00
1.757602115869522086e+00
1.746224257230758692e+00
1.719550541400909349e+00
1.710209500551223671e+00
1.693107978343963538e+00
1.681426419496536262e+00
1.663808935165405289e+00
1.652296758651733422e+00
1.631966803073882977e+00
1.626339822769165000e+00
1.617950100660324075e+00
1.600023283004760710e+00
1.596092819213867253e+00
1.586159970760345539e+00
1.577393209218978853e+00
1.568511951684951722e+00
1.553036262750625562e+00
1.556089185953140275e+00
1.543847310066223111e+00
1.541492592334747336e+00
1.533037901163101235e+00
1.525889299154281620e+00
1.519824901819229135e+00
1.514941884994506882e+00
1.509275653600692824e+00
1.510876978874206467e+00
1.504589802503585760e+00
1.503146413326263531e+00
1.492198927402496267e+00
1.489783982515335170e+00
1.492080470085143995e+00
1.484555927038192724e+00
1.476265969038009551e+00
1.474673548221588026e+00
1.470827499389648407e+00
1.469111386060714786e+00
1.461914913177490227e+00
1.461296807527542096e+00
1.454797857522964533e+00
1.450453568220138489e+00
1.450332724332809464e+00
1.447372424602508589e+00
1.446704694747924735e+00
1.441243856906890830e+00
1.435940930843353280e+00
1.437940280675888083e+00
1.423398118495941223e+00
1.427932662248611484e+00
1.437260534763336262e+00
1.419856325387954810e+00
1.418708246469497780e+00
1.418824972629547210e+00
1.414603065729141296e+00
1.414030308485031195e+00
1.415194881200790400e+00
1.407615067124366792e+00
1.406286762475967400e+00
1.411996227741241450e+00
1.403100752711295973e+00
1.393912255287170332e+00
1.400044647336006198e+00
1.394932985544204751e+00
1.393475047945976319e+00
1.386798545598983745e+00
1.394618658542633005e+00
1.385191643714904774e+00
1.386957458376884444e+00
1.383655286788940453e+00
1.382373035073280354e+00
1.379293354749679512e+00
1.378500998735427752e+00
1.376979701995849625e+00
1.378363129615783667e+00
1.367772774696350169e+00
1.364390573740005497e+00
1.358900696277618447e+00
1.364443216800689695e+00
1.364830562591552665e+00
1.365766328811645502e+00
1.350283670663833702e+00
1.357393835783004654e+00
1.351994300246238678e+00
1.362753679752349845e+00
1.349513203859329158e+00
1.345549996376037560e+00
1.352445260286331274e+00
1.348692482233047496e+00
1.347451764106750494e+00
1.343175743818282974e+00
1.342237670302391050e+00
1.333004369616508589e+00
1.339926478147506650e+00
1.326028964161872770e+00
1.330337817311286974e+00
1.335076900482177642e+00
1.330353406786918713e+00
1.329869680762290951e+00
1.329686178684234665e+00
1.325450799345970099e+00
1.328158971309661762e+00
1.328177568316459611e+00
1.320539173245429909e+00
1.311487127423286436e+00
1.315276016592979325e+00
1.326468897581100537e+00
1.312547593593597517e+00
1.314234858393669159e+00
1.305071038722992016e+00
1.309751464843750046e+00
1.315963511347770787e+00
1.302956190943717951e+00
1.306678909420967205e+00
1.304064669132232623e+00
1.301035439610481292e+00
1.296432854890823272e+00
1.302485096693039024e+00
1.296773863315582309e+00
1.294777382373809793e+00
1.291840916991233934e+00
1.291856805443763800e+00
1.292778663277626139e+00
1.288834902048110909e+00
1.290208966135978796e+00
1.290925510287284750e+00
1.291757241964340164e+00
1.288376971721649111e+00
1.290535450696945086e+00
1.282986086249351398e+00
1.283693297863006677e+00
1.279852964758873002e+00
1.283966011524200423e+00
1.272814715743064928e+00
1.276814723014831454e+00
1.281916579246521026e+00
1.276153048515319854e+00
1.274531283140182492e+00
1.276701134085655109e+00
1.275578355669975350e+00
1.273049337506294343e+00
1.261879616856574904e+00
1.268902979493141236e+00
1.257753314971923775e+00
1.267631754875183203e+00
1.262226133584976262e+00
1.267981721401214568e+00
1.258245189428329525e+00
1.257755190730095007e+00
1.264560297846794024e+00
1.262901434421539237e+00
1.255883551716804547e+00
1.258655160546302776e+00
1.256125531315803512e+00
1.252891351222992000e+00
1.253137536406516928e+00
1.251787003397941689e+00
1.249760932683944725e+00
1.251982258319854768e+00
1.254885388493537812e+00
1.249238563060760532e+00
1.244891834378242468e+00
1.249797100067138622e+00
1.247370391726493777e+00
1.242039396286010788e+00
1.246296557068824695e+00
1.235886856436729353e+00
1.241089457392692497e+00
1.237873006343841453e+00
1.234768610954284584e+00
1.239458289742469743e+00
1.238257485747337405e+00
1.229225058078765809e+00
1.237555985331535435e+00
1.233568652868270776e+00
1.229914112329483000e+00
1.230590234756469670e+00
1.228539194464683515e+00
1.226304418087005521e+00
1.225645844221115111e+00
1.224844227313995448e+00
1.224862806916236835e+00
1.219966165304184003e+00
1.222213655114173791e+00
1.220815904974937416e+00
1.228762342810630903e+00
1.219204094409942707e+00
1.219983428955078164e+00
1.215654185771942064e+00
1.223545979261398298e+00
1.214545661449432323e+00
1.217474003195762711e+00
1.210611119270324609e+00
1.210542957901954653e+00
1.210840182423591704e+00
1.210063567280769359e+00
1.211413937330245938e+00
1.207599782466888483e+00
1.207574559807777392e+00
1.208026858568191475e+00
1.205547122240066438e+00
1.204058861732482999e+00
1.204120756506919854e+00
1.198755584836006083e+00
1.195713467240333561e+00
1.199910537123680010e+00
1.205527398109436099e+00
1.206330028057098325e+00
1.202752373576164269e+00
1.193845002770423935e+00
1.197855684280395572e+00
1.193636484742164550e+00
1.199290023088455115e+00
1.192979216217994631e+00
1.190501031994819714e+00
1.196398451089859094e+00
1.197122623443603429e+00
1.190972100377082787e+00
1.190249642491340687e+00
1.188296020388603269e+00
1.186094908595085151e+00
1.190659246802330040e+00
1.177525577902793774e+00
1.184075141787529040e+00
1.183204952120781028e+00
1.186177784800529489e+00
1.179684083819389384e+00
1.182339058279991084e+00
1.180348726630210843e+00
1.185823185324668794e+00
1.184272884249687241e+00
1.178752301096916089e+00
1.178631618499755840e+00
1.171749191880226082e+00
1.181471123099327114e+00
1.176623145222663869e+00
1.171876897096634007e+00
1.176629987478256201e+00
1.180074927330017065e+00
1.172366171360015974e+00
1.170200544714927737e+00
1.170773461222648582e+00
1.171958956599235435e+00
1.173640188574790910e+00
1.163423511862754722e+00
1.174618791818618835e+00
1.165975476264953681e+00
1.160923426985740692e+00
1.174429129481315615e+00
1.163434247016906786e+00
1.160340166926383976e+00
1.168241199016571086e+00
1.161368249416351306e+00
1.160209794521331883e+00
1.159840248465538126e+00
1.158311745882034227e+00
1.163720636248588569e+00
1.156630952835083104e+00
1.160094633102416894e+00
1.157005974769592216e+00
1.157503843188285808e+00
1.155385665297508302e+00
1.156882170796394327e+00
1.153122367262840342e+00
1.157131695985794018e+00
1.158248404145240773e+00
1.152120283126831124e+00
1.149588906526565646e+00
1.146281108021736106e+00
1.150070491909980674e+00
1.152677622199058449e+00
1.150959483861923260e+00
1.148193472027778661e+00
1.154033198595046938e+00
1.145674800872802823e+00
1.144492244243621837e+00
1.146963302493095416e+00
1.141776941537857137e+00
1.149838115453720055e+00
1.139301441907882628e+00
1.142090826034545925e+00
1.138835455775260908e+00
1.136990924596786412e+00
1.140843538999557483e+00
1.146155284285545362e+00
1.133218148827552785e+00
1.133762094616890037e+00
1.138416913986206147e+00
1.136989560008049072e+00
1.137543626427650389e+00
1.132929819941520755e+00
1.128235079765319782e+00
1.129988255739212022e+00
1.125434951901435943e+00
1.130695732116699270e+00
1.126653468012809745e+00
1.129330579519271849e+00
1.129654629349708506e+00
1.125146999955177307e+00
1.124622618675231944e+00
1.130273135423660369e+00
1.131363249659538273e+00
1.131358500838279824e+00
1.127334491491317703e+00
1.124855290412902775e+00
1.133515381932258537e+00
1.127113460063934314e+00
1.124756231546401919e+00
1.126283898830413799e+00
1.119472062468528817e+00
1.117932685852050856e+00
1.114245879769325320e+00
1.118242714881896971e+00
1.115665972113609294e+00
1.118065297365188560e+00
1.122035571813583266e+00
1.116218839168548582e+00
1.121162851929664583e+00
1.125893079519271867e+00
1.117347521662712007e+00
1.112303792834281824e+00
1.117838556647300807e+00
1.107456062674522457e+00
1.110975878238678050e+00
1.114397897720336816e+00
1.111479152917862034e+00
1.122680904626846221e+00
1.110484892725944528e+00
1.108300074338912866e+00
1.112117508649826059e+00
1.111541540980339082e+00
1.106833059310913026e+00
1.108690446496009896e+00
1.109045443892478833e+00
1.105332081079483109e+00
1.111428951501846285e+00
1.102403447031974792e+00
1.105730102300643836e+00
1.104802745223045335e+00
1.102340125918388258e+00
1.099906512618064935e+00
1.098840455174446173e+00
1.093030450582504365e+00
1.103660114169120687e+00
1.103592302680015624e+00
1.106092446088790870e+00
1.097002465724945086e+00
1.093972414970397988e+00
1.093681407451629672e+00
1.099919905066490067e+00
1.107989289760589635e+00
1.097498795747756883e+00
1.095712788701057372e+00
1.091692037582397523e+00
1.094480327725410485e+00
1.096175828814506481e+00
1.100185788393020614e+00
1.096467171669006424e+00
1.088691430568694996e+00
1.095186930894851640e+00
1.093145813703537028e+00
1.094064307808876091e+00
1.092997485756874054e+00
1.094448201298713785e+00
1.084109004616737426e+00
1.090142064452171322e+00
1.092515011787414503e+00
1.089355048656463598e+00
1.093487066268920893e+00
1.079570128083229053e+00
1.088557497262954810e+00
1.079761162757873594e+00
1.083365292310714656e+00
1.084724850773811422e+00
1.085746183276176557e+00
1.086078428268432594e+00
1.078498867034912045e+00
1.079370309829711827e+00
1.082517802357673586e+00
1.071308135032653874e+00
1.084290763020515413e+00
1.079813867092132673e+00
1.083824197411537238e+00
1.076673642277717668e+00
1.082332140088081429e+00
1.074246408581733814e+00
1.086662645816802941e+00
1.077683279633522062e+00
1.074110782027244637e+00
1.071310493826866050e+00
1.078660442829131982e+00
1.069424784541129991e+00
1.073627144813537493e+00
1.067998047351837121e+00
1.068053355574607899e+00
1.069189429044723472e+00
1.072802254080772455e+00
1.071281101465225261e+00
1.072989003062248203e+00
1.071194426774978670e+00
1.066952114582061739e+00
1.067277622342109655e+00
1.065425338625907825e+00
1.077158055543899540e+00
1.064373293042182977e+00
1.063418770790100165e+00
1.074734945654869156e+00
1.069962421655654916e+00
1.058023445725440936e+00
1.064734210729598951e+00
1.059477446436881909e+00
1.064083313703537037e+00
1.059760518789291339e+00
1.064394644260406420e+00
1.063915993452072106e+00
1.054927320122718726e+00
1.060434149980544971e+00
1.062303192019462550e+00
1.063121538996696369e+00
1.061153025746345513e+00
1.066788404464721784e+00
1.057882353544235210e+00
1.065199300885200540e+00
1.057851194262504624e+00
1.058419729113578844e+00
1.062395826578140356e+00
1.059083235979080273e+00
1.061598571658134427e+00
1.057095405340194638e+00
1.058591848254203827e+00
1.055793599009513750e+00
1.060100371956825160e+00
1.055327320933342028e+00
1.055022092461586070e+00
1.051152455449104295e+00
1.052119140267372188e+00
1.058336093902587871e+00
1.047015685319900413e+00
1.052237838387489299e+00
1.051802772521972740e+00
1.052161139845848137e+00
1.049092014312744237e+00
1.050267109155654799e+00
1.047062139987945617e+00
1.048722042441368130e+00
1.042276242613792370e+00
1.044936772227287314e+00
1.043605023145675714e+00
1.050221599340438905e+00
1.040230882167816118e+00
1.045132987380027689e+00
1.046532762169837927e+00
1.039907508850097750e+00
1.045614619970321568e+00
1.050046286344528124e+00
1.051287515521049487e+00
1.038699424147605965e+00
1.040536192297935481e+00
1.042169464230537468e+00
1.044050063729286215e+00
1.041585973978042645e+00
1.033245205044746484e+00
1.042061492562293967e+00
1.036932108998298574e+00
1.037418189883232200e+00
1.047074604868888814e+00
1.040250480890273943e+00
1.041304013967514042e+00
1.037797381997108470e+00
1.036572347521781845e+00
1.039046595454216071e+00
1.028354514360427796e+00
1.036204411029815642e+00
1.033077784895896967e+00
1.034933179497718791e+00
1.031170275092124999e+00
1.036559394001960843e+00
1.036309189200401271e+00
1.037514088392257783e+00
1.029024304032325698e+00
1.038064618825912389e+00
1.036419390320777900e+00
1.036748357534408527e+00
1.027494221806526165e+00
1.036407068490982075e+00
1.027794170141220098e+00
1.034259180784225407e+00
1.029643994927406325e+00
1.027310902357101430e+00
1.027953245639801061e+00
1.026722628355026146e+00
1.032456230640411476e+00
1.031455186128616308e+00
1.040192538261413668e+00
1.024537916183471786e+00
1.027658164739608804e+00
