2.301980790138244526e+00
2.295362720966338976e+00
2.253635350227356060e+00
2.102950956106186098e+00
2.033158682584762733e+00
1.986453607320785464e+00
1.955176269769668629e+00
1.924788370132446191e+00
1.900832372665405279e+00
1.883329216957092322e+00
1.866669387817382786e+00
1.857094962835311946e+00
1.847902330160140938e+00
1.834126199007034330e+00
1.825602570056915175e+00
1.822013746500015241e+00
1.811342582225799580e+00
1.804021255016326819e+00
1.798444853782653841e+00
1.792336832523345969e+00
1.785269896507263088e+00
1.779893330574035648e+00
1.773635545492172172e+00
1.768316452980041475e+00
1.764545934438705554e+00
1.758216691493988071e+00
1.749377060651779114e+00
1.742216273307800378e+00
1.739678146839141792e+00
1.737721718311309838e+00
1.730031213521957323e+00
1.727388538837432819e+00
1.721084761619567916e+00
1.713370439052581684e+00
1.713032540082931598e+00
1.706427477359771627e+00
1.699827790498733560e+00
1.701727725744247355e+00
1.692747893095016387e+00
1.689595629692077550e+00
1.684572118043899502e+00
1.682584006309509217e+00
1.681840828418731615e+00
1.673851772069931076e+00
1.671332338571548393e+00
1.669567633628845194e+00
1.664576889514923108e+00
1.660511907577514545e+00
1.660510799407959093e+00
1.649947030305862317e+00
1.650898100376129163e+00
1.648703986406326205e+00
1.643926039457321187e+00
1.644084986209869426e+00
1.640662563085556025e+00
1.636576227188110355e+00
1.637592884778976465e+00
1.633285631418228245e+00
1.634191887140274080e+00
1.628426408290863048e+00
1.631396289110183639e+00
1.623171149253845202e+00
1.624183216810226371e+00
1.620805749416351249e+00
1.618425000667572000e+00
1.616260655641555744e+00
1.613724012613296566e+00
1.612814407110214177e+00
1.606862977027893047e+00
1.605256056070327730e+00
1.607271807432174793e+00
1.604629194498062184e+00
1.599328219175338850e+00
1.595213603019714377e+00
1.597916927099227946e+00
1.596273993730545016e+00
1.594838274717330862e+00
1.591792742490768520e+00
1.589107473850250196e+00
1.585635423183441084e+00
1.589855118751525964e+00
1.586105227947235186e+00
1.585975992202758755e+00
1.574123188018798913e+00
1.582436887741088816e+00
1.579899686336517339e+00
1.572776032447814831e+00
1.570984862804412741e+00
1.570164770603179827e+00
1.570594270944595250e+00
1.570294563531875687e+00
1.571771562337875405e+00
1.567866694211959899e+00
1.569749881982803297e+00
1.561917596817016696e+00
1.562251908779144216e+00
1.558990512371063231e+00
1.559801115512847947e+00
1.558092361211776744e+00
1.557924480915069632e+00
1.554619896173477178e+00
1.550755441665649492e+00
1.553000869274139495e+00
1.548808307647705051e+00
1.550659372806548975e+00
1.546109765052795515e+00
1.549604347229003976e+00
1.544487729549407939e+00
1.544336020469665449e+00
1.543651218652725143e+00
1.543726003170013517e+00
1.544942545175552295e+00
1.540536007404327501e+00
1.539079026460647537e+00
1.537329938411712726e+00
1.535220535278320364e+00
1.534250581741332997e+00
1.536075138807296847e+00
1.529516604423522885e+00
1.529837653160095234e+00
1.529429065227508655e+00
1.529491466999054028e+00
1.528991201877593964e+00
1.527866963148116985e+00
1.524647722721099941e+00
1.526889648437500080e+00
1.521033518552780128e+00
1.521649013757705671e+00
1.523803197383880592e+00
1.517602157831192011e+00
1.514515334367751986e+00
1.521373427152633573e+00
1.518253940105438238e+00
1.517408718109130916e+00
1.516485949039459324e+00
1.512368745565414452e+00
1.517519292593002334e+00
1.515152468919753970e+00
1.507759882688522346e+00
1.505961296081542944e+00
1.508548894405364882e+00
1.509003169298172020e+00
1.507741759300232021e+00
1.508642848491668742e+00
1.504473666667938136e+00
1.504350769996642967e+00
1.502265729188918986e+00
1.501541127920150709e+00
1.502343214988708597e+00
1.504354545831680268e+00
1.495805925130844205e+00
1.500151113510131751e+00
1.496100951910019017e+00
1.492939266920089825e+00
1.497309041976928601e+00
1.495512210369110084e+00
1.496629186868667638e+00
1.491321880578994730e+00
1.490373991250991903e+00
1.488844550132751410e+00
1.493458830118179259e+00
1.492813611030578524e+00
1.491731552839279162e+00
1.487547200679778969e+00
1.487775887489318771e+00
1.482977436065673782e+00
1.485243780374526867e+00
1.484082261085510224e+00
1.485455797910690379e+00
1.484553700447082569e+00
1.481865161418914889e+00
1.479955866813659648e+00
1.483455872058868419e+00
1.483306895494461042e+00
1.479597396373748763e+00
1.480886510610580409e+00
1.480360468864440948e+00
1.475918239116668751e+00
1.476232120990753183e+00
1.470854130029678242e+00
1.470896439552307200e+00
1.477933845281600878e+00
1.471137020826339681e+00
1.476559304475784318e+00
1.472042480707168588e+00
1.470289961814880364e+00
1.468557742118835385e+00
1.466257069349288900e+00
1.465997326850891014e+00
1.469616212606430050e+00
1.462803381681442305e+00
1.468269311189651427e+00
1.464867932796478200e+00
1.467617317438125513e+00
1.465193627595901438e+00
1.464918314218521145e+00
1.468011205434799127e+00
1.461045265913009539e+00
1.464655398607254133e+00
1.462009234905242927e+00
1.461649264812469484e+00
1.458604709863662752e+00
1.457174910783767707e+00
1.462071662902832081e+00
1.457145614385604748e+00
1.455717902898788552e+00
1.453143342256546067e+00
1.452999158620834397e+00
1.455118876218795876e+00
1.456548258066177270e+00
1.454304966449737613e+00
1.454320931196212863e+00
1.451703922510147127e+00
1.454115496635437044e+00
1.454056227922439604e+00
1.451234947204589787e+00
1.450876751899719208e+00
1.444155916929245054e+00
1.448214260578155610e+00
1.448211415290832527e+00
1.447732299089431685e+00
1.448730459213256827e+00
1.452070272922515892e+00
1.443654897451400743e+00
1.445609174251556439e+00
1.445185385942459044e+00
1.439167175054550274e+00
1.443213057994842563e+00
1.440860023021697911e+00
1.443852934122085596e+00
1.442944097995757957e+00
1.443771615266799868e+00
1.439301835060119661e+00
1.444278850793838442e+00
1.441936801910400412e+00
1.442671128273010250e+00
1.439367381095886245e+00
1.439516768217086851e+00
1.437451469182968067e+00
1.441554113149642991e+00
1.437381647348404012e+00
1.432913259267807105e+00
1.438022385120391933e+00
1.434632010459899965e+00
1.436623698711395170e+00
1.438908538579940721e+00
1.434664671421050919e+00
1.434594152450561433e+00
1.434591952085495059e+00
1.434832915782928486e+00
1.435565967798233089e+00
1.431643686294555629e+00
1.431973046541213934e+00
1.431772712707519490e+00
1.433779138565063560e+00
1.431702536821365390e+00
1.429786223173141524e+00
1.431213417768478324e+00
1.431703115224838285e+00
1.429428662300109787e+00
1.424048720359802234e+00
1.426705029249191181e+00
1.427950854063034125e+00
1.430704845905304001e+00
1.427725259304046590e+00
1.426056330680847140e+00
1.429433606863021788e+00
1.421977518558502185e+00
1.427184495687484844e+00
1.428164443969726527e+00
1.425069006204605193e+00
1.426166428089141736e+00
1.422597126722335847e+00
1.426370102405548179e+00
1.422121689796447708e+00
1.423169433116912908e+00
1.420920744180679263e+00
1.419650816440582330e+00
1.423346204519271740e+00
1.419829151153564561e+00
1.420245704889297578e+00
1.416749767065048182e+00
1.420301946163177398e+00
1.416282155513763463e+00
1.417871459245681809e+00
1.416012118577957057e+00
1.418880798578262326e+00
1.415798166036605910e+00
1.416654967784881647e+00
1.419098520994186430e+00
1.415828827857971151e+00
1.416301473855972270e+00
1.412248276233672994e+00
1.418310691118240374e+00
1.416736826658248960e+00
1.413272541046142639e+00
1.417183469772338889e+00
1.416079305171966451e+00
1.415307500123977658e+00
1.411839369535446087e+00
1.417217271327972483e+00
1.413651489973068331e+00
1.415157988548278789e+00
1.414722320079803364e+00
1.414700588226318390e+00
1.406069576501846274e+00
1.405537517786026092e+00
1.410640807867050261e+00
1.407771756649017325e+00
1.406608098268508966e+00
1.408680312395095724e+00
1.410223433494567802e+00
1.409154195785522479e+00
1.407699655771255554e+00
1.407183799505233868e+00
1.412225780248641982e+00
1.405620793104171762e+00
1.405282331228256298e+00
1.407620299339294334e+00
1.405756476402282740e+00
1.404022123336791994e+00
1.406330271482467698e+00
1.408287030935287509e+00
1.406266292810440133e+00
1.402853483676910429e+00
1.402654870986938418e+00
1.407763397932052518e+00
1.402425804376602247e+00
1.402696196317672728e+00
1.402387090206146159e+00
1.405819329023361153e+00
1.402569630861282279e+00
1.400637532711028976e+00
1.404299021959304783e+00
1.398891748428344739e+00
1.396138996601104632e+00
1.400846075773239052e+00
1.401461605787277298e+00
1.398268877029418933e+00
1.396756464242935092e+00
1.398587398529052672e+00
1.399286465167999260e+00
1.396983542919158827e+00
1.399522943735122649e+00
1.397356247663497975e+00
1.398916675090789763e+00
1.399744670391082746e+00
1.397392109870910559e+00
1.402308852672576878e+00
1.393647131681442275e+00
1.395991210460662879e+00
1.392639318227767875e+00
1.397758844614028995e+00
1.391331380605697721e+00
1.399218521833419882e+00
1.392243569612503062e+00
1.393515202522277896e+00
1.394615567207336371e+00
1.389662369966506938e+00
1.390265199422836329e+00
1.395032403707504365e+00
1.388276586771011401e+00
1.390635290145874059e+00
1.396233857631683284e+00
1.393389803647995029e+00
1.390645196437835684e+00
1.390633685350417981e+00
1.387975909471511837e+00
1.394456342697143469e+00
1.384697098970413265e+00
1.390321644783020005e+00
1.390627674341201825e+00
1.388137568950652989e+00
1.385255548954009930e+00
1.391371767520904523e+00
1.384447630167007448e+00
1.392880916357040366e+00
1.389255145311355522e+00
1.387739861965179511e+00
1.383944484472274805e+00
1.393783851861953638e+00
1.389095101118087872e+00
1.390260009288787790e+00
1.390068731307983363e+00
1.383612362146377617e+00
1.387769150257110562e+00
1.388124451875686560e+00
1.387059237003326340e+00
1.386627556800842376e+00
1.383701498270034858e+00
1.388580958127975551e+00
1.381902564764022845e+00
1.383056705355644178e+00
1.384228963375091492e+00
1.381511806011199939e+00
1.384991697549819989e+00
1.378849819183349590e+00
1.383697072982787990e+00
1.385722330331802477e+00
1.380175602436065629e+00
1.376200857400894151e+00
1.381766770124435384e+00
1.376719177246093828e+00
1.384986732482910154e+00
1.385606821537017863e+00
1.381106927871704082e+00
1.384251694440841618e+00
1.381886184215545654e+00
1.384163477420806920e+00
1.381782063961028983e+00
1.382819829702377268e+00
1.384037077426910400e+00
1.377669792175292951e+00
1.385195138931274439e+00
1.379773438930511409e+00
1.377827989101410022e+00
1.378965232133865459e+00
1.379253093957901077e+00
1.373814843893051085e+00
1.375759778022766167e+00
1.378188429951667793e+00
1.376466449260711711e+00
1.380393427610397294e+00
1.377882664442062310e+00
1.377912384390830969e+00
1.380347086191177297e+00
1.382360730648040770e+00
1.375631578683853107e+00
1.380775881767272839e+00
1.377303162574768036e+00
1.376620815992355418e+00
1.380498853206634458e+00
1.379243145704269313e+00
1.373547607660293490e+00
1.372285670042038053e+00
1.371741458415985049e+00
1.376541063785553076e+00
1.372857220411300760e+00
1.374665837049484196e+00
1.373285106658935550e+00
1.371082485198974688e+00
1.379578489184379642e+00
1.371953917980194060e+00
1.371017086982726951e+00
1.374084322690963811e+00
1.374767300844192519e+00
1.374606023550033473e+00
1.371619872808456320e+00
1.374835400819778508e+00
1.371316624164581333e+00
1.371586637496948313e+00
1.366584173679351810e+00
1.370133992433548054e+00
1.371296540975570633e+00
1.373090933322906437e+00
1.371660949230194104e+00
1.370475892543792762e+00
1.370874743938446105e+00
1.368310571908950779e+00
1.374680030822753807e+00
1.372271228313445945e+00
1.364042592048644975e+00
1.369594013452529957e+00
1.368225270032882745e+00
1.367968734741210834e+00
1.364781535625457787e+00
1.362657067060470517e+00
1.365069551944732673e+00
1.371343025207519606e+00
1.366949470520019583e+00
1.368547351837158255e+00
1.368829623222351133e+00
1.367215852260589504e+00
1.366511490345001301e+00
1.369004361391067404e+00
1.364330642938613947e+00
1.368715510845184280e+00
1.368376812696456835e+00
1.363827870607376092e+00
1.364315213441848806e+00
1.368132198810577460e+00
1.369584697723388755e+00
1.367257904052734396e+00
1.366392489671707233e+00
1.368040973186492870e+00
1.361550282478332541e+00
1.362596555709838952e+00
1.362665902853012145e+00
1.361947113990783720e+00
1.359700318574905475e+00
1.362440959930419915e+00
1.357816730737686051e+00
1.363430706977844187e+00
1.361989471435546939e+00
1.359647275209426853e+00
1.364024633646011342e+00
1.359979153037071287e+00
1.361629462957382186e+00
1.358746429920196563e+00
1.359659813165664755e+00
