2.484399974346160889e-01
3.186799883842468262e-01
3.396599888801574707e-01
3.513199985027313232e-01
3.592399954795837402e-01
3.624399900436401367e-01
3.682200014591217041e-01
3.734799921512603760e-01
3.754999935626983643e-01
3.772999942302703857e-01
3.790799975395202637e-01
3.828600049018859863e-01
3.837800025939941406e-01
3.841400146484375000e-01
3.884800076484680176e-01
3.916600048542022705e-01
3.909400105476379395e-01
3.943400084972381592e-01
3.979600071907043457e-01
3.984400033950805664e-01
4.013400077819824219e-01
4.029400050640106201e-01
4.074400067329406738e-01
4.092200100421905518e-01
4.093199968338012695e-01
4.141399860382080078e-01
4.160000085830688477e-01
4.143399894237518311e-01
4.167999923229217529e-01
4.181599915027618408e-01
4.219599962234497070e-01
4.234000146389007568e-01
4.226999878883361816e-01
4.252200126647949219e-01
4.300799965858459473e-01
4.313400089740753174e-01
4.312199950218200684e-01
4.315600097179412842e-01
4.343400001525878906e-01
4.355399906635284424e-01
4.391399919986724854e-01
4.393599927425384521e-01
4.418599903583526611e-01
4.417000114917755127e-01
4.460999965667724609e-01
4.436599910259246826e-01
4.446400105953216553e-01
4.463599920272827148e-01
4.482400119304656982e-01
4.517999887466430664e-01
4.488799870014190674e-01
4.555599987506866455e-01
4.531199932098388672e-01
4.562999904155731201e-01
4.552400112152099609e-01
4.564000070095062256e-01
4.582999944686889648e-01
4.595600068569183350e-01
4.577600061893463135e-01
4.618200063705444336e-01
4.640400111675262451e-01
4.619399905204772949e-01
4.645600020885467529e-01
4.623199999332427979e-01
4.646799862384796143e-01
4.675799906253814697e-01
4.690600037574768066e-01
4.699000120162963867e-01
4.690200090408325195e-01
4.710600078105926514e-01
4.722999930381774902e-01
4.747999906539916992e-01
4.741399884223937988e-01
4.751600027084350586e-01
4.754999876022338867e-01
4.769800007343292236e-01
4.748800098896026611e-01
4.785799980163574219e-01
4.782199859619140625e-01
4.783399999141693115e-01
4.792999923229217529e-01
4.803600013256072998e-01
4.815999865531921387e-01
4.799799919128417969e-01
4.805800020694732666e-01
4.845800101757049561e-01
4.849799871444702148e-01
4.814999997615814209e-01
4.831199944019317627e-01
4.854399859905242920e-01
4.835799932479858398e-01
4.838599860668182373e-01
4.876199960708618164e-01
4.858599901199340820e-01
4.900000095367431641e-01
4.911000132560729980e-01
4.896799921989440918e-01
4.887000024318695068e-01
4.912399947643280029e-01
4.902999997138977051e-01
4.914999902248382568e-01
4.905999898910522461e-01
4.945000112056732178e-01
4.930999875068664551e-01
4.938600063323974609e-01
4.927799999713897705e-01
4.967199862003326416e-01
4.961000084877014160e-01
4.963999986648559570e-01
4.972600042819976807e-01
4.972200095653533936e-01
4.964799880981445312e-01
4.971199929714202881e-01
5.016800165176391602e-01
4.968799948692321777e-01
4.981999993324279785e-01
5.001400113105773926e-01
5.016400218009948730e-01
5.003600120544433594e-01
5.029399991035461426e-01
5.029000043869018555e-01
5.008199810981750488e-01
5.029399991035461426e-01
5.026400089263916016e-01
5.024399757385253906e-01
5.027199983596801758e-01
5.076400041580200195e-01
5.026999711990356445e-01
5.040799975395202637e-01
5.046799778938293457e-01
5.025799870491027832e-01
5.091400146484375000e-01
5.095999836921691895e-01
5.051199793815612793e-01
5.078600049018859863e-01
5.100200176239013672e-01
5.078600049018859863e-01
5.110800266265869141e-01
5.074200034141540527e-01
5.076199769973754883e-01
5.117400288581848145e-01
5.103399753570556641e-01
5.101799964904785156e-01
5.101600289344787598e-01
5.140399932861328125e-01
5.119600296020507812e-01
5.113400220870971680e-01
5.123800039291381836e-01
5.134000182151794434e-01
5.141000151634216309e-01
5.121399760246276855e-01
5.132600069046020508e-01
5.147200226783752441e-01
5.129399895668029785e-01
5.165799856185913086e-01
5.153399705886840820e-01
5.180400013923645020e-01
5.198400020599365234e-01
5.169199705123901367e-01
5.181599855422973633e-01
5.174800157546997070e-01
5.169000029563903809e-01
5.168799757957458496e-01
5.160400271415710449e-01
5.176399946212768555e-01
5.167000293731689453e-01
5.202800035476684570e-01
5.180400013923645020e-01
5.203599929809570312e-01
5.178200006484985352e-01
5.195000171661376953e-01
5.176399946212768555e-01
5.162400007247924805e-01
5.197200179100036621e-01
5.224400162696838379e-01
5.223199725151062012e-01
5.194399952888488770e-01
5.236600041389465332e-01
5.197200179100036621e-01
5.219399929046630859e-01
5.197799801826477051e-01
5.230600237846374512e-01
5.227199792861938477e-01
5.251399874687194824e-01
5.246800184249877930e-01
5.227000117301940918e-01
5.221999883651733398e-01
5.263199806213378906e-01
5.233200192451477051e-01
5.213199853897094727e-01
5.248799920082092285e-01
5.259199738502502441e-01
5.240799784660339355e-01
5.243200063705444336e-01
5.254600048065185547e-01
5.265399813652038574e-01
5.242000222206115723e-01
5.250399708747863770e-01
5.242400169372558594e-01
5.278999805450439453e-01
5.258799791336059570e-01
5.284600257873535156e-01
5.260400176048278809e-01
5.284000039100646973e-01
5.278999805450439453e-01
5.293800234794616699e-01
5.282800197601318359e-01
5.305799841880798340e-01
5.301799774169921875e-01
5.310000181198120117e-01
5.311400294303894043e-01
5.280399918556213379e-01
5.272200107574462891e-01
5.311400294303894043e-01
5.299400091171264648e-01
5.300599932670593262e-01
5.310999751091003418e-01
5.334399938583374023e-01
5.329599976539611816e-01
5.321599841117858887e-01
5.335999727249145508e-01
5.331400036811828613e-01
5.318800210952758789e-01
5.336999893188476562e-01
5.323600172996520996e-01
5.325999855995178223e-01
5.334600210189819336e-01
5.322600007057189941e-01
5.333600044250488281e-01
5.299000144004821777e-01
5.339000225067138672e-01
5.353000164031982422e-01
5.364599823951721191e-01
5.343599915504455566e-01
5.339199900627136230e-01
5.379800200462341309e-01
5.345799922943115234e-01
5.342400074005126953e-01
5.374600291252136230e-01
5.350599884986877441e-01
5.354999899864196777e-01
5.350999832153320312e-01
5.389400124549865723e-01
5.368199944496154785e-01
5.395600199699401855e-01
5.383599996566772461e-01
5.364400148391723633e-01
5.388399958610534668e-01
5.370600223541259766e-01
5.372599959373474121e-01
5.368199944496154785e-01
5.354999899864196777e-01
5.405799746513366699e-01
5.386599898338317871e-01
5.404000282287597656e-01
5.365599989891052246e-01
5.396999716758728027e-01
5.423200130462646484e-01
5.385199785232543945e-01
5.428199768066406250e-01
5.401200056076049805e-01
5.400199890136718750e-01
5.424000024795532227e-01
5.383800268173217773e-01
5.417600274085998535e-01
5.420399904251098633e-01
5.411800146102905273e-01
5.396199822425842285e-01
5.427200198173522949e-01
5.456399917602539062e-01
5.435199737548828125e-01
5.389000177383422852e-01
5.411800146102905273e-01
5.449200272560119629e-01
5.421000123023986816e-01
5.419600009918212891e-01
5.411400198936462402e-01
5.424799919128417969e-01
5.423399806022644043e-01
5.453199744224548340e-01
5.406799912452697754e-01
5.435799956321716309e-01
5.439800024032592773e-01
5.439000129699707031e-01
5.434399843215942383e-01
5.431399941444396973e-01
5.448200106620788574e-01
5.457999706268310547e-01
5.442600250244140625e-01
5.449200272560119629e-01
5.439599752426147461e-01
5.424799919128417969e-01
5.433599948883056641e-01
5.430799722671508789e-01
5.461800098419189453e-01
5.451999902725219727e-01
5.460399985313415527e-01
5.474399924278259277e-01
5.501400232315063477e-01
5.460799932479858398e-01
5.447000265121459961e-01
5.470200181007385254e-01
5.432400107383728027e-01
5.465599894523620605e-01
5.463399887084960938e-01
5.460199713706970215e-01
5.471199750900268555e-01
5.499600172042846680e-01
5.457199811935424805e-01
5.482000112533569336e-01
5.463399887084960938e-01
5.502799749374389648e-01
5.495200157165527344e-01
5.507400035858154297e-01
5.508400201797485352e-01
5.484600067138671875e-01
5.484799742698669434e-01
5.502200126647949219e-01
5.501800179481506348e-01
5.558199882507324219e-01
5.477799773216247559e-01
5.526800155639648438e-01
5.483999848365783691e-01
5.493400096893310547e-01
5.509600043296813965e-01
5.515000224113464355e-01
5.537400245666503906e-01
5.518400073051452637e-01
5.501800179481506348e-01
5.509600043296813965e-01
5.498800277709960938e-01
5.512599945068359375e-01
5.526999831199645996e-01
5.534399747848510742e-01
5.507400035858154297e-01
5.549399852752685547e-01
5.540199875831604004e-01
5.530400276184082031e-01
5.537400245666503906e-01
5.509399771690368652e-01
5.530999898910522461e-01
5.532799959182739258e-01
5.512999892234802246e-01
5.523200035095214844e-01
5.515599846839904785e-01
5.527200102806091309e-01
5.533000230789184570e-01
5.532000064849853516e-01
5.547199845314025879e-01
5.556600093841552734e-01
5.552399754524230957e-01
5.551199913024902344e-01
5.552200078964233398e-01
5.538600087165832520e-01
5.508800148963928223e-01
5.548599958419799805e-01
5.565599799156188965e-01
5.568199753761291504e-01
5.551999807357788086e-01
5.560799837112426758e-01
5.585799813270568848e-01
5.553600192070007324e-01
5.557199716567993164e-01
5.573400259017944336e-01
5.566400289535522461e-01
5.548800230026245117e-01
5.524799823760986328e-01
5.535399913787841797e-01
5.593600273132324219e-01
5.565199851989746094e-01
5.570799708366394043e-01
5.582200288772583008e-01
5.570799708366394043e-01
5.569400191307067871e-01
5.574200153350830078e-01
5.554599761962890625e-01
5.583599805831909180e-01
5.577200055122375488e-01
5.550600290298461914e-01
5.561800003051757812e-01
5.590000152587890625e-01
5.622599720954895020e-01
5.571399927139282227e-01
5.586000084877014160e-01
5.572199821472167969e-01
5.578200221061706543e-01
5.608599781990051270e-01
5.601000189781188965e-01
5.577800273895263672e-01
5.585200190544128418e-01
5.626400113105773926e-01
5.558599829673767090e-01
5.592799782752990723e-01
5.643399953842163086e-01
5.611199736595153809e-01
5.595800280570983887e-01
5.586799979209899902e-01
5.601400136947631836e-01
5.586799979209899902e-01
5.624799728393554688e-01
5.578600168228149414e-01
5.603200197219848633e-01
5.579000115394592285e-01
5.625600218772888184e-01
5.620200037956237793e-01
5.626000165939331055e-01
5.603600144386291504e-01
5.604199767112731934e-01
5.587199926376342773e-01
5.601199865341186523e-01
5.613600015640258789e-01
5.610200166702270508e-01
5.575399994850158691e-01
5.617200136184692383e-01
5.631600022315979004e-01
5.619999766349792480e-01
5.618799924850463867e-01
5.612000226974487305e-01
5.629600286483764648e-01
5.608000159263610840e-01
5.619800090789794922e-01
5.637800097465515137e-01
5.635399818420410156e-01
5.628799796104431152e-01
5.620399713516235352e-01
5.625000000000000000e-01
5.627200007438659668e-01
5.641999840736389160e-01
5.637999773025512695e-01
5.620200037956237793e-01
5.632600188255310059e-01
5.601000189781188965e-01
5.656599998474121094e-01
5.646600127220153809e-01
5.666000247001647949e-01
5.628600120544433594e-01
5.631800293922424316e-01
5.613399744033813477e-01
5.661399960517883301e-01
5.657799839973449707e-01
5.637800097465515137e-01
5.670999884605407715e-01
5.662599802017211914e-01
5.642600059509277344e-01
5.662400126457214355e-01
5.649999976158142090e-01
5.643000006675720215e-01
5.626800060272216797e-01
5.654600262641906738e-01
5.642200112342834473e-01
5.668399930000305176e-01
5.672399997711181641e-01
5.662400126457214355e-01
5.659199953079223633e-01
5.654799938201904297e-01
5.674999952316284180e-01
5.645200014114379883e-01
5.684000253677368164e-01
5.658000111579895020e-01
5.687199831008911133e-01
5.648800134658813477e-01
5.683000087738037109e-01
5.680800080299377441e-01
5.681800246238708496e-01
5.675200223922729492e-01
5.676400065422058105e-01
5.674399733543395996e-01
5.651800036430358887e-01
5.695199966430664062e-01
5.683799982070922852e-01
5.699999928474426270e-01
5.671799778938293457e-01
5.659800171852111816e-01
5.655800104141235352e-01
5.684800148010253906e-01
5.677800178527832031e-01
5.687800049781799316e-01
5.716800093650817871e-01
5.686399936676025391e-01
5.685999989509582520e-01
5.652999877929687500e-01
5.685399770736694336e-01
5.698199868202209473e-01
5.712000131607055664e-01
5.706599950790405273e-01
5.704200267791748047e-01
5.725600123405456543e-01
5.681800246238708496e-01
5.682200193405151367e-01
5.720199942588806152e-01
5.719400048255920410e-01
5.677599906921386719e-01
5.710200071334838867e-01
5.705999732017517090e-01
5.728800296783447266e-01
5.687199831008911133e-01
5.680599808692932129e-01
5.699200034141540527e-01
5.678200125694274902e-01
5.691199898719787598e-01
