2.856999933719635010e-01
3.172999918460845947e-01
3.255999982357025146e-01
3.359000086784362793e-01
3.417400121688842773e-01
3.466799855232238770e-01
3.508400022983551025e-01
3.566400110721588135e-01
3.566200137138366699e-01
3.650200068950653076e-01
3.649600148200988770e-01
3.685599863529205322e-01
3.716999888420104980e-01
3.779000043869018555e-01
3.763400018215179443e-01
3.777799904346466064e-01
3.795399963855743408e-01
3.832800090312957764e-01
3.856999874114990234e-01
3.888800144195556641e-01
3.890399932861328125e-01
3.920800089836120605e-01
3.933199942111968994e-01
3.964999914169311523e-01
3.970400094985961914e-01
3.972400128841400146e-01
4.009599983692169189e-01
4.015400111675262451e-01
4.000000059604644775e-01
4.055399894714355469e-01
4.079999923706054688e-01
4.068999886512756348e-01
4.093399941921234131e-01
4.137600064277648926e-01
4.148199856281280518e-01
4.148600101470947266e-01
4.144000113010406494e-01
4.216600060462951660e-01
4.188599884510040283e-01
4.221000075340270996e-01
4.189200103282928467e-01
4.205799996852874756e-01
4.206599891185760498e-01
4.253999888896942139e-01
4.239400029182434082e-01
4.279400110244750977e-01
4.261200129985809326e-01
4.251599907875061035e-01
4.291400015354156494e-01
4.301399886608123779e-01
4.315600097179412842e-01
4.317399859428405762e-01
4.311999976634979248e-01
4.305599927902221680e-01
4.325399994850158691e-01
4.322000145912170410e-01
4.347600042819976807e-01
4.354799985885620117e-01
4.341199994087219238e-01
4.345000088214874268e-01
4.374200105667114258e-01
4.384000003337860107e-01
4.373599886894226074e-01
4.352000057697296143e-01
4.391199946403503418e-01
4.385800063610076904e-01
4.419400095939636230e-01
4.414600133895874023e-01
4.378400146961212158e-01
4.392800033092498779e-01
4.440999925136566162e-01
4.473200142383575439e-01
4.402399957180023193e-01
4.420199990272521973e-01
4.430400133132934570e-01
4.427999854087829590e-01
4.412600100040435791e-01
4.424200057983398438e-01
4.438999891281127930e-01
4.488799870014190674e-01
4.456999897956848145e-01
4.426200091838836670e-01
4.501000046730041504e-01
4.500199854373931885e-01
4.447599947452545166e-01
4.449400007724761963e-01
4.458999931812286377e-01
4.489400088787078857e-01
4.474599957466125488e-01
4.498400092124938965e-01
4.473600089550018311e-01
4.489400088787078857e-01
4.495199918746948242e-01
4.490199983119964600e-01
4.490399956703186035e-01
4.477800130844116211e-01
4.503600001335144043e-01
4.501599967479705811e-01
4.511800110340118408e-01
4.492999911308288574e-01
4.515199959278106689e-01
4.498200118541717529e-01
4.503200054168701172e-01
4.517399966716766357e-01
4.526599943637847900e-01
4.519799947738647461e-01
4.499199986457824707e-01
4.538399875164031982e-01
4.511600136756896973e-01
4.484800100326538086e-01
4.509600102901458740e-01
4.481000006198883057e-01
4.485000073909759521e-01
4.524199962615966797e-01
4.505200088024139404e-01
4.540599882602691650e-01
4.519000053405761719e-01
4.508999884128570557e-01
4.527199864387512207e-01
4.472399950027465820e-01
4.471000134944915771e-01
4.511600136756896973e-01
4.460600018501281738e-01
4.496200084686279297e-01
4.508999884128570557e-01
4.480400085449218750e-01
4.545600116252899170e-01
4.492399990558624268e-01
4.514000117778778076e-01
4.492599964141845703e-01
4.483399987220764160e-01
4.539999961853027344e-01
4.545199871063232422e-01
4.474799931049346924e-01
4.540199935436248779e-01
4.489000141620635986e-01
4.512600004673004150e-01
4.487999975681304932e-01
4.505000114440917969e-01
4.536199867725372314e-01
4.486199915409088135e-01
4.497199952602386475e-01
4.510200023651123047e-01
4.514400064945220947e-01
4.498400092124938965e-01
4.487600028514862061e-01
4.497599899768829346e-01
4.502800107002258301e-01
4.493600130081176758e-01
4.514600038528442383e-01
4.497599899768829346e-01
4.496200084686279297e-01
4.509600102901458740e-01
4.497199952602386475e-01
4.520600140094757080e-01
4.505800008773803711e-01
4.497399926185607910e-01
4.506599903106689453e-01
4.475399851799011230e-01
4.469200074672698975e-01
4.501799941062927246e-01
4.498800039291381836e-01
4.477800130844116211e-01
4.503999948501586914e-01
4.437200129032135010e-01
4.518199861049652100e-01
4.464400112628936768e-01
4.463999867439270020e-01
4.459399878978729248e-01
4.462600052356719971e-01
4.492000043392181396e-01
4.474000036716461182e-01
4.476799964904785156e-01
4.487400054931640625e-01
4.401800036430358887e-01
4.457199871540069580e-01
4.474999904632568359e-01
4.456399977207183838e-01
4.438999891281127930e-01
4.431200027465820312e-01
4.481399953365325928e-01
4.464600086212158203e-01
4.450199902057647705e-01
4.447599947452545166e-01
4.428200125694274902e-01
4.437800049781799316e-01
4.449999928474426270e-01
4.429599940776824951e-01
4.443799853324890137e-01
4.432199895381927490e-01
4.435000121593475342e-01
4.442600011825561523e-01
4.429000020027160645e-01
4.483200013637542725e-01
4.419200122356414795e-01
4.440200030803680420e-01
4.467599987983703613e-01
4.410800039768218994e-01
4.458999931812286377e-01
4.455800056457519531e-01
4.409399926662445068e-01
4.409599900245666504e-01
4.412800073623657227e-01
4.426600039005279541e-01
4.406599998474121094e-01
4.419800043106079102e-01
4.420000016689300537e-01
4.383400082588195801e-01
4.436399936676025391e-01
4.452599883079528809e-01
4.441800117492675781e-01
4.424600005149841309e-01
4.408600032329559326e-01
4.447799921035766602e-01
4.464800059795379639e-01
4.383400082588195801e-01
4.408999979496002197e-01
4.400599896907806396e-01
4.405399858951568604e-01
4.451000094413757324e-01
4.416800141334533691e-01
4.389199912548065186e-01
4.408600032329559326e-01
4.383800029754638672e-01
4.412600100040435791e-01
4.406200051307678223e-01
4.353800117969512939e-01
4.397400021553039551e-01
4.427399933338165283e-01
4.405399858951568604e-01
4.386999905109405518e-01
4.393199980258941650e-01
4.387600123882293701e-01
4.380800127983093262e-01
4.388400018215179443e-01
4.383200109004974365e-01
4.368799924850463867e-01
4.379000067710876465e-01
4.374000132083892822e-01
4.390999972820281982e-01
4.398800134658813477e-01
4.411399960517883301e-01
4.403800070285797119e-01
4.398599863052368164e-01
4.372000098228454590e-01
4.386999905109405518e-01
4.359999895095825195e-01
4.375799894332885742e-01
4.354799985885620117e-01
4.388999938964843750e-01
4.408000111579895020e-01
4.376600086688995361e-01
4.360600113868713379e-01
4.403400123119354248e-01
4.370999932289123535e-01
4.333600103855133057e-01
4.379000067710876465e-01
4.392800033092498779e-01
4.372799992561340332e-01
4.384599924087524414e-01
4.382599890232086182e-01
4.367800056934356689e-01
4.368200004100799561e-01
4.373799860477447510e-01
4.375999867916107178e-01
4.372999966144561768e-01
4.377799928188323975e-01
4.393199980258941650e-01
4.394800066947937012e-01
4.351800084114074707e-01
4.354799985885620117e-01
4.365800023078918457e-01
4.383400082588195801e-01
4.364599883556365967e-01
4.350799918174743652e-01
4.380800127983093262e-01
4.360800087451934814e-01
4.354600012302398682e-01
4.381799995899200439e-01
4.384000003337860107e-01
4.373399913311004639e-01
4.356999993324279785e-01
4.348799884319305420e-01
4.373599886894226074e-01
4.356000125408172607e-01
4.381799995899200439e-01
4.366999864578247070e-01
4.336600005626678467e-01
4.340800046920776367e-01
4.367600083351135254e-01
4.341599941253662109e-01
4.377599954605102539e-01
4.351600110530853271e-01
4.334799945354461670e-01
4.363600015640258789e-01
4.353399872779846191e-01
4.355399906635284424e-01
4.376400113105773926e-01
4.397999942302703857e-01
4.342600107192993164e-01
4.340600073337554932e-01
4.371599853038787842e-01
4.360400140285491943e-01
4.345799982547760010e-01
4.350000023841857910e-01
4.336400032043457031e-01
4.365999996662139893e-01
4.359799921512603760e-01
4.370799958705902100e-01
4.377200007438659668e-01
4.388200044631958008e-01
4.359799921512603760e-01
4.370999932289123535e-01
4.338999986648559570e-01
4.341000020503997803e-01
4.369800090789794922e-01
4.339799880981445312e-01
4.330399930477142334e-01
4.363600015640258789e-01
4.377200007438659668e-01
4.309599995613098145e-01
4.356000125408172607e-01
4.344399869441986084e-01
4.347800016403198242e-01
4.354000091552734375e-01
4.370799958705902100e-01
4.382599890232086182e-01
4.380199909210205078e-01
4.380599856376647949e-01
4.379799962043762207e-01
4.398399889469146729e-01
4.367400109767913818e-01
4.379799962043762207e-01
4.327200055122375488e-01
4.347200095653533936e-01
4.347600042819976807e-01
4.335199892520904541e-01
4.368000030517578125e-01
4.350999891757965088e-01
4.363999962806701660e-01
4.353600144386291504e-01
4.330199956893920898e-01
4.328800141811370850e-01
4.368200004100799561e-01
4.344800114631652832e-01
4.318200051784515381e-01
4.374600052833557129e-01
4.375000000000000000e-01
4.373799860477447510e-01
4.326800107955932617e-01
4.356400072574615479e-01
4.374000132083892822e-01
4.320800006389617920e-01
4.311800003051757812e-01
4.332000017166137695e-01
4.358600080013275146e-01
4.365999996662139893e-01
4.343200027942657471e-01
4.358600080013275146e-01
4.377399981021881104e-01
4.375799894332885742e-01
4.332799911499023438e-01
4.393399953842163086e-01
4.333199858665466309e-01
4.325799942016601562e-01
4.305199980735778809e-01
4.343400001525878906e-01
4.345400035381317139e-01
4.280999898910522461e-01
4.343000054359436035e-01
4.320000112056732178e-01
4.333199858665466309e-01
4.363999962806701660e-01
4.327999949455261230e-01
4.327200055122375488e-01
4.337199926376342773e-01
4.334200024604797363e-01
4.329999983310699463e-01
4.370000064373016357e-01
4.371800124645233154e-01
4.363600015640258789e-01
4.351199865341186523e-01
4.355799853801727295e-01
4.339799880981445312e-01
4.344600141048431396e-01
4.343799948692321777e-01
4.323000013828277588e-01
4.336000084877014160e-01
4.352599978446960449e-01
4.356999993324279785e-01
4.336200058460235596e-01
4.375999867916107178e-01
4.302200078964233398e-01
4.359399974346160889e-01
4.304200112819671631e-01
4.311999976634979248e-01
4.327600002288818359e-01
4.316200017929077148e-01
4.323999881744384766e-01
4.316399991512298584e-01
4.325799942016601562e-01
4.322600066661834717e-01
4.340600073337554932e-01
4.295200109481811523e-01
4.317600131034851074e-01
4.377200007438659668e-01
4.339999854564666748e-01
4.346399903297424316e-01
4.281800091266632080e-01
4.323399960994720459e-01
4.306200146675109863e-01
4.349800050258636475e-01
4.342600107192993164e-01
4.334799945354461670e-01
4.334000051021575928e-01
4.352599978446960449e-01
4.366999864578247070e-01
4.332399964332580566e-01
4.334399998188018799e-01
4.345600008964538574e-01
4.326199889183044434e-01
4.362800121307373047e-01
4.337800145149230957e-01
4.294599890708923340e-01
4.322400093078613281e-01
4.310800135135650635e-01
4.350999891757965088e-01
4.347800016403198242e-01
4.318999946117401123e-01
4.327400028705596924e-01
4.336600005626678467e-01
4.313600063323974609e-01
4.331600069999694824e-01
4.366799890995025635e-01
4.315800070762634277e-01
4.346399903297424316e-01
4.292399883270263672e-01
4.333199858665466309e-01
4.349400103092193604e-01
4.347600042819976807e-01
4.350599944591522217e-01
4.341399967670440674e-01
4.323599934577941895e-01
4.302799999713897705e-01
4.296999871730804443e-01
4.304800033569335938e-01
4.316799938678741455e-01
4.352200031280517578e-01
4.330999851226806641e-01
4.304800033569335938e-01
4.336200058460235596e-01
4.358600080013275146e-01
4.320600032806396484e-01
4.341399967670440674e-01
4.343400001525878906e-01
4.376200139522552490e-01
4.392800033092498779e-01
4.350599944591522217e-01
4.340400099754333496e-01
4.341199994087219238e-01
4.310199916362762451e-01
4.335399866104125977e-01
4.332799911499023438e-01
4.350199997425079346e-01
4.352799952030181885e-01
4.318200051784515381e-01
4.327200055122375488e-01
4.305799901485443115e-01
4.313800036907196045e-01
4.311000108718872070e-01
4.291000068187713623e-01
4.353199899196624756e-01
4.374600052833557129e-01
4.357599914073944092e-01
4.322800040245056152e-01
4.323599934577941895e-01
4.315800070762634277e-01
4.332799911499023438e-01
4.348199963569641113e-01
4.338999986648559570e-01
4.352000057697296143e-01
4.326800107955932617e-01
4.326199889183044434e-01
4.320200085639953613e-01
4.338800013065338135e-01
4.345200061798095703e-01
4.305199980735778809e-01
4.342199862003326416e-01
4.342400133609771729e-01
4.370400011539459229e-01
4.308199882507324219e-01
4.301800131797790527e-01
4.314999878406524658e-01
4.287599921226501465e-01
4.306600093841552734e-01
4.312599897384643555e-01
4.328800141811370850e-01
4.330999851226806641e-01
4.346399903297424316e-01
4.309599995613098145e-01
