2.285489682435989600e+00
1.930742461204528748e+00
1.844392628908157361e+00
1.775110049009323010e+00
1.728493053674697855e+00
1.687386564970016378e+00
1.648089046001434355e+00
1.614791717767715351e+00
1.587483408927917505e+00
1.567030837535858145e+00
1.548544237136840751e+00
1.525433685541152995e+00
1.506225327253341684e+00
1.491216596603393452e+00
1.474942737102508561e+00
1.452168609380722009e+00
1.449960046768188571e+00
1.427037569999694888e+00
1.419323426723480219e+00
1.403865350961685188e+00
1.392697067975998015e+00
1.383547530174255469e+00
1.374763088464737049e+00
1.368350478649139390e+00
1.355658720970153830e+00
1.348919169545173657e+00
1.334882487773895177e+00
1.327766747713089002e+00
1.315799157381057682e+00
1.320969449996948208e+00
1.302635037422180231e+00
1.305850463628768887e+00
1.302534636020660441e+00
1.295387877941131638e+00
1.289534681081771827e+00
1.284725410461425854e+00
1.280180198788642976e+00
1.272991052269935697e+00
1.265237612843513437e+00
1.264356024742126383e+00
1.255945900440216034e+00
1.254959135293960637e+00
1.243590692281723031e+00
1.245020319104194639e+00
1.240219195723533563e+00
1.233307232856750479e+00
1.229873684167861914e+00
1.227687071919441264e+00
1.224771840214729401e+00
1.216343711972236674e+00
1.219174463629722593e+00
1.209347525477409313e+00
1.209765624880790647e+00
1.197388590455055191e+00
1.202160751461982757e+00
1.201543621897697367e+00
1.194641389608383175e+00
1.190514471292495768e+00
1.191897122502326933e+00
1.181102803587913419e+00
1.182563710927963196e+00
1.175662452697753935e+00
1.174280235528945893e+00
1.172528096318244950e+00
1.168116898059844866e+00
1.163451692938804571e+00
1.160382480263709937e+00
1.154850367069244488e+00
1.154644386529922517e+00
1.149027647614479175e+00
1.147840883374214194e+00
1.148021521806716905e+00
1.138856338977813687e+00
1.136213089227676498e+00
1.135621909976005650e+00
1.134160828590393022e+00
1.125180735826492251e+00
1.131640511989593589e+00
1.120747660160064774e+00
1.119796751022338777e+00
1.118128574252128526e+00
1.120465294718742344e+00
1.114908088207244852e+00
1.105562640190124402e+00
1.103708521485328609e+00
1.102315029859542772e+00
1.104247947573661737e+00
1.094464242935180742e+00
1.091064584970474316e+00
1.090212531089782777e+00
1.091107619404792839e+00
1.087201887845993031e+00
1.086192441940307507e+00
1.083088742375373892e+00
1.079921296358108629e+00
1.073474640727043239e+00
1.069953768491745061e+00
1.073414807915687552e+00
1.071707813620567329e+00
1.067911417961120657e+00
1.065043949604034479e+00
1.058355252027511684e+00
1.061134894847869825e+00
1.056552270174026420e+00
1.048338994026184023e+00
1.050885990738868792e+00
1.048018845796585108e+00
1.044231647014618014e+00
1.051077990293502795e+00
1.038506611704826277e+00
1.038466997742652831e+00
1.037246722817420919e+00
1.040641676306724550e+00
1.032877072095870874e+00
1.037056603431701696e+00
1.027220860958099280e+00
1.024296862244606032e+00
1.022786639571189982e+00
1.023899401664733810e+00
1.018322257280349641e+00
1.024237078547477697e+00
1.010535848736763054e+00
1.013257205247878989e+00
1.016841368079185459e+00
1.007349400281906115e+00
1.004509716391563501e+00
9.973034050464629763e-01
9.980075187683105087e-01
9.985604256391524824e-01
9.957269161939621416e-01
9.902229292392730198e-01
9.881457384824753332e-01
9.910067616701125903e-01
9.970561487674712842e-01
9.831891995668411433e-01
9.806409891843795856e-01
9.812529901266098253e-01
9.770963274240493934e-01
9.723636637926101889e-01
9.832342407703399401e-01
9.698494267463684260e-01
9.715038722753525091e-01
9.689829769134521431e-01
9.741416656970978138e-01
9.696694850921631081e-01
9.618527469635009819e-01
9.563365864753723411e-01
9.553662474155426576e-01
9.608680193424224969e-01
9.541192209720611439e-01
9.544924709796905882e-01
9.513603589534759264e-01
9.462137880325317552e-01
9.475215837955475173e-01
9.396588969230651456e-01
9.438590919971465709e-01
9.389311665296554699e-01
9.373843827247619886e-01
9.399407860040664975e-01
9.393261960744857531e-01
9.353769156932830731e-01
9.302404032945632562e-01
9.338306365013122612e-01
9.246911388039589230e-01
9.276012883186340874e-01
9.273764603137969464e-01
9.241364104747772368e-01
9.177044271230697658e-01
9.192315490245819287e-01
9.079291772842407182e-01
9.084096772670745557e-01
9.115531604290008083e-01
9.162610634565353518e-01
9.128702273368834996e-01
9.104766768217086303e-01
9.066867655515671309e-01
9.012801021337508711e-01
9.051100189685821196e-01
8.986251485347748202e-01
9.005112450122833012e-01
8.858617852926253811e-01
8.951211286783218313e-01
8.941936308145522760e-01
8.883172621726990181e-01
8.900931491851806765e-01
8.810633828639984344e-01
8.814319849014282671e-01
8.811938208341598688e-01
8.772964785099029994e-01
8.804453293085098275e-01
8.792834671735763052e-01
8.740737190246582466e-01
8.730510392189025914e-01
8.756700161695479823e-01
8.664211783409118128e-01
8.709896270036697752e-01
8.663870407342910696e-01
8.668295991420745805e-01
8.612979508638382020e-01
8.673204097747803099e-01
8.568910175561904596e-01
8.626801991462706987e-01
8.582679855823517334e-01
8.531950557231903209e-01
8.562058552503585274e-01
8.514609786272049341e-01
8.609257037639618249e-01
8.485432272553443678e-01
8.502311741113662835e-01
8.453285298347472665e-01
8.466054747104644340e-01
8.408626246452332031e-01
8.401505607366561712e-01
8.369334948658943008e-01
8.355636724233627133e-01
8.385647408962250138e-01
8.343931963443755873e-01
8.222630525827407943e-01
8.285918804407119698e-01
8.291634294986724996e-01
8.196822162866592709e-01
8.224142941236496362e-01
8.297731586694717665e-01
8.174926412105559814e-01
8.188379922509193554e-01
8.256900682449340723e-01
8.142406060099601772e-01
8.080835908651351485e-01
8.185169045925140274e-01
8.149844985008239950e-01
8.100984207987785846e-01
8.127420323491096887e-01
8.070742492675780921e-01
8.055206608772277344e-01
8.166486229896545712e-01
8.042819125652312939e-01
7.983496506214141641e-01
8.013817664384842443e-01
8.003196796178817518e-01
7.920257789492607392e-01
8.012797807455063204e-01
7.947335336804389749e-01
7.923565732240677173e-01
7.918879396915435853e-01
7.875309585332870288e-01
7.927425677776336332e-01
7.878608599901198994e-01
7.856067354679108217e-01
7.820130318999291008e-01
7.801107685565948913e-01
7.849791820049285551e-01
7.854533534049987775e-01
7.736795372366904733e-01
7.794763996601105083e-01
7.734791235923766939e-01
7.700571048259735596e-01
7.758697108626365635e-01
7.702842270731925511e-01
7.763943912386894741e-01
7.701503323912620713e-01
7.667612481117248580e-01
7.639779914021491702e-01
7.625961310863494935e-01
7.654819409847259948e-01
7.566640486121177789e-01
7.563920565247536087e-01
7.569395743012428124e-01
7.674137155413627287e-01
7.606214365363120899e-01
7.606947619318962239e-01
7.545862005949020013e-01
7.540624456405640164e-01
7.583278115987778234e-01
7.543227435946464610e-01
7.504456841945648105e-01
7.509732789993286417e-01
7.497808735966682292e-01
7.490371690392494397e-01
7.456100102066993696e-01
7.430625087618827340e-01
7.406529871225356887e-01
7.457424654960632671e-01
7.383932512402534565e-01
7.419695819020271088e-01
7.302593089342117594e-01
7.372686407566070299e-01
7.380213212966918457e-01
7.443469394445418885e-01
7.363412556052207902e-01
7.271432430148124793e-01
7.322575580477714841e-01
7.238720925450324861e-01
7.240466266274452334e-01
7.299754271507262748e-01
7.205332854986190583e-01
7.328239225149154601e-01
7.161924795508384234e-01
7.189436890482902021e-01
7.188466091752052645e-01
7.155587630271911248e-01
7.185233852863311954e-01
7.109712238907813786e-01
7.220198988318443645e-01
7.219683809280394993e-01
7.114582419991493101e-01
7.113118829727173020e-01
7.159531331062316539e-01
7.148476573824882330e-01
7.041667334437370362e-01
7.104166763424872855e-01
7.013396795392036198e-01
7.082173853516579021e-01
6.985194010734557812e-01
7.018583317995071846e-01
7.032884851694106709e-01
7.046686299443244428e-01
6.948212566375732147e-01
7.003529158234595986e-01
6.971197443604468802e-01
6.918362379074096680e-01
6.963288939595222438e-01
7.039425628185271844e-01
6.982902360558509436e-01
6.889629274606704490e-01
6.952886513471603358e-01
6.902678413987159978e-01
6.890993348956108155e-01
6.902253509759902483e-01
6.843242481350898521e-01
6.874693782925606067e-01
6.837675357460976100e-01
6.872538831233978573e-01
6.893433246612549192e-01
6.809220201373100689e-01
6.882386018633842584e-01
6.797259851694107402e-01
6.621001706719398250e-01
6.756020007133484162e-01
6.681643191576004392e-01
6.767924543023109418e-01
6.763696401119232426e-01
6.781610906124114768e-01
6.737039846181869240e-01
6.714761497378349819e-01
6.710700200200080401e-01
6.768072069883346309e-01
6.684119850397109985e-01
6.688359238505363624e-01
6.693459483385085784e-01
6.622481265664100780e-01
6.613266396522522461e-01
6.642220671772957052e-01
6.593026540279388614e-01
6.608874310851097222e-01
6.579032174944877687e-01
6.675994296669960359e-01
6.596529887914657220e-01
6.701182243824005402e-01
6.627251017689704815e-01
6.527476741671561777e-01
6.579069516658783146e-01
6.535175709128380195e-01
6.577239090800285348e-01
6.571845129728317580e-01
6.609992405772209256e-01
6.496539993286132297e-01
6.463494061231612742e-01
6.466444153189658817e-01
6.487004489302635735e-01
6.443506585955619537e-01
6.456403957605362232e-01
6.399353803396224949e-01
6.490005368590354706e-01
6.532626778483391350e-01
6.382905474901199305e-01
6.542217223048210073e-01
6.435602176785468753e-01
6.345580645203590109e-01
6.454664170742034912e-01
6.521460465192794320e-01
6.369551697373390109e-01
6.342010350227356152e-01
6.404750732183456252e-01
6.256515582799911934e-01
6.434504608511925072e-01
6.339703877568244605e-01
6.294959298968315631e-01
6.282301639318466080e-01
6.254735824465751381e-01
6.313868417143821965e-01
6.261093204617500518e-01
6.308971619606018599e-01
6.303062908649444962e-01
6.360837244391441825e-01
6.361446496844291865e-01
6.265881738662719691e-01
6.263318599462509573e-01
6.172113241553306429e-01
6.263889511823653722e-01
6.231424681544304178e-01
6.225250345468521518e-01
6.206463053822517395e-01
6.210692049860954134e-01
6.146137582659720877e-01
6.096069359779358043e-01
6.164861103892326222e-01
6.183526021838188225e-01
6.136184631586074634e-01
6.204916875362396222e-01
6.178448014855384418e-01
6.202269344925880334e-01
6.262454350590705987e-01
6.241112933158874387e-01
6.094828540086746349e-01
6.098247844576835108e-01
6.072098366618156051e-01
6.167919095754623715e-01
6.145106769204139452e-01
6.192335942387581227e-01
6.152529550194740793e-01
6.140537531375884761e-01
6.037700874805450590e-01
6.075487468838691729e-01
6.084098502993583457e-01
6.113716564774512863e-01
6.061485746502875971e-01
6.011309402585029993e-01
6.073947612643242344e-01
6.064989959597587577e-01
6.014568796753883007e-01
5.977526628375053885e-01
5.969238970279693302e-01
6.013161789178848027e-01
6.011049729585647983e-01
6.003592916727066298e-01
5.994533217549323778e-01
5.998268570899963903e-01
6.020706291794777343e-01
5.969892441630363367e-01
5.978480567336081908e-01
5.937242543101310943e-01
5.948883368372916980e-01
5.929641928672790829e-01
5.956243149638176249e-01
5.892377371191978019e-01
5.910622428059577604e-01
5.917018333077430636e-01
5.939685292243958026e-01
5.858144475221633840e-01
5.867924268245696684e-01
5.857546645998954471e-01
5.905399568080902384e-01
5.883728076219558734e-01
5.825290128588676009e-01
5.904471205472946460e-01
5.786741155385971558e-01
5.809021381735801626e-01
5.829826087355614028e-01
5.776955042481421998e-01
5.761571532487869129e-01
5.703051486015320304e-01
5.754824821352958475e-01
5.838665575683117392e-01
5.859299755096435414e-01
5.810055848956108271e-01
5.742262210845947568e-01
5.733081755638123056e-01
5.817082073092461059e-01
5.839680811166763075e-01
5.737864000797271435e-01
5.796704456806183181e-01
5.742288038730621880e-01
5.756871711611747378e-01
5.805757186412811022e-01
5.771709086298942859e-01
5.709641276597976489e-01
5.702103144526481371e-01
5.790856027305125719e-01
5.774047728776932065e-01
5.696720111966132594e-01
5.584098396897315686e-01
5.730071525573730007e-01
5.713590085506439209e-01
5.735083613395690616e-01
5.689681702256202955e-01
5.703584399819373596e-01
5.694007267951964879e-01
5.691181215643882352e-01
5.611750103533268419e-01
5.703278800845146268e-01
5.703933393955230580e-01
5.644529005289077306e-01
5.665020490288734667e-01
5.631745326519012051e-01
5.590965983271598549e-01
5.563484899401665018e-01
5.644280917644500795e-01
5.574820486903190320e-01
5.599111820459365951e-01
5.597054908871650358e-01
