2.118400037288665771e-01
2.930200099945068359e-01
3.289200067520141602e-01
3.527599871158599854e-01
3.724400103092193604e-01
3.881599903106689453e-01
4.051800072193145752e-01
4.167200028896331787e-01
4.277800023555755615e-01
4.350999891757965088e-01
4.445399940013885498e-01
4.522800147533416748e-01
4.589599967002868652e-01
4.652000069618225098e-01
4.707799851894378662e-01
4.785200059413909912e-01
4.805000126361846924e-01
4.830600023269653320e-01
4.883399903774261475e-01
4.958400130271911621e-01
4.983200132846832275e-01
5.040400028228759766e-01
5.040599703788757324e-01
5.083199739456176758e-01
5.101000070571899414e-01
5.124800205230712891e-01
5.154799818992614746e-01
5.170999765396118164e-01
5.221599936485290527e-01
5.239400267601013184e-01
5.255799889564514160e-01
5.267599821090698242e-01
5.274400115013122559e-01
5.314400196075439453e-01
5.340600013732910156e-01
5.353999733924865723e-01
5.372400283813476562e-01
5.407599806785583496e-01
5.431200265884399414e-01
5.454800128936767578e-01
5.429400205612182617e-01
5.469200015068054199e-01
5.505399703979492188e-01
5.505999922752380371e-01
5.530599951744079590e-01
5.546600222587585449e-01
5.569599866867065430e-01
5.576199889183044434e-01
5.630199909210205078e-01
5.628600120544433594e-01
5.605400204658508301e-01
5.640199780464172363e-01
5.642200112342834473e-01
5.661399960517883301e-01
5.687400102615356445e-01
5.698400139808654785e-01
5.662800073623657227e-01
5.720400214195251465e-01
5.753999948501586914e-01
5.726199746131896973e-01
5.743200182914733887e-01
5.767199993133544922e-01
5.775600075721740723e-01
5.773599743843078613e-01
5.822600126266479492e-01
5.827800035476684570e-01
5.830199718475341797e-01
5.858399868011474609e-01
5.830600261688232422e-01
5.878400206565856934e-01
5.880799889564514160e-01
5.894799828529357910e-01
5.904999971389770508e-01
5.911999940872192383e-01
5.935800075531005859e-01
5.926200151443481445e-01
5.946999788284301758e-01
5.940799713134765625e-01
5.968999862670898438e-01
5.958600044250488281e-01
5.969600081443786621e-01
5.972399711608886719e-01
5.985800027847290039e-01
6.033599972724914551e-01
6.042400002479553223e-01
6.030799746513366699e-01
5.990999937057495117e-01
6.047999858856201172e-01
6.051800251007080078e-01
6.034399867057800293e-01
6.062999963760375977e-01
6.058999896049499512e-01
6.097000241279602051e-01
6.076999902725219727e-01
6.112800240516662598e-01
6.118599772453308105e-01
6.129599809646606445e-01
6.154000163078308105e-01
6.138200163841247559e-01
6.132199764251708984e-01
6.150000095367431641e-01
6.122599840164184570e-01
6.160399913787841797e-01
6.172000169754028320e-01
6.151599884033203125e-01
6.191999912261962891e-01
6.209800243377685547e-01
6.177800297737121582e-01
6.198400259017944336e-01
6.191400289535522461e-01
6.193600296974182129e-01
6.208199858665466309e-01
6.231200098991394043e-01
6.264399886131286621e-01
6.244800090789794922e-01
6.258800029754638672e-01
6.266999840736389160e-01
6.251000165939331055e-01
6.276000142097473145e-01
6.265599727630615234e-01
6.274600028991699219e-01
6.280400156974792480e-01
6.278799772262573242e-01
6.279600262641906738e-01
6.330000162124633789e-01
6.289600133895874023e-01
6.355999708175659180e-01
6.304799914360046387e-01
6.307200193405151367e-01
6.360399723052978516e-01
6.368600130081176758e-01
6.369000077247619629e-01
6.382399797439575195e-01
6.379399895668029785e-01
6.353600025177001953e-01
6.368600130081176758e-01
6.365799903869628906e-01
6.376199722290039062e-01
6.386799812316894531e-01
6.426399946212768555e-01
6.423599720001220703e-01
6.398000121116638184e-01
6.427800059318542480e-01
6.442400217056274414e-01
6.412199735641479492e-01
6.418600082397460938e-01
6.432999968528747559e-01
6.446200013160705566e-01
6.469399929046630859e-01
6.462600231170654297e-01
6.456599831581115723e-01
6.452199816703796387e-01
6.471800208091735840e-01
6.457599997520446777e-01
6.492400169372558594e-01
6.483200192451477051e-01
6.495800018310546875e-01
6.493999958038330078e-01
6.496800184249877930e-01
6.476399898529052734e-01
6.525200009346008301e-01
6.513000130653381348e-01
6.525999903678894043e-01
6.510599851608276367e-01
6.534000039100646973e-01
6.531999707221984863e-01
6.540799736976623535e-01
6.544399857521057129e-01
6.546800136566162109e-01
6.556400060653686523e-01
6.566600203514099121e-01
6.557000279426574707e-01
6.579200029373168945e-01
6.575800180435180664e-01
6.577399969100952148e-01
6.606199741363525391e-01
6.587200164794921875e-01
6.611999869346618652e-01
6.589000225067138672e-01
6.597200036048889160e-01
6.596800088882446289e-01
6.620600223541259766e-01
6.614400148391723633e-01
6.615399718284606934e-01
6.635400056838989258e-01
6.607999801635742188e-01
6.635199785232543945e-01
6.649399995803833008e-01
6.635400056838989258e-01
6.666399836540222168e-01
6.660199761390686035e-01
6.641799807548522949e-01
6.631000041961669922e-01
6.659200191497802734e-01
6.700199842453002930e-01
6.660799980163574219e-01
6.657599806785583496e-01
6.680799722671508789e-01
6.659399867057800293e-01
6.684200167655944824e-01
6.695799827575683594e-01
6.711199879646301270e-01
6.675400137901306152e-01
6.708599925041198730e-01
6.689400076866149902e-01
6.705600023269653320e-01
6.684600114822387695e-01
6.694999933242797852e-01
6.715999841690063477e-01
6.720200181007385254e-01
6.729999780654907227e-01
6.749200224876403809e-01
6.734600067138671875e-01
6.721799969673156738e-01
6.749799847602844238e-01
6.727200150489807129e-01
6.761599779129028320e-01
6.751000285148620605e-01
6.768599748611450195e-01
6.770200133323669434e-01
6.750000119209289551e-01
6.786999702453613281e-01
6.790000200271606445e-01
6.765800118446350098e-01
6.804400086402893066e-01
6.754999756813049316e-01
6.784200072288513184e-01
6.812000274658203125e-01
6.811599731445312500e-01
6.807000041007995605e-01
6.814600229263305664e-01
6.817799806594848633e-01
6.822199821472167969e-01
6.815999746322631836e-01
6.789600253105163574e-01
6.831799745559692383e-01
6.812199950218200684e-01
6.868799924850463867e-01
6.824600100517272949e-01
6.826599836349487305e-01
6.844199895858764648e-01
6.827999949455261230e-01
6.849799752235412598e-01
6.862199902534484863e-01
6.849399805068969727e-01
6.881800293922424316e-01
6.835600137710571289e-01
6.842799782752990723e-01
6.861199736595153809e-01
6.878200173377990723e-01
6.882600188255310059e-01
6.855800151824951172e-01
6.842600107192993164e-01
6.884800195693969727e-01
6.868799924850463867e-01
6.892200112342834473e-01
6.884400248527526855e-01
6.878600120544433594e-01
6.896200180053710938e-01
6.901800036430358887e-01
6.889600157737731934e-01
6.918600201606750488e-01
6.933199763298034668e-01
6.917999982833862305e-01
6.916800141334533691e-01
6.924200057983398438e-01
6.920400261878967285e-01
6.922799944877624512e-01
6.922399997711181641e-01
6.916599869728088379e-01
6.946399807929992676e-01
6.937400102615356445e-01
6.953999996185302734e-01
6.941000223159790039e-01
6.933400034904479980e-01
6.957200169563293457e-01
6.954600214958190918e-01
6.947000026702880859e-01
6.945199966430664062e-01
6.948199868202209473e-01
6.956599950790405273e-01
6.970800161361694336e-01
6.961200237274169922e-01
6.987800002098083496e-01
6.962400078773498535e-01
6.966000199317932129e-01
6.978399753570556641e-01
6.976000070571899414e-01
6.980999708175659180e-01
6.990799903869628906e-01
6.969799995422363281e-01
6.990000009536743164e-01
6.989799737930297852e-01
6.986799836158752441e-01
7.011200189590454102e-01
7.009000182151794434e-01
6.972399950027465820e-01
7.039999961853027344e-01
7.021600008010864258e-01
7.022799849510192871e-01
7.026399970054626465e-01
6.991999745368957520e-01
7.007600069046020508e-01
7.022200226783752441e-01
6.999999880790710449e-01
7.036399841308593750e-01
7.000200152397155762e-01
7.051600217819213867e-01
7.045199871063232422e-01
7.024199962615966797e-01
7.038400173187255859e-01
7.043600082397460938e-01
7.054799795150756836e-01
7.056000232696533203e-01
7.053800225257873535e-01
7.024800181388854980e-01
7.074199914932250977e-01
7.057399749755859375e-01
7.082200050354003906e-01
7.064599990844726562e-01
7.061799764633178711e-01
7.075799703598022461e-01
7.062600255012512207e-01
7.071999907493591309e-01
7.060599923133850098e-01
7.082800269126892090e-01
7.035400271415710449e-01
7.073799967765808105e-01
7.125599980354309082e-01
7.075399756431579590e-01
7.075999975204467773e-01
7.109199762344360352e-01
7.095599770545959473e-01
7.104799747467041016e-01
7.092199921607971191e-01
7.108600139617919922e-01
7.105000019073486328e-01
7.116199731826782227e-01
7.076200246810913086e-01
7.118399739265441895e-01
7.124599814414978027e-01
7.100999951362609863e-01
7.112799882888793945e-01
7.127000093460083008e-01
7.119600176811218262e-01
7.118600010871887207e-01
7.125800251960754395e-01
7.133399844169616699e-01
7.159199714660644531e-01
7.122600078582763672e-01
7.143399715423583984e-01
7.151799798011779785e-01
7.143200039863586426e-01
7.141000032424926758e-01
7.160000205039978027e-01
7.131400108337402344e-01
7.132800221443176270e-01
7.144799828529357910e-01
7.175400257110595703e-01
7.130399942398071289e-01
7.159799933433532715e-01
7.150999903678894043e-01
7.168599963188171387e-01
7.146800160408020020e-01
7.204999923706054688e-01
7.185800075531005859e-01
7.163599729537963867e-01
7.169600129127502441e-01
7.166799902915954590e-01
7.174400091171264648e-01
7.156400084495544434e-01
7.176200151443481445e-01
7.208600044250488281e-01
7.196599841117858887e-01
7.180200219154357910e-01
7.208799719810485840e-01
7.219799757003784180e-01
7.186599969863891602e-01
7.189000248908996582e-01
7.195600271224975586e-01
7.236599922180175781e-01
7.205399870872497559e-01
7.185000181198120117e-01
7.232800126075744629e-01
7.212399840354919434e-01
7.234799861907958984e-01
7.213000059127807617e-01
7.207199931144714355e-01
7.198799848556518555e-01
7.229999899864196777e-01
7.223600149154663086e-01
7.228999733924865723e-01
7.220399975776672363e-01
7.221999764442443848e-01
7.253000140190124512e-01
7.231600284576416016e-01
7.233399748802185059e-01
7.244399785995483398e-01
7.253400087356567383e-01
7.227200269699096680e-01
7.226799726486206055e-01
7.250800132751464844e-01
7.225199937820434570e-01
7.241200208663940430e-01
7.237399816513061523e-01
7.271000146865844727e-01
7.279800176620483398e-01
7.264800071716308594e-01
7.264599800109863281e-01
7.285000085830688477e-01
7.246400117874145508e-01
7.277399897575378418e-01
7.292400002479553223e-01
7.279199957847595215e-01
7.286999821662902832e-01
7.269999980926513672e-01
7.287399768829345703e-01
7.284600138664245605e-01
7.292600274085998535e-01
7.276600003242492676e-01
7.292600274085998535e-01
7.283599972724914551e-01
7.268599867820739746e-01
7.312399744987487793e-01
7.273200154304504395e-01
7.292600274085998535e-01
7.260800004005432129e-01
7.285599708557128906e-01
7.282000184059143066e-01
7.309600114822387695e-01
7.297800183296203613e-01
7.285400032997131348e-01
7.294999957084655762e-01
7.314000129699707031e-01
7.331799864768981934e-01
7.308800220489501953e-01
7.317799925804138184e-01
7.333599925041198730e-01
7.335000038146972656e-01
7.281600236892700195e-01
7.309399843215942383e-01
7.313399910926818848e-01
7.321000099182128906e-01
7.329599857330322266e-01
7.323600053787231445e-01
7.340400218963623047e-01
7.335199713706970215e-01
7.312399744987487793e-01
7.332000136375427246e-01
7.366399765014648438e-01
7.369199991226196289e-01
7.336400151252746582e-01
7.319200038909912109e-01
7.357199788093566895e-01
7.348999977111816406e-01
7.371000051498413086e-01
7.348600029945373535e-01
7.375400066375732422e-01
7.354400157928466797e-01
7.356799840927124023e-01
7.342000007629394531e-01
7.347800135612487793e-01
7.344999909400939941e-01
7.376800179481506348e-01
7.347199916839599609e-01
7.394400238990783691e-01
7.339400053024291992e-01
7.357800006866455078e-01
7.384200096130371094e-01
7.389799952507019043e-01
7.409999966621398926e-01
7.376800179481506348e-01
7.350400090217590332e-01
7.383000254631042480e-01
7.368199825286865234e-01
7.387400269508361816e-01
7.394599914550781250e-01
7.374200224876403809e-01
7.397000193595886230e-01
7.384600043296813965e-01
7.392600178718566895e-01
7.386800050735473633e-01
7.378399968147277832e-01
7.400199770927429199e-01
7.398999929428100586e-01
7.394800186157226562e-01
7.388799786567687988e-01
7.393400073051452637e-01
7.410799860954284668e-01
7.386599779129028320e-01
7.407799959182739258e-01
7.425000071525573730e-01
7.386800050735473633e-01
7.398399710655212402e-01
7.422999739646911621e-01
7.407799959182739258e-01
7.426199913024902344e-01
7.398599982261657715e-01
7.430999875068664551e-01
7.422000169754028320e-01
