1.827256781101226801e+00
1.683549480915069507e+00
1.623947348833084003e+00
1.587613022565841581e+00
1.555279651165008437e+00
1.528726852893829369e+00
1.513191735267639171e+00
1.488645873308181766e+00
1.472337737798690815e+00
1.458438917636871279e+00
1.443994125604629586e+00
1.429750051975250180e+00
1.418201013088226325e+00
1.405104169368743827e+00
1.397262678146362402e+00
1.387474250793456987e+00
1.378237022161483694e+00
1.364487318515777536e+00
1.355937456250190687e+00
1.348476806163787733e+00
1.340550237894058139e+00
1.328276802062988260e+00
1.323203550338745149e+00
1.312272781133651645e+00
1.308485065460205155e+00
1.299668710470199606e+00
1.291776705861091612e+00
1.289606645941734353e+00
1.281539584159851142e+00
1.271488196015357897e+00
1.268633377194404499e+00
1.259255212783813471e+00
1.254645119667053166e+00
1.254577717900276168e+00
1.247618132591247653e+00
1.245836610078811635e+00
1.230393605232238841e+00
1.236473974227905170e+00
1.224979577064514213e+00
1.217809754729270999e+00
1.210523707747459321e+00
1.210610807418823320e+00
1.207511778712272665e+00
1.195819673418998752e+00
1.194185619115829544e+00
1.189731061816215574e+00
1.186211274027824336e+00
1.182830216288566660e+00
1.180027822375297575e+00
1.173871169328689623e+00
1.167610986113548188e+00
1.163610882997512919e+00
1.160115669846534692e+00
1.156642969012260380e+00
1.149188231706619323e+00
1.144276060819625851e+00
1.151216037273407045e+00
1.139942982435226515e+00
1.136653485417365994e+00
1.131430828809738109e+00
1.128137308001518235e+00
1.124254679083824149e+00
1.120047924757003877e+00
1.116151449918747041e+00
1.111447840452194136e+00
1.106542471051216170e+00
1.097205628871917638e+00
1.103236342310905505e+00
1.098095273733139088e+00
1.101135562896728537e+00
1.090641619920730498e+00
1.087460421800613419e+00
1.082721862792968670e+00
1.082488618850707907e+00
1.076305692791938773e+00
1.074137323737144545e+00
1.070721645712852554e+00
1.060492177605628861e+00
1.063073261737823572e+00
1.063128281593322733e+00
1.054822605729103024e+00
1.048453804612159646e+00
1.050606994628906277e+00
1.039819548726081955e+00
1.048876521587371879e+00
1.038883386492729155e+00
1.036607203960418611e+00
1.030073720455169761e+00
1.030727497458457931e+00
1.027322836518287597e+00
1.025551883220672700e+00
1.025969144701957658e+00
1.019771542072296144e+00
1.016498215675353922e+00
1.012766931414604166e+00
1.009239298105239824e+00
1.006295882582664447e+00
1.000793301701545790e+00
1.000239026069641213e+00
1.001904650926589868e+00
9.960968505144118801e-01
9.938032367229461261e-01
9.924052810668945179e-01
9.883071918487549290e-01
9.818958084583282453e-01
9.797767871618270341e-01
9.815442590713501225e-01
9.742267502546310132e-01
9.686804115772247314e-01
9.765208173990249652e-01
9.661865905523300269e-01
9.674784580469131257e-01
9.593288376331329248e-01
9.604922646284103083e-01
9.581635981798172219e-01
9.594910197257995321e-01
9.547202206850051720e-01
9.443793674707412489e-01
9.491230028867722046e-01
9.386822447776794753e-01
9.470525166988372767e-01
9.388826651573181081e-01
9.386328773498535671e-01
9.345456686019897319e-01
9.290070728063583028e-01
9.311445583105086854e-01
9.282742455005645876e-01
9.271777408123016428e-01
9.223076604604720785e-01
9.187260808944701651e-01
9.215692110061645126e-01
9.101250337362289944e-01
9.100930340290069864e-01
9.152207006216048768e-01
9.070562775135040390e-01
9.082757492065429705e-01
9.107924704551696449e-01
9.079733262062072985e-01
9.074830892086028777e-01
8.970026894807815454e-01
8.949962458610534188e-01
8.935820215940475375e-01
8.931906428337097470e-01
8.925372608900070670e-01
8.912560919523239145e-01
8.880860198736191258e-01
8.821651661396026078e-01
8.752656015157699310e-01
8.780046746730804097e-01
8.795314263105392660e-01
8.734217967987060183e-01
8.725279526710509881e-01
8.659694738388061808e-01
8.693668563365936075e-01
8.597990368604659928e-01
8.629821666479110531e-01
8.549267969131469913e-01
8.640193186998367247e-01
8.524008238315582409e-01
8.529225171804427630e-01
8.479669387340545983e-01
8.525705418586730922e-01
8.574271106719970614e-01
8.444115183353424481e-01
8.442245136499404445e-01
8.476528419256210700e-01
8.395655072927474816e-01
8.360117802619934091e-01
8.374280852079390991e-01
8.414340581893920978e-01
8.336806666851043213e-01
8.337964307069778425e-01
8.280595092773437305e-01
8.306302900314330717e-01
8.261621530056000307e-01
8.214400687217712216e-01
8.207817070484161315e-01
8.202475696802139504e-01
8.154783578515052422e-01
8.212021570205688681e-01
8.144805659055709413e-01
8.111523346900939568e-01
8.095073333978652919e-01
8.123708114624023091e-01
8.101881620883941704e-01
7.990258066654205571e-01
8.023690518736839028e-01
8.063338315486907604e-01
7.985734817981720024e-01
7.955237835645675437e-01
7.992310323119163895e-01
7.987868894338607806e-01
7.982948003411293181e-01
7.969535917043686357e-01
7.966430642604828138e-01
7.912763122916222081e-01
7.900953046083449838e-01
7.812166121006012265e-01
7.836567379832267699e-01
7.818292480111121989e-01
7.803422636985778427e-01
7.787010887861252062e-01
7.807680931687355219e-01
7.748545269966125026e-01
7.802753037214279486e-01
7.692092015147209416e-01
7.660025050640105748e-01
7.645444647073745825e-01
7.605150016546249336e-01
7.631355593204498522e-01
7.613069776296615965e-01
7.629121797084807977e-01
7.612718239426612410e-01
7.643746056556701696e-01
7.583713736534118954e-01
7.603638997077941664e-01
7.513844606876373122e-01
7.448336209058761259e-01
7.476275746226310748e-01
7.525161852836609322e-01
7.500543259382247419e-01
7.476338214874267418e-01
7.426205301880836052e-01
7.359815191030502080e-01
7.415047980546951578e-01
7.433004374504089684e-01
7.364864097237586726e-01
7.435781495571136546e-01
7.378088015317917359e-01
7.399639698863029746e-01
7.366723450422286712e-01
7.268843157291412505e-01
7.282559571266173926e-01
7.336607142686843996e-01
7.250836775898933384e-01
7.264194651246070888e-01
7.264638606309891111e-01
7.227594369053840229e-01
7.136388772726058871e-01
7.208047713637352194e-01
7.271233816742896927e-01
7.150458187460899673e-01
7.171147593259811215e-01
7.139950152039528097e-01
7.081581383347511638e-01
7.112875930666923141e-01
7.065684236288071185e-01
7.086982006430625480e-01
7.103066413998603279e-01
7.140083903670311205e-01
7.034269148111342851e-01
7.112466659545898517e-01
7.079263200759887686e-01
7.083108305335045207e-01
6.938208467960357284e-01
6.988192901015282121e-01
7.029426797032356511e-01
6.952134791016578719e-01
6.897106051445007768e-01
6.898766903281211560e-01
6.911613776087760508e-01
6.988296416997910043e-01
6.895162200331688140e-01
6.878498426079749928e-01
6.886988229155540653e-01
6.923758942484855572e-01
6.833634219765662987e-01
6.872900560498237388e-01
6.747530893087386739e-01
6.789305203557014501e-01
6.783152577877045175e-01
6.773198738694190535e-01
6.710003694295882948e-01
6.716726260781288316e-01
6.804590074419974988e-01
6.698663908243179810e-01
6.732668303251266861e-01
6.672798974514007053e-01
6.698350815773009836e-01
6.693986254334449715e-01
6.606813068985939452e-01
6.708415441513061461e-01
6.700582584142684706e-01
6.630712659955024790e-01
6.592361019849777293e-01
6.574340255260467947e-01
6.603810085058212653e-01
6.645335261821746498e-01
6.518413749337196306e-01
6.562511546611785596e-01
6.535770465731620682e-01
6.508755202889442426e-01
6.481893262267113265e-01
6.544009262323379206e-01
6.548913204669952748e-01
6.450625030994415754e-01
6.477498712539673242e-01
6.515754560828208586e-01
6.442294741868972441e-01
6.431748936176300280e-01
6.474615614414215292e-01
6.486078708767890610e-01
6.473153017759323280e-01
6.496274111866950918e-01
6.439390461444854941e-01
6.404180333614349907e-01
6.406509047746657970e-01
6.309620746374130507e-01
6.411873566508292654e-01
6.360898001193999729e-01
6.341652408838271970e-01
6.364001758694648458e-01
6.316694359183311347e-01
6.321429563164711052e-01
6.366222653388976527e-01
6.339930151104926637e-01
6.331110580563544810e-01
6.251586183905601946e-01
6.244496279358864310e-01
6.183556414842605875e-01
6.214827070236206286e-01
6.238007125258445695e-01
6.220973107814788960e-01
6.318212594389915893e-01
6.202122117877006957e-01
6.167179249525069906e-01
6.225845684409141434e-01
6.222867966294288733e-01
6.148602091670036796e-01
6.194089910984039715e-01
6.113238897919655024e-01
6.198911682367325149e-01
6.099420738816261345e-01
6.103420606851577279e-01
6.140015254020690927e-01
6.066459381580352472e-01
6.042649763226508597e-01
6.033166530728339971e-01
6.016637569069862579e-01
6.082169188261031811e-01
6.048666607737541723e-01
6.043520218133926480e-01
6.039947320818901400e-01
6.003888568282127469e-01
5.979830399751663306e-01
6.013220589756965717e-01
6.076382039189338613e-01
6.004375247955322514e-01
5.977839575409888973e-01
6.031535034179686949e-01
5.945907626748084818e-01
5.926727430820465381e-01
5.955887867808341563e-01
5.902562223672866981e-01
5.865407574772835142e-01
5.878960719108581312e-01
5.867140446305274537e-01
5.854697901606559229e-01
5.874848111867904121e-01
5.884778059720993104e-01
5.875397166609763744e-01
5.903304174542427507e-01
5.838938253521919197e-01
5.788275788426399115e-01
5.827790294885635269e-01
5.852999091148376465e-01
5.832910137772560066e-01
5.762238810658455446e-01
5.783377873897552757e-01
5.844038698077201888e-01
5.794894434213638812e-01
5.799449273347854206e-01
5.789706893563270063e-01
5.787980861067771876e-01
5.688258809447288566e-01
5.739013388156890549e-01
5.785289732813835295e-01
5.728044738173484474e-01
5.680729455351829493e-01
5.675117493271827351e-01
5.719321560263633808e-01
5.677789149284362402e-01
5.631959442496299317e-01
5.634369941949843863e-01
5.631249057650565826e-01
5.790034314393996961e-01
5.687519576549530109e-01
5.611457430720329098e-01
5.667452555298805317e-01
5.613172959685325258e-01
5.620163278579711763e-01
5.613430872559547202e-01
5.491192408204078612e-01
5.566188449263572702e-01
5.593430644273758023e-01
5.651730342209339009e-01
5.618249214887619525e-01
5.599602553248405057e-01
5.503914265036582432e-01
5.561439470648765759e-01
5.555057653784751803e-01
5.500858725011348316e-01
5.479586327672004709e-01
5.545583611726760953e-01
5.486100916266440919e-01
5.517485836744308036e-01
5.453705220818519939e-01
5.541556662917137555e-01
5.471134293675422589e-01
5.482516094446182597e-01
5.463392294049262965e-01
5.537147823572158289e-01
5.484422745108604724e-01
5.444747572541236424e-01
5.454418057799339525e-01
5.430417122840881516e-01
5.450373451113701417e-01
5.406946706175803641e-01
5.421060461401939756e-01
5.399210947751998946e-01
5.426072514653206280e-01
5.383791307806968796e-01
5.344097555577754788e-01
5.379079360961913636e-01
5.375475323498248859e-01
5.418894814252853687e-01
5.347051697969437134e-01
5.342126035690307750e-01
5.362077112197876083e-01
5.362066338956356093e-01
5.325240216851234720e-01
5.326643635034561397e-01
5.319351803064346074e-01
5.377016184329986848e-01
5.346766614913940341e-01
5.358924247622489645e-01
5.341406847238541200e-01
5.381420235037803756e-01
5.325666902065276931e-01
5.331828395724296232e-01
5.272677793502807964e-01
5.290364023745059985e-01
5.220139881968498541e-01
5.232941059470176404e-01
5.251622176170349654e-01
5.215372079014778395e-01
5.241981866359710640e-01
5.188815966844558814e-01
5.242464498281479424e-01
5.279270449876785065e-01
5.195348936021327857e-01
5.223038272857666309e-01
5.176268441677093213e-01
5.147923311591148243e-01
5.159855905473231807e-01
5.239623817205428802e-01
5.237393052577972163e-01
5.252005723714828767e-01
5.088622514903545779e-01
5.261768561303615810e-01
5.180011420845985759e-01
5.085854415595530975e-01
5.096919051110744281e-01
5.135036852359772253e-01
5.130909141898155612e-01
5.223881613612174624e-01
5.128806195259094647e-01
5.099608085751533570e-01
5.122236648797988678e-01
5.055439296960830831e-01
5.085192293524741780e-01
5.084243838191032649e-01
5.090406537950038501e-01
5.114780730009078624e-01
5.018657761812209683e-01
5.101425844728946224e-01
5.107349749207497069e-01
5.087767924666404262e-01
5.137377228140831420e-01
5.043949391245842184e-01
5.043597154915332448e-01
5.069458209872246268e-01
4.996740702390670696e-01
4.965691552460193559e-01
4.861150067150593057e-01
5.014823458194732630e-01
5.038836231827735768e-01
4.927942450642585626e-01
5.051599959433078491e-01
4.927217065393924567e-01
4.882599093019962533e-01
4.986159088909625781e-01
4.984516029953956484e-01
4.893052330017089724e-01
4.954821162223815856e-01
4.954560793638229099e-01
4.984896509349346361e-01
4.950609221458435183e-01
4.979870360195636780e-01
4.974684006869792841e-01
