3.527599871158599854e-01
4.076800048351287842e-01
4.247800111770629883e-01
4.379599988460540771e-01
4.472399950027465820e-01
4.564400017261505127e-01
4.630399942398071289e-01
4.694199860095977783e-01
4.791800081729888916e-01
4.811600148677825928e-01
4.848400056362152100e-01
4.912399947643280029e-01
4.955599904060363770e-01
4.984599947929382324e-01
5.012000203132629395e-01
5.043799877166748047e-01
5.076599717140197754e-01
5.131000280380249023e-01
5.174400210380554199e-01
5.201399922370910645e-01
5.202599763870239258e-01
5.261399745941162109e-01
5.261399745941162109e-01
5.317999720573425293e-01
5.335199832916259766e-01
5.345799922943115234e-01
5.419600009918212891e-01
5.389400124549865723e-01
5.435799956321716309e-01
5.452600121498107910e-01
5.465599894523620605e-01
5.500199794769287109e-01
5.507799983024597168e-01
5.504800081253051758e-01
5.548800230026245117e-01
5.549600124359130859e-01
5.591599941253662109e-01
5.596799850463867188e-01
5.619800090789794922e-01
5.648800134658813477e-01
5.656399726867675781e-01
5.673999786376953125e-01
5.702000260353088379e-01
5.716400146484375000e-01
5.710800290107727051e-01
5.745800137519836426e-01
5.774999856948852539e-01
5.789200067520141602e-01
5.799199938774108887e-01
5.807399749755859375e-01
5.841799974441528320e-01
5.830000042915344238e-01
5.857399702072143555e-01
5.882400274276733398e-01
5.886800289154052734e-01
5.940600037574768066e-01
5.892199873924255371e-01
5.913000106811523438e-01
5.951200127601623535e-01
5.967800021171569824e-01
5.971800088882446289e-01
5.978800058364868164e-01
6.021999716758728027e-01
6.010199785232543945e-01
6.044399738311767578e-01
6.035599708557128906e-01
6.064599752426147461e-01
6.055200099945068359e-01
6.067000031471252441e-01
6.075000166893005371e-01
6.095600128173828125e-01
6.123200058937072754e-01
6.147800087928771973e-01
6.131600141525268555e-01
6.170200109481811523e-01
6.166200041770935059e-01
6.171399950981140137e-01
6.227399706840515137e-01
6.209999918937683105e-01
6.215599775314331055e-01
6.225600242614746094e-01
6.286600232124328613e-01
6.237999796867370605e-01
6.280599832534790039e-01
6.263599991798400879e-01
6.306200027465820312e-01
6.285600066184997559e-01
6.323000192642211914e-01
6.308199763298034668e-01
6.361399888992309570e-01
6.334800124168395996e-01
6.309999823570251465e-01
6.343200206756591797e-01
6.391800045967102051e-01
6.387799978256225586e-01
6.428200006484985352e-01
6.439800262451171875e-01
6.431599855422973633e-01
6.431000232696533203e-01
6.421200037002563477e-01
6.430000066757202148e-01
6.453599929809570312e-01
6.421399712562561035e-01
6.484199762344360352e-01
6.482999920845031738e-01
6.511800289154052734e-01
6.499800086021423340e-01
6.527000069618225098e-01
6.528800129890441895e-01
6.507800221443176270e-01
6.546800136566162109e-01
6.535599827766418457e-01
6.575599908828735352e-01
6.570799946784973145e-01
6.568199992179870605e-01
6.570000052452087402e-01
6.602799892425537109e-01
6.611800193786621094e-01
6.615399718284606934e-01
6.657999753952026367e-01
6.625800132751464844e-01
6.632199883460998535e-01
6.651999950408935547e-01
6.673600077629089355e-01
6.672999858856201172e-01
6.690999865531921387e-01
6.681799888610839844e-01
6.696599721908569336e-01
6.715000271797180176e-01
6.733000278472900391e-01
6.706200242042541504e-01
6.732400059700012207e-01
6.744599938392639160e-01
6.728399991989135742e-01
6.778399944305419922e-01
6.764000058174133301e-01
6.741799712181091309e-01
6.734200119972229004e-01
6.755399703979492188e-01
6.775199770927429199e-01
6.803200244903564453e-01
6.820399761199951172e-01
6.813200116157531738e-01
6.797800064086914062e-01
6.823800206184387207e-01
6.800600290298461914e-01
6.860799789428710938e-01
6.884199976921081543e-01
6.870200037956237793e-01
6.847199797630310059e-01
6.881600022315979004e-01
6.879600286483764648e-01
6.918399930000305176e-01
6.891599893569946289e-01
6.936600208282470703e-01
6.926199793815612793e-01
6.969799995422363281e-01
6.913200020790100098e-01
6.943600177764892578e-01
6.960600018501281738e-01
6.965399980545043945e-01
6.966199874877929688e-01
6.934000253677368164e-01
6.990399956703186035e-01
7.023199796676635742e-01
6.981400251388549805e-01
7.003600001335144043e-01
6.992400288581848145e-01
7.020400166511535645e-01
7.001399993896484375e-01
7.018600106239318848e-01
7.015600204467773438e-01
7.047200202941894531e-01
7.059000134468078613e-01
7.044399976730346680e-01
7.053599953651428223e-01
7.058200240135192871e-01
7.088199853897094727e-01
7.101600170135498047e-01
7.070000171661376953e-01
7.090200185775756836e-01
7.111999988555908203e-01
7.086799740791320801e-01
7.091000080108642578e-01
7.113199830055236816e-01
7.153199911117553711e-01
7.122600078582763672e-01
7.108600139617919922e-01
7.135800123214721680e-01
7.166399955749511719e-01
7.163800001144409180e-01
7.146800160408020020e-01
7.122799754142761230e-01
7.148799896240234375e-01
7.140799760818481445e-01
7.164000272750854492e-01
7.203599810600280762e-01
7.216799855232238770e-01
7.209399938583374023e-01
7.206199765205383301e-01
7.228000164031982422e-01
7.233800292015075684e-01
7.228800058364868164e-01
7.233600020408630371e-01
7.212200164794921875e-01
7.260599732398986816e-01
7.262600064277648926e-01
7.264400124549865723e-01
7.277200222015380859e-01
7.275999784469604492e-01
7.273200154304504395e-01
7.290800213813781738e-01
7.286599874496459961e-01
7.287399768829345703e-01
7.283599972724914551e-01
7.296400070190429688e-01
7.326999902725219727e-01
7.343199849128723145e-01
7.329800128936767578e-01
7.300999760627746582e-01
7.312800288200378418e-01
7.345399856567382812e-01
7.333999872207641602e-01
7.367799878120422363e-01
7.351999878883361816e-01
7.362400293350219727e-01
7.374399900436401367e-01
7.348799705505371094e-01
7.366399765014648438e-01
7.355599999427795410e-01
7.371799945831298828e-01
7.399600148200988770e-01
7.400000095367431641e-01
7.377600073814392090e-01
7.402600049972534180e-01
7.413600087165832520e-01
7.405999898910522461e-01
7.421399950981140137e-01
7.464600205421447754e-01
7.432000041007995605e-01
7.407400012016296387e-01
7.444999814033508301e-01
7.447000145912170410e-01
7.454199790954589844e-01
7.469000220298767090e-01
7.446399927139282227e-01
7.472599744796752930e-01
7.481399774551391602e-01
7.446200251579284668e-01
7.445799708366394043e-01
7.506200075149536133e-01
7.484400272369384766e-01
7.475200295448303223e-01
7.484999895095825195e-01
7.532799839973449707e-01
7.526800036430358887e-01
7.491800189018249512e-01
7.532799839973449707e-01
7.559000253677368164e-01
7.560399770736694336e-01
7.541000247001647949e-01
7.512800097465515137e-01
7.544999718666076660e-01
7.527999877929687500e-01
7.554600238800048828e-01
7.530599832534790039e-01
7.565400004386901855e-01
7.557799816131591797e-01
7.598400115966796875e-01
7.581999897956848145e-01
7.585800290107727051e-01
7.589399814605712891e-01
7.603999972343444824e-01
7.574800252914428711e-01
7.581999897956848145e-01
7.631800174713134766e-01
7.602199912071228027e-01
7.620599865913391113e-01
7.606599926948547363e-01
7.620800137519836426e-01
7.658799886703491211e-01
7.623800039291381836e-01
7.598599791526794434e-01
7.650399804115295410e-01
7.665200233459472656e-01
7.675399780273437500e-01
7.652800083160400391e-01
7.630199790000915527e-01
7.694600224494934082e-01
7.658799886703491211e-01
7.676799893379211426e-01
7.699400186538696289e-01
7.692599892616271973e-01
7.691000103950500488e-01
7.656000256538391113e-01
7.692000269889831543e-01
7.711799740791320801e-01
7.696200013160705566e-01
7.715600132942199707e-01
7.720400094985961914e-01
7.687399983406066895e-01
7.688000202178955078e-01
7.699000239372253418e-01
7.703999876976013184e-01
7.695999741554260254e-01
7.705399990081787109e-01
7.702800035476684570e-01
7.750200033187866211e-01
7.710999846458435059e-01
7.759199738502502441e-01
7.768800258636474609e-01
7.755600214004516602e-01
7.740200161933898926e-01
7.770599722862243652e-01
7.740600109100341797e-01
7.736799716949462891e-01
7.746599912643432617e-01
7.783200144767761230e-01
7.799800038337707520e-01
7.793400287628173828e-01
7.810400128364562988e-01
7.769600152969360352e-01
7.795600295066833496e-01
7.761999964714050293e-01
7.801399827003479004e-01
7.804800271987915039e-01
7.780799865722656250e-01
7.777000069618225098e-01
7.823799848556518555e-01
7.807800173759460449e-01
7.822999954223632812e-01
7.808200120925903320e-01
7.827200293540954590e-01
7.824599742889404297e-01
7.807999849319458008e-01
7.846199870109558105e-01
7.854999899864196777e-01
7.870200276374816895e-01
7.854400277137756348e-01
7.825000286102294922e-01
7.881199717521667480e-01
7.874400019645690918e-01
7.853800058364868164e-01
7.870200276374816895e-01
7.888799905776977539e-01
7.879400253295898438e-01
7.838799953460693359e-01
7.861999869346618652e-01
7.892799973487854004e-01
7.864800095558166504e-01
7.879800200462341309e-01
7.905399799346923828e-01
7.886199951171875000e-01
7.913399934768676758e-01
7.909600138664245605e-01
7.930200099945068359e-01
7.926999926567077637e-01
7.908200025558471680e-01
7.918800115585327148e-01
7.907800078392028809e-01
7.922199964523315430e-01
7.901800274848937988e-01
7.923799753189086914e-01
7.949600219726562500e-01
7.953400015830993652e-01
7.935799956321716309e-01
7.956399917602539062e-01
7.973799705505371094e-01
7.944800257682800293e-01
7.933200001716613770e-01
7.953400015830993652e-01
7.966200113296508789e-01
7.965999841690063477e-01
7.959200143814086914e-01
7.985200285911560059e-01
7.949600219726562500e-01
7.953799962997436523e-01
7.982000112533569336e-01
7.979599833488464355e-01
7.994400262832641602e-01
7.984799742698669434e-01
8.011000156402587891e-01
8.002600073814392090e-01
8.004199862480163574e-01
8.004999756813049316e-01
7.939800024032592773e-01
7.982199788093566895e-01
8.019800186157226562e-01
7.991799712181091309e-01
8.015000224113464355e-01
8.006399869918823242e-01
8.008999824523925781e-01
8.045799732208251953e-01
8.042200207710266113e-01
8.019000291824340820e-01
8.001999855041503906e-01
8.040000200271606445e-01
8.036000132560729980e-01
8.049600124359130859e-01
8.047000169754028320e-01
8.047199845314025879e-01
8.049399852752685547e-01
8.073800206184387207e-01
8.051000237464904785e-01
8.065199851989746094e-01
8.048999905586242676e-01
8.082200288772583008e-01
8.040000200271606445e-01
8.082600235939025879e-01
8.058199882507324219e-01
8.088200092315673828e-01
8.044999837875366211e-01
8.062999844551086426e-01
8.067600131034851074e-01
8.072800040245056152e-01
8.070600032806396484e-01
8.083400130271911621e-01
8.089200258255004883e-01
8.077999949455261230e-01
8.091800212860107422e-01
8.081600069999694824e-01
8.098999857902526855e-01
8.109599947929382324e-01
8.092799782752990723e-01
8.102399706840515137e-01
8.087400197982788086e-01
8.114399909973144531e-01
8.111400008201599121e-01
8.110600113868713379e-01
8.116999864578247070e-01
8.115000128746032715e-01
8.139799833297729492e-01
8.144000172615051270e-01
8.096799850463867188e-01
8.106399774551391602e-01
8.109999895095825195e-01
8.136199712753295898e-01
8.104400038719177246e-01
8.132799863815307617e-01
8.125799894332885742e-01
8.149399757385253906e-01
8.131399750709533691e-01
8.163400292396545410e-01
8.184400200843811035e-01
8.156399726867675781e-01
8.154199719429016113e-01
8.161600232124328613e-01
8.173400163650512695e-01
8.159800171852111816e-01
8.151599764823913574e-01
8.179200291633605957e-01
8.178399801254272461e-01
8.187000155448913574e-01
8.189200162887573242e-01
8.179000020027160645e-01
8.157200217247009277e-01
8.174600005149841309e-01
8.173400163650512695e-01
8.210800290107727051e-01
8.167200088500976562e-01
8.189600110054016113e-01
8.207399845123291016e-01
8.209000229835510254e-01
8.180400133132934570e-01
8.200600147247314453e-01
8.173800110816955566e-01
8.201799988746643066e-01
8.205400109291076660e-01
8.208799958229064941e-01
8.230000138282775879e-01
8.234599828720092773e-01
8.202400207519531250e-01
8.220800161361694336e-01
8.197000026702880859e-01
8.249199986457824707e-01
8.196399807929992676e-01
8.189200162887573242e-01
8.228600025177001953e-01
8.209400177001953125e-01
8.223999738693237305e-01
8.227599859237670898e-01
8.244199752807617188e-01
8.251600265502929688e-01
8.250200152397155762e-01
8.296999931335449219e-01
8.255400061607360840e-01
8.250200152397155762e-01
8.266599774360656738e-01
8.257600069046020508e-01
8.265799880027770996e-01
8.287400007247924805e-01
8.263800144195556641e-01
8.234400153160095215e-01
8.281400203704833984e-01
8.259800076484680176e-01
8.271600008010864258e-01
8.266800045967102051e-01
8.253399729728698730e-01
8.262599706649780273e-01
8.263400197029113770e-01
