2.020879765272140638e+00
1.808003485441207925e+00
1.726285177707672203e+00
1.670460244655609161e+00
1.621965752363204949e+00
1.588344905138015850e+00
1.556192274570465051e+00
1.532407106637954763e+00
1.511995991468429557e+00
1.492467620611190871e+00
1.477337420225143472e+00
1.465356563091278153e+00
1.450411849260330177e+00
1.432201350450515775e+00
1.422312703132629474e+00
1.412449141263961705e+00
1.398833410024642898e+00
1.391365984916687060e+00
1.376203887939453141e+00
1.368444682598114026e+00
1.357674666643142736e+00
1.345856139183044364e+00
1.341701941967010425e+00
1.329104161024093678e+00
1.322580166816711422e+00
1.314062381029128979e+00
1.302097349524498071e+00
1.302567075133323593e+00
1.289862564325332750e+00
1.281290916442871186e+00
1.273384127378463848e+00
1.271858772397041371e+00
1.262258310556411800e+00
1.254282562136650014e+00
1.248645544767379656e+00
1.240058667302131656e+00
1.235932154655456472e+00
1.229179729223251361e+00
1.231234563827514616e+00
1.223918084383010862e+00
1.211077271103858877e+00
1.210194869041442800e+00
1.210070953845977737e+00
1.199536206841468777e+00
1.192895323753356829e+00
1.192066614627838028e+00
1.186180912375450092e+00
1.176781077027320821e+00
1.178240507125854597e+00
1.167765036463737527e+00
1.171248518586158749e+00
1.164997705221176183e+00
1.155992686510086020e+00
1.150386965394020189e+00
1.146875765800476010e+00
1.146819600939750661e+00
1.144510815620422450e+00
1.137071272015571566e+00
1.132072822809219392e+00
1.129120339035987852e+00
1.130986680388450516e+00
1.125278463602066070e+00
1.114576603531837407e+00
1.114177806258201509e+00
1.117226129531860401e+00
1.107390109419822632e+00
1.105410331487655551e+00
1.101763925194740201e+00
1.096544363498687780e+00
1.092859015822410518e+00
1.094393672227859549e+00
1.085743082284927441e+00
1.083430315732955895e+00
1.083494700193405214e+00
1.078843363642692621e+00
1.076528481841087403e+00
1.072798698186874455e+00
1.070394641518592760e+00
1.067125604271888628e+00
1.062729687094688513e+00
1.060983956575393572e+00
1.056549799680709834e+00
1.058433670520782410e+00
1.050369993209838926e+00
1.047928774952888498e+00
1.047674283385276794e+00
1.046965043187141342e+00
1.044982560634613034e+00
1.041214555025100630e+00
1.036402188897132870e+00
1.033950275540351793e+00
1.031894887924194260e+00
1.030881334543228167e+00
1.021911173939704875e+00
1.026939914107322771e+00
1.022477041482925397e+00
1.018525306820869503e+00
1.017461710214614845e+00
1.010854939341545133e+00
1.013310522556304827e+00
1.011287892699241686e+00
1.003517454385757457e+00
1.002084924340248095e+00
1.003836447238922069e+00
1.001441963315010009e+00
1.000380958080291816e+00
9.993384807109833012e-01
9.979541070461273033e-01
9.918814976215362123e-01
9.882902922630310005e-01
9.909990226030349625e-01
9.874735338687896657e-01
9.848204653263091801e-01
9.808702259063720730e-01
9.816362557411193457e-01
9.778291236162185429e-01
9.743373385667800646e-01
9.749896593093871910e-01
9.721480125188827204e-01
9.755440455675125078e-01
9.699221391677856907e-01
9.688886178731918042e-01
9.605239536762237851e-01
9.608033665418624913e-01
9.640932860374450408e-01
9.581345034837722707e-01
9.548730068206786603e-01
9.572537128925323602e-01
9.487289918661117039e-01
9.502374428510665938e-01
9.453680176734924334e-01
9.429357922077179488e-01
9.412883473634720000e-01
9.413162798881530291e-01
9.452521762847900799e-01
9.386529204845428520e-01
9.381996948719024676e-01
9.391834537982940434e-01
9.335141193866729470e-01
9.323736981153488701e-01
9.273494888544082659e-01
9.277683607339859417e-01
9.297744902372360176e-01
9.282147799730300353e-01
9.195269486904144030e-01
9.292236778736114866e-01
9.120087912082671666e-01
9.210406492948531865e-01
9.142587476968765392e-01
9.164605044126510336e-01
9.127123616933822126e-01
9.080778220891952968e-01
9.122461478710174321e-01
9.079640972614287930e-01
9.131890709400176664e-01
8.978382065296173220e-01
9.032989100217819756e-01
9.038274679183959659e-01
9.031001634597778382e-01
9.050311352014541733e-01
8.934996224641800211e-01
8.965449790954589382e-01
8.969139268398285125e-01
8.920420551300048961e-01
8.959892896413803598e-01
8.960118817090988452e-01
8.896351267099380511e-01
8.873705781698226769e-01
8.891948506832122456e-01
8.841861429214477042e-01
8.881176567077636586e-01
8.812024114131927766e-01
8.813252044916153327e-01
8.826197334527969840e-01
8.749317476749419731e-01
8.765060122013091926e-01
8.761894532442092709e-01
8.712084882259368834e-01
8.697073786258697758e-01
8.680737456083297277e-01
8.682564045190811486e-01
8.737490860223769973e-01
8.638066823482513090e-01
8.683318662643432218e-01
8.625442436933516976e-01
8.655251131057739578e-01
8.602094084024429765e-01
8.567559660673141897e-01
8.595665357112884930e-01
8.533000204563140345e-01
8.573626601696013871e-01
8.558201992511749179e-01
8.518263382911681614e-01
8.455384527444839149e-01
8.481749327182769305e-01
8.522107598781585303e-01
8.438019983768463295e-01
8.467804507017135940e-01
8.400339679718017427e-01
8.521100051403045494e-01
8.436371504664420540e-01
8.425846343040466202e-01
8.407435985803604073e-01
8.420160466432571322e-01
8.344444721937179787e-01
8.423460582494736171e-01
8.353608341217041433e-01
8.354013627767562511e-01
8.315441296100616331e-01
8.325046426057816085e-01
8.286544538736343446e-01
8.236493369340897042e-01
8.248415317535400249e-01
8.258959596157073868e-01
8.231584676504135611e-01
8.242526656389236317e-01
8.216209183931351134e-01
8.210308735370636102e-01
8.200458031892776667e-01
8.180198423862456991e-01
8.133802658915519901e-01
8.208814672231674603e-01
8.170537188053130784e-01
8.108702765703201809e-01
8.110541216135025433e-01
8.102824865579605351e-01
8.124134049415588921e-01
8.063024046421051194e-01
8.072720596790313730e-01
8.080910025835037480e-01
8.023225151300430458e-01
8.058839197158813583e-01
8.033296490311622184e-01
7.998392322063445636e-01
8.005735019445419098e-01
7.997340213060378789e-01
8.021585881114006167e-01
7.967340785264969139e-01
7.945709115266800238e-01
7.947946506738662320e-01
7.880304868221282844e-01
7.916073328256607589e-01
7.911106826066970354e-01
7.945597975254058420e-01
7.874568493962288418e-01
7.854633966684341218e-01
7.888891892433166353e-01
7.883915966749190929e-01
7.896244261264800945e-01
7.833327175974845735e-01
7.789270732402800990e-01
7.890435431003570699e-01
7.789379464387893304e-01
7.788895670771598390e-01
7.804127464890480148e-01
7.788575616478919939e-01
7.717653956413269567e-01
7.729764701128005733e-01
7.800885592699050575e-01
7.765003160834312856e-01
7.710668155550957081e-01
7.679767286777496871e-01
7.677962397933005834e-01
7.707638090848922818e-01
7.636151360273361055e-01
7.639503576755524161e-01
7.646735218763351938e-01
7.657340890169144210e-01
7.675947952866554180e-01
7.641149910688400659e-01
7.606489893198012942e-01
7.669618904590607134e-01
7.637112618684768206e-01
7.573156657814980042e-01
7.581802353262900862e-01
7.571911256909370502e-01
7.556430877447127825e-01
7.562055018544197038e-01
7.544848511219024445e-01
7.541508941650391096e-01
7.496837811470031809e-01
7.484592741727829068e-01
7.496355575323104814e-01
7.523912436366081424e-01
7.524790093898773291e-01
7.530355072617530565e-01
7.463463969230651474e-01
7.459256668686866654e-01
7.455003427267075100e-01
7.512333331704139638e-01
7.424583749175072134e-01
7.453614771962165930e-01
7.360142102241515882e-01
7.446444292664528009e-01
7.390558353066444264e-01
7.407332237362861393e-01
7.328663231134414646e-01
7.373369328379630883e-01
7.334038568735122832e-01
7.377277952432632624e-01
7.293901472687721599e-01
7.357611194252967612e-01
7.321097040176391957e-01
7.272202595472335718e-01
7.324934654831886105e-01
7.302347779273986594e-01
7.337893478274345460e-01
7.264071978330611801e-01
7.295636054277420124e-01
7.278422626852989463e-01
7.232168096899985743e-01
7.219376492500305664e-01
7.191550102233886799e-01
7.246597170829772727e-01
7.261441516876220303e-01
7.178833048343657985e-01
7.198943873643874891e-01
7.233196644783019824e-01
7.226688122749328480e-01
7.130183377861976091e-01
7.189607130289077386e-01
7.171173974871635215e-01
7.241342046856880099e-01
7.170953098535537418e-01
7.165811478495597298e-01
7.168059445023536869e-01
7.154825568795204482e-01
7.086827474236487845e-01
7.050613452196121678e-01
7.084569308757782125e-01
7.096729921698570198e-01
7.047986566424370158e-01
7.059729904532432432e-01
7.034832752943038781e-01
7.049042582511901855e-01
7.064333792328834072e-01
7.005395299196243153e-01
7.093621373176575151e-01
7.029845809936523526e-01
7.022167011499405032e-01
7.020825513005256591e-01
7.022660638093948249e-01
7.007611066699027669e-01
7.006359169483185045e-01
6.992140354514122524e-01
6.889211165308952722e-01
6.967399857044219713e-01
7.021218587160110713e-01
6.933842176795005363e-01
6.903787680268287374e-01
6.984625116586685722e-01
6.887049956321715793e-01
6.886120908260345841e-01
6.948083917498588669e-01
6.865701037049293243e-01
6.960007715225219327e-01
6.929681401848792888e-01
6.928916993737220809e-01
6.969231562018394222e-01
6.865842058062553432e-01
6.877313705086708362e-01
6.870903061032295200e-01
6.787917181849479897e-01
6.830149647593498630e-01
6.752899017930030778e-01
6.818154010176659119e-01
6.763293864727020210e-01
6.844680501818657392e-01
6.775797545909881814e-01
6.789859473109245425e-01
6.819477444291114354e-01
6.746490674018860156e-01
6.746706998944282940e-01
6.785580432415008190e-01
6.816594495773314888e-01
6.748485870361328187e-01
6.748613487482071349e-01
6.816940729618072847e-01
6.817867943048476764e-01
6.790436163544655290e-01
6.707448499798774888e-01
6.710979704260826573e-01
6.659052998423576897e-01
6.689278427958488260e-01
6.728111960887909193e-01
6.705078917145729234e-01
6.650535598993301267e-01
6.760061549544333914e-01
6.578190591335296711e-01
6.658878982067107932e-01
6.611846917271614332e-01
6.601856499910354614e-01
6.633803349137306071e-01
6.620363640785217330e-01
6.605727570056915132e-01
6.586599054932594788e-01
6.604198104739189557e-01
6.612762757539749625e-01
6.612697952389716693e-01
6.613689146637916627e-01
6.562312891483307320e-01
6.527011761665344469e-01
6.574293132424354758e-01
6.565636406540871217e-01
6.534511904120445802e-01
6.542302622795105327e-01
6.582662664651870443e-01
6.527103270292282655e-01
6.516254466772078979e-01
6.565385721921920270e-01
6.558388855457305544e-01
6.472158254384994258e-01
6.488315955996513118e-01
6.480672639012337033e-01
6.475144971609115840e-01
6.480755663514137233e-01
6.492594052553176676e-01
6.476068577170371876e-01
6.476206800937652774e-01
6.530563869476317951e-01
6.449093034863472296e-01
6.527772148847580391e-01
6.452120503783226324e-01
6.447155631184577906e-01
6.486707191467284694e-01
6.417667532563209321e-01
6.368069272041321227e-01
6.424905400872230610e-01
6.424276571869850239e-01
6.341931023597717765e-01
6.417209460735321391e-01
6.384918745756149594e-01
6.368996335864066660e-01
6.335335723757743454e-01
6.361035844683646800e-01
6.413852552771568405e-01
6.355962987542151943e-01
6.326716769337653590e-01
6.298197834491729985e-01
6.363749657869338661e-01
6.327226643562317010e-01
6.358544138073921603e-01
6.316922681927681360e-01
6.266134772300719913e-01
6.332347357869148041e-01
6.312558387517929193e-01
6.326906566619873162e-01
6.334331036806106763e-01
6.325687544345856006e-01
6.321942809224129212e-01
6.302631589174270133e-01
6.288773725032806849e-01
6.291126509308815340e-01
6.312507258057594717e-01
6.252882037758826783e-01
6.256994233131408789e-01
6.292916686534881787e-01
6.234507524967193293e-01
6.225212916135788310e-01
6.204975483417510818e-01
6.208252739310264889e-01
6.245728377699851785e-01
6.217291545271873554e-01
6.182359210848807907e-01
6.185276293754577992e-01
6.216780393719673059e-01
6.176518480777740683e-01
6.204039719104766926e-01
6.135183265805244091e-01
6.216513310670852555e-01
6.183874309062957764e-01
6.179888733029365033e-01
6.192173466086388078e-01
6.178444569110870255e-01
6.151887863278389101e-01
6.135367297530174291e-01
6.179208297133446104e-01
6.174488515257835486e-01
6.136736860275268102e-01
6.167287841439247353e-01
6.110515353679657480e-01
6.149648840427398566e-01
6.118603149056434098e-01
6.065705189108848705e-01
6.074460708498954364e-01
6.064380471110344395e-01
6.078877348303795003e-01
6.126288806796074127e-01
6.072989034056663904e-01
6.115050426721573285e-01
6.027840216755866454e-01
6.052386668920517465e-01
6.078895989060402183e-01
6.026713458895682773e-01
6.092609894275665683e-01
5.998497251868247782e-01
6.070942391753196832e-01
5.986374620795249513e-01
5.962137613892555255e-01
6.021501102447509579e-01
