1.025800034403800964e-01
1.106399968266487122e-01
1.228400021791458130e-01
1.487600058317184448e-01
1.786199957132339478e-01
2.208800017833709717e-01
2.605200111865997314e-01
2.838999927043914795e-01
3.010199964046478271e-01
3.129400014877319336e-01
3.267000019550323486e-01
3.346799910068511963e-01
3.458600044250488281e-01
3.555800020694732666e-01
3.655599951744079590e-01
3.696599900722503662e-01
3.766199946403503418e-01
3.840599954128265381e-01
3.908799886703491211e-01
3.951799869537353516e-01
4.014999866485595703e-01
4.078400135040283203e-01
4.108400046825408936e-01
4.162000119686126709e-01
4.195199906826019287e-01
4.218600094318389893e-01
4.264999926090240479e-01
4.316200017929077148e-01
4.369800090789794922e-01
4.399000108242034912e-01
4.391199946403503418e-01
4.462000131607055664e-01
4.470799863338470459e-01
4.453800022602081299e-01
4.510999917984008789e-01
4.509600102901458740e-01
4.557799994945526123e-01
4.578399956226348877e-01
4.587199985980987549e-01
4.612799882888793945e-01
4.625599980354309082e-01
4.676800072193145752e-01
4.687399864196777344e-01
4.717000126838684082e-01
4.730600118637084961e-01
4.741800129413604736e-01
4.778400063514709473e-01
4.794400036334991455e-01
4.800800085067749023e-01
4.787000119686126709e-01
4.808999896049499512e-01
4.846400022506713867e-01
4.831599891185760498e-01
4.858799874782562256e-01
4.867999851703643799e-01
4.876999855041503906e-01
4.903399944305419922e-01
4.921199977397918701e-01
4.929000139236450195e-01
4.943000078201293945e-01
4.952000081539154053e-01
4.972600042819976807e-01
4.976600110530853271e-01
4.980199933052062988e-01
5.021799802780151367e-01
5.021200180053710938e-01
5.062999725341796875e-01
5.040000081062316895e-01
5.076400041580200195e-01
5.058400034904479980e-01
5.102599859237670898e-01
5.097200274467468262e-01
5.089200139045715332e-01
5.116999745368957520e-01
5.096799731254577637e-01
5.134000182151794434e-01
5.131000280380249023e-01
5.167599916458129883e-01
5.127599835395812988e-01
5.158399939537048340e-01
5.205600261688232422e-01
5.150200128555297852e-01
5.223000049591064453e-01
5.195999741554260254e-01
5.236999988555908203e-01
5.218600034713745117e-01
5.217000246047973633e-01
5.246199965476989746e-01
5.228999853134155273e-01
5.246599912643432617e-01
5.289999842643737793e-01
5.257599949836730957e-01
5.281000137329101562e-01
5.295600295066833496e-01
5.299000144004821777e-01
5.293800234794616699e-01
5.289999842643737793e-01
5.312799811363220215e-01
5.337799787521362305e-01
5.345199704170227051e-01
5.343999862670898438e-01
5.347399711608886719e-01
5.350999832153320312e-01
5.372599959373474121e-01
5.342599749565124512e-01
5.376200079917907715e-01
5.370000004768371582e-01
5.392799973487854004e-01
5.418199896812438965e-01
5.378000140190124512e-01
5.404000282287597656e-01
5.414800047874450684e-01
5.434600114822387695e-01
5.405200123786926270e-01
5.436800122261047363e-01
5.415999889373779297e-01
5.465400218963623047e-01
5.458800196647644043e-01
5.476599931716918945e-01
5.501999855041503906e-01
5.476999878883361816e-01
5.500599741935729980e-01
5.495399832725524902e-01
5.487200021743774414e-01
5.520200133323669434e-01
5.499200224876403809e-01
5.516600012779235840e-01
5.547800064086914062e-01
5.552999973297119141e-01
5.541399717330932617e-01
5.515199899673461914e-01
5.550199747085571289e-01
5.548800230026245117e-01
5.549799799919128418e-01
5.553200244903564453e-01
5.570600032806396484e-01
5.577999949455261230e-01
5.558400154113769531e-01
5.584999918937683105e-01
5.565999746322631836e-01
5.612800121307373047e-01
5.622599720954895020e-01
5.602999925613403320e-01
5.636600255966186523e-01
5.637599825859069824e-01
5.624200105667114258e-01
5.605599880218505859e-01
5.649399757385253906e-01
5.626800060272216797e-01
5.611600279808044434e-01
5.635600090026855469e-01
5.637400150299072266e-01
5.659800171852111816e-01
5.637000203132629395e-01
5.655800104141235352e-01
5.670999884605407715e-01
5.674600005149841309e-01
5.662000179290771484e-01
5.648199915885925293e-01
5.707799792289733887e-01
5.684400200843811035e-01
5.693600177764892578e-01
5.673999786376953125e-01
5.702400207519531250e-01
5.720199942588806152e-01
5.688800215721130371e-01
5.723000168800354004e-01
5.699800252914428711e-01
5.752800107002258301e-01
5.708199739456176758e-01
5.751000046730041504e-01
5.738599896430969238e-01
5.748000144958496094e-01
5.733399987220764160e-01
5.765799880027770996e-01
5.730999708175659180e-01
5.753999948501586914e-01
5.744199752807617188e-01
5.770400166511535645e-01
5.774000287055969238e-01
5.760599970817565918e-01
5.751799941062927246e-01
5.761399865150451660e-01
5.760999917984008789e-01
5.779200196266174316e-01
5.755400061607360840e-01
5.794600248336791992e-01
5.785400271415710449e-01
5.794799923896789551e-01
5.797600150108337402e-01
5.797399878501892090e-01
5.814800262451171875e-01
5.806999802589416504e-01
5.830399990081787109e-01
5.809999704360961914e-01
5.827599763870239258e-01
5.816400051116943359e-01
5.818799734115600586e-01
5.805600285530090332e-01
5.818399786949157715e-01
5.832399725914001465e-01
5.842999815940856934e-01
5.830000042915344238e-01
5.828599929809570312e-01
5.882200002670288086e-01
5.856199860572814941e-01
5.841599702835083008e-01
5.849400162696838379e-01
5.838800072669982910e-01
5.894600152969360352e-01
5.851799845695495605e-01
5.865200161933898926e-01
5.875200033187866211e-01
5.898000001907348633e-01
5.885800123214721680e-01
5.889800190925598145e-01
5.849800109863281250e-01
5.924599766731262207e-01
5.898799896240234375e-01
5.896000266075134277e-01
5.899400115013122559e-01
5.907999873161315918e-01
5.893399715423583984e-01
5.913800001144409180e-01
5.938599705696105957e-01
5.920000076293945312e-01
5.913000106811523438e-01
5.900599956512451172e-01
5.929999947547912598e-01
5.899599790573120117e-01
5.954399704933166504e-01
5.914999842643737793e-01
5.950800180435180664e-01
5.957000255584716797e-01
5.922600030899047852e-01
5.935400128364562988e-01
5.916399955749511719e-01
5.948799848556518555e-01
5.947399735450744629e-01
5.965600013732910156e-01
5.936999917030334473e-01
5.960199832916259766e-01
5.938199758529663086e-01
5.967000126838684082e-01
5.970399975776672363e-01
5.955200195312500000e-01
5.973799824714660645e-01
5.963600277900695801e-01
5.990200042724609375e-01
5.964000225067138672e-01
5.993000268936157227e-01
6.012399792671203613e-01
5.993999838829040527e-01
5.973799824714660645e-01
5.961199998855590820e-01
5.989999771118164062e-01
6.011400222778320312e-01
6.009399890899658203e-01
6.001999974250793457e-01
6.021199822425842285e-01
6.037399768829345703e-01
6.049399971961975098e-01
6.010199785232543945e-01
6.053599715232849121e-01
6.039000153541564941e-01
6.036800146102905273e-01
6.037200093269348145e-01
6.043999791145324707e-01
6.031399965286254883e-01
6.043999791145324707e-01
6.032199859619140625e-01
6.038200259208679199e-01
6.062600016593933105e-01
6.030600070953369141e-01
6.060600280761718750e-01
6.057000160217285156e-01
6.016200184822082520e-01
6.013200283050537109e-01
6.020799875259399414e-01
6.065999865531921387e-01
6.037799715995788574e-01
6.075400114059448242e-01
6.046400070190429688e-01
6.080200076103210449e-01
6.044600009918212891e-01
6.090000271797180176e-01
6.078799962997436523e-01
6.075199842453002930e-01
6.039999723434448242e-01
6.095200181007385254e-01
6.041799783706665039e-01
6.082400083541870117e-01
6.102799773216247559e-01
6.099200248718261719e-01
6.100000143051147461e-01
6.100999712944030762e-01
6.094400286674499512e-01
6.092000007629394531e-01
6.089199781417846680e-01
6.093999743461608887e-01
6.097800135612487793e-01
6.065800189971923828e-01
6.094599962234497070e-01
6.097999811172485352e-01
6.089400053024291992e-01
6.098799705505371094e-01
6.108800172805786133e-01
6.104400157928466797e-01
6.138200163841247559e-01
6.135600209236145020e-01
6.090199947357177734e-01
6.120200157165527344e-01
6.131600141525268555e-01
6.116200089454650879e-01
6.133999824523925781e-01
6.145399808883666992e-01
6.148399710655212402e-01
6.139400005340576172e-01
6.129999756813049316e-01
6.160399913787841797e-01
6.113600134849548340e-01
6.178200244903564453e-01
6.149399876594543457e-01
6.150400042533874512e-01
6.139000058174133301e-01
6.161199808120727539e-01
6.152200102806091309e-01
6.167600154876708984e-01
6.140599846839904785e-01
6.133800148963928223e-01
6.156200170516967773e-01
6.160200238227844238e-01
6.161800026893615723e-01
6.184999942779541016e-01
6.188799738883972168e-01
6.185200214385986328e-01
6.172800064086914062e-01
6.151599884033203125e-01
6.177200078964233398e-01
6.162400245666503906e-01
6.147000193595886230e-01
6.195799708366394043e-01
6.176800131797790527e-01
6.161999702453613281e-01
6.199799776077270508e-01
6.219199895858764648e-01
6.190999746322631836e-01
6.180800199508666992e-01
6.205000281333923340e-01
6.189600229263305664e-01
6.208199858665466309e-01
6.204000115394592285e-01
6.206200122833251953e-01
6.229199767112731934e-01
6.204400062561035156e-01
6.214799880981445312e-01
6.187800168991088867e-01
6.195999979972839355e-01
6.199799776077270508e-01
6.246600151062011719e-01
6.230599880218505859e-01
6.237599849700927734e-01
6.211400032043457031e-01
6.237400174140930176e-01
6.208999752998352051e-01
6.208199858665466309e-01
6.237999796867370605e-01
6.234200000762939453e-01
6.256200075149536133e-01
6.234599947929382324e-01
6.250000000000000000e-01
6.248199939727783203e-01
6.260799765586853027e-01
6.240800023078918457e-01
6.248199939727783203e-01
6.223599910736083984e-01
6.220800280570983887e-01
6.258599758148193359e-01
6.262599825859069824e-01
6.265599727630615234e-01
6.230999827384948730e-01
6.259800195693969727e-01
6.259599924087524414e-01
6.264799833297729492e-01
6.254400014877319336e-01
6.267799735069274902e-01
6.247799992561340332e-01
6.262199878692626953e-01
6.271799802780151367e-01
6.273199915885925293e-01
6.258999705314636230e-01
6.251199841499328613e-01
6.267799735069274902e-01
6.292799711227416992e-01
6.300200223922729492e-01
6.294800043106079102e-01
6.281800270080566406e-01
6.280800104141235352e-01
6.275600194931030273e-01
6.295199990272521973e-01
6.279399991035461426e-01
6.305199861526489258e-01
6.274999976158142090e-01
6.312400102615356445e-01
6.298599839210510254e-01
6.276199817657470703e-01
6.309599876403808594e-01
6.298599839210510254e-01
6.315600275993347168e-01
6.280800104141235352e-01
6.311399936676025391e-01
6.294400095939636230e-01
6.326199769973754883e-01
6.315199732780456543e-01
6.324800252914428711e-01
6.265599727630615234e-01
6.311200261116027832e-01
6.326199769973754883e-01
6.294400095939636230e-01
6.307200193405151367e-01
6.332600116729736328e-01
6.306200027465820312e-01
6.302599906921386719e-01
6.297399997711181641e-01
6.303399801254272461e-01
6.335800290107727051e-01
6.322600245475769043e-01
6.352599859237670898e-01
6.352999806404113770e-01
6.373199820518493652e-01
6.326799988746643066e-01
6.331800222396850586e-01
6.315000057220458984e-01
6.277599930763244629e-01
6.371600031852722168e-01
6.316400170326232910e-01
6.334599852561950684e-01
6.361200213432312012e-01
6.331999897956848145e-01
6.338400244712829590e-01
6.332600116729736328e-01
6.345599889755249023e-01
6.353399753570556641e-01
6.362800002098083496e-01
6.342200040817260742e-01
6.359000205993652344e-01
6.350200176239013672e-01
6.370400190353393555e-01
6.332399845123291016e-01
6.366800069808959961e-01
6.377199888229370117e-01
6.383200287818908691e-01
6.381599903106689453e-01
6.371600031852722168e-01
6.355800032615661621e-01
6.382600069046020508e-01
6.379399895668029785e-01
6.365000009536743164e-01
6.401399970054626465e-01
6.376399993896484375e-01
6.379799842834472656e-01
6.369400024414062500e-01
6.373199820518493652e-01
6.369199752807617188e-01
6.389799714088439941e-01
6.384199857711791992e-01
6.399800181388854980e-01
6.359999775886535645e-01
6.398800015449523926e-01
6.394400000572204590e-01
6.389799714088439941e-01
6.397600173950195312e-01
6.374599933624267578e-01
6.363000273704528809e-01
6.405599713325500488e-01
6.409400105476379395e-01
6.409400105476379395e-01
6.405599713325500488e-01
6.406400203704833984e-01
6.388599872589111328e-01
6.405000090599060059e-01
6.418200135231018066e-01
6.397200226783752441e-01
6.399599909782409668e-01
6.420000195503234863e-01
6.416400074958801270e-01
6.383200287818908691e-01
6.406999826431274414e-01
6.423199772834777832e-01
6.407399773597717285e-01
6.434000134468078613e-01
6.426799893379211426e-01
6.410999894142150879e-01
6.415799856185913086e-01
6.408399939537048340e-01
6.443399786949157715e-01
6.386600136756896973e-01
6.414800286293029785e-01
6.434400081634521484e-01
6.456000208854675293e-01
