2.175831465482712002e+00
1.960232276201248069e+00
1.879576216459274196e+00
1.814703228473663277e+00
1.757195418834686329e+00
1.710658848762512285e+00
1.668529153108596841e+00
1.635815070867538523e+00
1.601772211790084777e+00
1.576226886749267475e+00
1.553822616577148485e+00
1.531703942298889176e+00
1.515530581474304306e+00
1.495766377925872748e+00
1.482702854871749798e+00
1.465158820867538347e+00
1.457579080581665076e+00
1.443084501504898087e+00
1.430492941617965696e+00
1.418305925846099935e+00
1.406805473566055342e+00
1.397973246097564681e+00
1.385669109821319633e+00
1.378766160488128723e+00
1.373989723920822081e+00
1.361262464046478327e+00
1.353814931631088347e+00
1.348336468696594181e+00
1.340648342847824193e+00
1.333520343065261793e+00
1.324038841724395787e+00
1.320238179206848050e+00
1.317224684000015245e+00
1.304150182485580345e+00
1.302442101359367443e+00
1.294968580722808849e+00
1.290391151785850621e+00
1.286267629623413011e+00
1.280807618021964966e+00
1.271438437700271651e+00
1.270450269460678072e+00
1.263412596583366465e+00
1.256910876512527420e+00
1.254738738059997472e+00
1.245920329928398074e+00
1.246576721429824897e+00
1.237484773159027052e+00
1.233020468115806567e+00
1.228015656828880253e+00
1.225414325714111241e+00
1.224271311283111618e+00
1.220940832972526646e+00
1.213092120289802622e+00
1.212251966953277638e+00
1.207105054378509568e+00
1.200614444494247479e+00
1.199177549839019807e+00
1.197782855153083803e+00
1.185714481234550366e+00
1.191636927247047506e+00
1.188119721174240029e+00
1.179377538442611728e+00
1.177623360037803657e+00
1.177701413512229900e+00
1.172960945963859469e+00
1.166011515498161399e+00
1.165969490408897302e+00
1.158459346771240295e+00
1.159043734073638809e+00
1.156691409707069296e+00
1.151263720393180812e+00
1.149536465644836358e+00
1.147633367061615006e+00
1.141587469339370831e+00
1.142815760016441251e+00
1.137194597482681369e+00
1.137710527777671787e+00
1.129904128074646019e+00
1.127957110047340450e+00
1.127048018336296087e+00
1.128189528346061676e+00
1.123082402229309107e+00
1.118783762335777254e+00
1.110462283015251073e+00
1.112489194273948767e+00
1.112141970992088336e+00
1.113776836872100828e+00
1.107983129501342701e+00
1.106064600467681958e+00
1.104982212185859680e+00
1.099639876842498865e+00
1.098204996109008791e+00
1.094047090649604703e+00
1.095279906392097491e+00
1.085989918231964113e+00
1.085685483574867272e+00
1.082053326964378392e+00
1.080855495810508771e+00
1.079760811805725140e+00
1.081725444793701252e+00
1.079041295051574645e+00
1.077236354231834392e+00
1.071878429055213910e+00
1.072328347563743511e+00
1.073145448207855290e+00
1.064001749038696376e+00
1.062864459156990016e+00
1.068341111063957127e+00
1.059277754545211891e+00
1.064186800956726131e+00
1.061049717664718672e+00
1.061711100220680271e+00
1.055090328216552686e+00
1.048437946081161476e+00
1.047976738333702196e+00
1.048277253866195746e+00
1.039446925044059666e+00
1.046922970890998839e+00
1.039764727592468185e+00
1.042863427519798325e+00
1.040066835761070285e+00
1.036238815307617189e+00
1.037794761180877767e+00
1.037772545814514169e+00
1.027200906157493598e+00
1.035663274526596123e+00
1.025676454067230292e+00
1.028198446750640871e+00
1.023965678453445438e+00
1.021050914049148606e+00
1.019603046655654932e+00
1.016796730041503949e+00
1.012850424885749723e+00
1.017052645206451444e+00
1.014520349502563423e+00
1.011409561038017380e+00
1.009101593494415194e+00
1.011441558122634810e+00
1.010323667645454337e+00
1.008860840082168586e+00
1.002529232978820906e+00
1.001829063057899427e+00
1.001056352019310092e+00
9.992135936021804277e-01
9.979074825048446229e-01
9.995179488658905154e-01
9.981359629631042507e-01
9.934326473474502928e-01
9.916284296512604124e-01
9.924080803394317307e-01
9.899885711669922372e-01
9.941912872791289768e-01
9.884754863977431860e-01
9.858814648389816471e-01
9.798098119497299363e-01
9.828113545179366639e-01
9.775801039934158831e-01
9.810274431705474640e-01
9.801023718118667682e-01
9.741696946620941322e-01
9.732294803857803878e-01
9.764442795515060336e-01
9.733474792242050588e-01
9.693157904148101967e-01
9.734907851219177788e-01
9.683501477241516220e-01
9.682392038106918397e-01
9.682226018905639719e-01
9.658804144859314267e-01
9.625911811590194267e-01
9.584210149049758876e-01
9.675004559755325806e-01
9.582989127635955784e-01
9.588014096021652000e-01
9.576726615428924339e-01
9.541133873462677162e-01
9.534936357736587542e-01
9.534269361495971706e-01
9.547419780492782948e-01
9.517847754955292006e-01
9.507185512781143322e-01
9.463947954177855948e-01
9.467563003301620039e-01
9.481791204214096158e-01
9.467852581739425455e-01
9.440607093572616071e-01
9.465323368310928354e-01
9.447291837930679170e-01
9.369039565324783769e-01
9.403658400774002057e-01
9.341681098937988370e-01
9.393099657297134808e-01
9.373961303234100706e-01
9.370127453804015794e-01
9.299829268455505060e-01
9.317349616289138936e-01
9.340839654207229170e-01
9.299536095857620088e-01
9.316897946596145452e-01
9.296277074813842356e-01
9.261123446226120492e-01
9.166461707353591448e-01
9.304703490734100857e-01
9.190640270709991011e-01
9.230467927455902055e-01
9.197128763198852974e-01
9.227926998138428205e-01
9.187869606018066460e-01
9.188755745887756676e-01
9.140297429561614617e-01
9.163653359413147514e-01
9.148197189569473586e-01
9.117644802331924536e-01
9.152548177242278982e-01
9.115586714744567942e-01
9.111554456949233494e-01
9.098273125886917612e-01
9.119441329240799421e-01
9.050297881364822716e-01
9.045364065170288237e-01
9.105589135885238106e-01
9.015373190641403633e-01
9.023297926187515694e-01
9.048638761043548140e-01
8.977412960529327357e-01
8.981225558519363439e-01
8.976646763086318925e-01
8.985542092323303143e-01
8.951115506887435957e-01
8.960583823919295865e-01
8.941250675916672108e-01
8.934646370410919136e-01
8.914884508848189837e-01
8.937610707283020206e-01
8.946084803342819747e-01
8.868005490303039196e-01
8.909494965076446560e-01
8.815815562009811091e-01
8.869320980310440028e-01
8.863607848882675277e-01
8.820783149003982304e-01
8.853215646743773926e-01
8.881989637613296740e-01
8.798459726572036566e-01
8.835991085767745945e-01
8.749401553869247117e-01
8.805104091167449409e-01
8.791584422588348824e-01
8.806383153200149083e-01
8.735765842199325615e-01
8.755673079490661204e-01
8.771748067140578975e-01
8.778056186437607211e-01
8.728860063552856818e-01
8.716920779943466702e-01
8.700315549373626167e-01
8.697293686866760520e-01
8.735210627317429033e-01
8.689365116357803398e-01
8.660602229833602728e-01
8.651278204917908221e-01
8.627570295333861772e-01
8.582532203197479337e-01
8.638425745964050106e-01
8.631337236166000126e-01
8.618989759683608476e-01
8.631088800430297692e-01
8.605594378709793268e-01
8.594745427370071855e-01
8.587560253143310396e-01
8.554516907930374003e-01
8.525666795969009115e-01
8.515820121169089818e-01
8.542459985017776258e-01
8.502038413286209240e-01
8.507962801456451229e-01
8.524288842678070521e-01
8.539857611656188618e-01
8.555418372154235396e-01
8.531932541131973524e-01
8.504464724063873771e-01
8.464531745910645055e-01
8.481135573387146298e-01
8.449838972091674449e-01
8.411153711080551210e-01
8.465435928106308516e-01
8.482682274580002346e-01
8.433888417482375832e-01
8.426418910026550746e-01
8.426629747152328820e-01
8.460616134405135602e-01
8.399589248895644733e-01
8.387315430641174574e-01
8.439582716226577963e-01
8.362403901815413931e-01
8.319052598476409655e-01
8.427366590499878463e-01
8.348025003671646349e-01
8.334328051805496296e-01
8.360665745735168519e-01
8.346617339849472517e-01
8.356949779987334903e-01
8.329546772241592789e-01
8.332723370790481310e-01
8.306733855009078571e-01
8.325522557497024856e-01
8.333171942234038898e-01
8.280425355434417600e-01
8.269560389518737509e-01
8.289297289848327477e-01
8.255756208896637416e-01
8.229435253143310147e-01
8.270705664157866899e-01
8.241705677509307826e-01
8.172094268798828498e-01
8.291805883646011788e-01
8.163534383773803915e-01
8.216415816545485917e-01
8.195257278680800894e-01
8.219831557273864497e-01
8.166588373184203720e-01
8.174872897863387777e-01
8.184570446014404199e-01
8.159088180065154905e-01
8.192183955907821336e-01
8.148194996118545141e-01
8.187358199357986921e-01
8.156899766325950152e-01
8.066654850244522335e-01
8.162886823415755888e-01
8.132787200212479028e-01
8.095998352766037298e-01
8.054803839921951258e-01
8.103565418720245495e-01
8.117804973125457568e-01
8.076443817615509557e-01
8.091335704326629852e-01
8.066708544492721122e-01
8.134530200958252077e-01
8.052718120813370239e-01
8.037316272258758776e-01
8.020402392148971993e-01
8.028618866801261467e-01
7.968890779018401593e-01
7.984764143228531008e-01
8.035093595981598336e-01
8.039580935239791781e-01
7.933160121440887558e-01
7.948330742120742753e-01
7.999982481002807511e-01
7.970120917558669582e-01
7.971641489267349279e-01
7.961981784105300886e-01
8.004503837227820995e-01
7.937565207481384055e-01
7.975293655395507830e-01
7.956183943748473819e-01
7.938971527814865370e-01
7.913708189725875419e-01
7.938128188848495581e-01
7.904493963122367628e-01
7.922297556400299534e-01
7.929064286351203972e-01
7.903042849302291950e-01
7.853799376487732298e-01
7.882404841184615929e-01
7.866935378313064664e-01
7.869222253561020120e-01
7.894353187680244188e-01
7.834346245527267216e-01
7.893679424524306931e-01
7.876518631577491547e-01
7.859553585052490021e-01
7.828887028694152539e-01
7.828424754142760955e-01
7.852302153110504168e-01
7.801603721380233614e-01
7.811245252490043312e-01
7.857179979085922028e-01
7.800418442487716542e-01
7.750744450092316162e-01
7.760019675493240454e-01
7.809801898002624032e-01
7.750487605333328256e-01
7.753497570753097312e-01
7.737975590229034806e-01
7.750972653627395959e-01
7.749169486761092740e-01
7.767291174530982500e-01
7.741564574241638352e-01
7.743793240189552618e-01
7.703537521958351286e-01
7.762424817681312650e-01
7.757580844163894929e-01
7.696054559946060580e-01
7.703955240249633629e-01
7.687414041161537703e-01
7.649566074609756017e-01
7.689249293804168994e-01
7.699830747842788536e-01
7.726808985471725899e-01
7.636291767954825893e-01
7.682906239032745166e-01
7.643600678443909224e-01
7.641400015950202684e-01
7.681368544101715434e-01
7.602217395305633785e-01
7.593132016658783456e-01
7.638293163776397332e-01
7.583538571596145639e-01
7.673772571086883154e-01
7.657822867035866121e-01
7.639339915513991830e-01
7.582714774608612096e-01
7.627936397790908707e-01
7.583728268146514573e-01
7.580192329883574942e-01
7.563506121039390573e-01
7.547117130160331255e-01
7.562544232010841583e-01
7.591452225446700952e-01
7.581226260066032951e-01
7.556659143567084902e-01
7.471445425748824976e-01
7.583114578127860828e-01
7.515293096303939935e-01
7.609314840435982275e-01
7.557927309870720034e-01
7.543136928677558473e-01
7.475085139870644158e-01
7.510757035017013861e-01
7.510870962142944807e-01
7.506426001191138786e-01
7.508731864094734254e-01
7.484944705963134659e-01
7.492465075254440832e-01
7.451987416744232373e-01
7.423387725353240985e-01
7.459074555635452075e-01
7.515782341361045837e-01
7.496953386068344605e-01
7.516897214651108161e-01
7.448239163756370518e-01
7.489581956863403667e-01
7.482343733906745564e-01
7.423173719048500319e-01
7.424776288270950042e-01
7.462987164258957362e-01
7.421109699606895926e-01
7.361426939964293981e-01
7.392315701246261472e-01
7.419888758063316603e-01
7.417664672732353637e-01
7.339685753583907735e-01
7.406134847998618875e-01
7.363994856476783202e-01
7.415539007782936398e-01
7.321756484508514795e-01
7.365576111078262489e-01
7.398263041377067806e-01
7.374915701150893677e-01
7.388369677662849355e-01
7.371830188632011449e-01
7.294164127111435469e-01
7.356055331230163530e-01
7.276105197072029185e-01
7.364998373389244346e-01
7.383764258027076810e-01
7.296252948045730546e-01
7.306913147568703248e-01
7.253090651631355357e-01
7.289930008053779886e-01
7.337122641801834266e-01
7.309190359711646989e-01
7.300177063345909545e-01
7.287708292603493065e-01
7.255617645978927888e-01
7.316373820304871156e-01
7.241183776259422222e-01
7.273208296895027347e-01
7.214155985116958991e-01
7.288809951543807619e-01
7.318585783839225423e-01
7.222813095450401066e-01
7.235352527499199216e-01
7.230724740624427938e-01
7.255191603302955095e-01
7.225825927853584130e-01
7.173742521405219730e-01
7.240301039218902668e-01
7.240859457254409381e-01
7.184989764094352749e-01
7.221361817121505489e-01
7.249152693748474041e-01
7.234362269639968979e-01
7.173723917007446271e-01
7.193051601648330351e-01
7.207898622751236495e-01
7.139618515372275764e-01
7.171678197383880571e-01
