2.922199964523315430e-01
3.525600135326385498e-01
3.759000003337860107e-01
3.916000127792358398e-01
4.038200080394744873e-01
4.162800014019012451e-01
4.289000034332275391e-01
4.345400035381317139e-01
4.453200101852416992e-01
4.492399990558624268e-01
4.550400078296661377e-01
4.616000056266784668e-01
4.664599895477294922e-01
4.745399951934814453e-01
4.793600142002105713e-01
4.858199954032897949e-01
4.839600026607513428e-01
4.933199882507324219e-01
4.964199960231781006e-01
5.004199743270874023e-01
5.079600214958190918e-01
5.081200003623962402e-01
5.090199708938598633e-01
5.132200121879577637e-01
5.163800120353698730e-01
5.199599862098693848e-01
5.222200155258178711e-01
5.231000185012817383e-01
5.309600234031677246e-01
5.275400280952453613e-01
5.349599719047546387e-01
5.339199900627136230e-01
5.350599884986877441e-01
5.394200086593627930e-01
5.378199815750122070e-01
5.414000153541564941e-01
5.407199859619140625e-01
5.434200167655944824e-01
5.472199916839599609e-01
5.485399961471557617e-01
5.527999997138977051e-01
5.526199936866760254e-01
5.547000169754028320e-01
5.537999868392944336e-01
5.552399754524230957e-01
5.594999790191650391e-01
5.605400204658508301e-01
5.628200173377990723e-01
5.626599788665771484e-01
5.667399764060974121e-01
5.659999847412109375e-01
5.721200108528137207e-01
5.707200169563293457e-01
5.732799768447875977e-01
5.713199973106384277e-01
5.720999836921691895e-01
5.727400183677673340e-01
5.761799812316894531e-01
5.731400251388549805e-01
5.790200233459472656e-01
5.791000127792358398e-01
5.819600224494934082e-01
5.811600089073181152e-01
5.838199853897094727e-01
5.845999717712402344e-01
5.858200192451477051e-01
5.867000222206115723e-01
5.877000093460083008e-01
5.890399813652038574e-01
5.885599851608276367e-01
5.926600098609924316e-01
5.903999805450439453e-01
5.952000021934509277e-01
5.943999886512756348e-01
5.952000021934509277e-01
5.938400030136108398e-01
5.996800065040588379e-01
5.950800180435180664e-01
5.991600155830383301e-01
6.006000041961669922e-01
6.036999821662902832e-01
6.019600033760070801e-01
6.046400070190429688e-01
6.056200265884399414e-01
6.081600189208984375e-01
6.070200204849243164e-01
6.076200008392333984e-01
6.106799840927124023e-01
6.098200082778930664e-01
6.124399900436401367e-01
6.136800050735473633e-01
6.142799854278564453e-01
6.140800118446350098e-01
6.139600276947021484e-01
6.154400110244750977e-01
6.187599897384643555e-01
6.188399791717529297e-01
6.195200085639953613e-01
6.199399828910827637e-01
6.201000213623046875e-01
6.187599897384643555e-01
6.235799789428710938e-01
6.233400106430053711e-01
6.233999729156494141e-01
6.266800165176391602e-01
6.255400180816650391e-01
6.254199743270874023e-01
6.302000284194946289e-01
6.257200241088867188e-01
6.292799711227416992e-01
6.290799975395202637e-01
6.308400034904479980e-01
6.309599876403808594e-01
6.339799761772155762e-01
6.281399726867675781e-01
6.339600086212158203e-01
6.370599865913391113e-01
6.366400122642517090e-01
6.330599784851074219e-01
6.381000280380249023e-01
6.359800100326538086e-01
6.405799984931945801e-01
6.427800059318542480e-01
6.401799917221069336e-01
6.432800292968750000e-01
6.424000263214111328e-01
6.434599757194519043e-01
6.456199884414672852e-01
6.455600261688232422e-01
6.471999883651733398e-01
6.495199799537658691e-01
6.507200002670288086e-01
6.451200246810913086e-01
6.444399952888488770e-01
6.491799950599670410e-01
6.508799791336059570e-01
6.512200236320495605e-01
6.496999859809875488e-01
6.540600061416625977e-01
6.522399783134460449e-01
6.557599902153015137e-01
6.539800167083740234e-01
6.553599834442138672e-01
6.522799730300903320e-01
6.549599766731262207e-01
6.598799824714660645e-01
6.598399877548217773e-01
6.597399711608886719e-01
6.580600142478942871e-01
6.605600118637084961e-01
6.599400043487548828e-01
6.624199748039245605e-01
6.625800132751464844e-01
6.645399928092956543e-01
6.646800041198730469e-01
6.640400290489196777e-01
6.690199971199035645e-01
6.656200289726257324e-01
6.658200025558471680e-01
6.689400076866149902e-01
6.660199761390686035e-01
6.703799962997436523e-01
6.682599782943725586e-01
6.678000092506408691e-01
6.696199774742126465e-01
6.672999858856201172e-01
6.705999970436096191e-01
6.727799773216247559e-01
6.728799939155578613e-01
6.779999732971191406e-01
6.765400171279907227e-01
6.776800155639648438e-01
6.742600202560424805e-01
6.744999885559082031e-01
6.755599975585937500e-01
6.781399846076965332e-01
6.809599995613098145e-01
6.780800223350524902e-01
6.796600222587585449e-01
6.796399950981140137e-01
6.866599917411804199e-01
6.818199753761291504e-01
6.826999783515930176e-01
6.844400167465209961e-01
6.865000128746032715e-01
6.880999803543090820e-01
6.877599954605102539e-01
6.848199963569641113e-01
6.879400014877319336e-01
6.872000098228454590e-01
6.889399886131286621e-01
6.908400058746337891e-01
6.915000081062316895e-01
6.876800060272216797e-01
6.927400231361389160e-01
6.925799846649169922e-01
6.926000118255615234e-01
6.931200027465820312e-01
6.950200200080871582e-01
6.912599802017211914e-01
6.971600055694580078e-01
6.952800154685974121e-01
6.936399936676025391e-01
6.978800296783447266e-01
6.967800259590148926e-01
6.988599896430969238e-01
6.961200237274169922e-01
6.975399851799011230e-01
7.004200220108032227e-01
6.998599767684936523e-01
7.011200189590454102e-01
7.023599743843078613e-01
7.015799880027770996e-01
7.010200023651123047e-01
7.044600248336791992e-01
7.036200165748596191e-01
7.030000090599060059e-01
7.084000110626220703e-01
7.047799825668334961e-01
7.072799801826477051e-01
7.098600268363952637e-01
7.088199853897094727e-01
7.044399976730346680e-01
7.099800109863281250e-01
7.088800072669982910e-01
7.096199989318847656e-01
7.117599844932556152e-01
7.146800160408020020e-01
7.071800231933593750e-01
7.114800214767456055e-01
7.132999897003173828e-01
7.123600244522094727e-01
7.129399776458740234e-01
7.139000296592712402e-01
7.126399874687194824e-01
7.136999964714050293e-01
7.182599902153015137e-01
7.155399918556213379e-01
7.147799730300903320e-01
7.191399931907653809e-01
7.177600264549255371e-01
7.161599993705749512e-01
7.200199961662292480e-01
7.167599797248840332e-01
7.229400277137756348e-01
7.179800271987915039e-01
7.220399975776672363e-01
7.215800285339355469e-01
7.227799892425537109e-01
7.216799855232238770e-01
7.201399803161621094e-01
7.235000133514404297e-01
7.250400185585021973e-01
7.254599928855895996e-01
7.261800169944763184e-01
7.255200147628784180e-01
7.269999980926513672e-01
7.275800108909606934e-01
7.228199839591979980e-01
7.241600155830383301e-01
7.284799814224243164e-01
7.306799888610839844e-01
7.286999821662902832e-01
7.286199927330017090e-01
7.328199744224548340e-01
7.333599925041198730e-01
7.308599948883056641e-01
7.293199896812438965e-01
7.306200265884399414e-01
7.312999963760375977e-01
7.337200045585632324e-01
7.323399782180786133e-01
7.322800159454345703e-01
7.344599962234497070e-01
7.343599796295166016e-01
7.362999916076660156e-01
7.348600029945373535e-01
7.348799705505371094e-01
7.377600073814392090e-01
7.382199764251708984e-01
7.370799779891967773e-01
7.340199947357177734e-01
7.389400005340576172e-01
7.401000261306762695e-01
7.416399717330932617e-01
7.391600012779235840e-01
7.386999726295471191e-01
7.361599802970886230e-01
7.395399808883666992e-01
7.450399994850158691e-01
7.421600222587585449e-01
7.441999912261962891e-01
7.432000041007995605e-01
7.433000206947326660e-01
7.434800267219543457e-01
7.421399950981140137e-01
7.468000054359436035e-01
7.471799850463867188e-01
7.470600008964538574e-01
7.473999857902526855e-01
7.488399744033813477e-01
7.488800287246704102e-01
7.443199753761291504e-01
7.471799850463867188e-01
7.487599849700927734e-01
7.493399977684020996e-01
7.482399940490722656e-01
7.481999993324279785e-01
7.520599961280822754e-01
7.476999759674072266e-01
7.527999877929687500e-01
7.504000067710876465e-01
7.535799741744995117e-01
7.523199915885925293e-01
7.541000247001647949e-01
7.522000074386596680e-01
7.572000026702880859e-01
7.532600164413452148e-01
7.536200284957885742e-01
7.572399973869323730e-01
7.544599771499633789e-01
7.528799772262573242e-01
7.564399838447570801e-01
7.551000118255615234e-01
7.541199922561645508e-01
7.552999854087829590e-01
7.574200034141540527e-01
7.567999958992004395e-01
7.583799958229064941e-01
7.582600116729736328e-01
7.584599852561950684e-01
7.575399875640869141e-01
7.572399973869323730e-01
7.577199935913085938e-01
7.578799724578857422e-01
7.617999911308288574e-01
7.668600082397460938e-01
7.635599970817565918e-01
7.667199969291687012e-01
7.616599798202514648e-01
7.609800100326538086e-01
7.619600296020507812e-01
7.633000016212463379e-01
7.634800076484680176e-01
7.644400000572204590e-01
7.612599730491638184e-01
7.660999894142150879e-01
7.650200128555297852e-01
7.660599946975708008e-01
7.681199908256530762e-01
7.683399915695190430e-01
7.674400210380554199e-01
7.680000066757202148e-01
7.672799825668334961e-01
7.665799856185913086e-01
7.667199969291687012e-01
7.680600285530090332e-01
7.634199857711791992e-01
7.663000226020812988e-01
7.723199725151062012e-01
7.683399915695190430e-01
7.704799771308898926e-01
7.685800194740295410e-01
7.706599831581115723e-01
7.669399976730346680e-01
7.739800214767456055e-01
7.740799784660339355e-01
7.742999792098999023e-01
7.721400260925292969e-01
7.745199799537658691e-01
7.720199823379516602e-01
7.745400071144104004e-01
7.715399861335754395e-01
7.727800011634826660e-01
7.751600146293640137e-01
7.704600095748901367e-01
7.752799987792968750e-01
7.782400250434875488e-01
7.727400064468383789e-01
7.737399935722351074e-01
7.751600146293640137e-01
7.776799798011779785e-01
7.759799957275390625e-01
7.799599766731262207e-01
7.749000191688537598e-01
7.781000137329101562e-01
7.782800197601318359e-01
7.796199917793273926e-01
7.827600240707397461e-01
7.793400287628173828e-01
7.811599969863891602e-01
7.798200249671936035e-01
7.804200053215026855e-01
7.757999897003173828e-01
7.759199738502502441e-01
7.809799909591674805e-01
7.803000211715698242e-01
7.845000028610229492e-01
7.812799811363220215e-01
7.835000157356262207e-01
7.815600037574768066e-01
7.817999720573425293e-01
7.806800007820129395e-01
7.850400209426879883e-01
7.866600155830383301e-01
7.851399779319763184e-01
7.807000279426574707e-01
7.863399982452392578e-01
7.865200042724609375e-01
7.832000255584716797e-01
7.830799818038940430e-01
7.804200053215026855e-01
7.814400196075439453e-01
7.884799838066101074e-01
7.869799733161926270e-01
7.886000275611877441e-01
7.835599780082702637e-01
7.831000089645385742e-01
7.873399853706359863e-01
7.860999703407287598e-01
7.850999832153320312e-01
7.878599762916564941e-01
7.878000140190124512e-01
7.875999808311462402e-01
7.875199913978576660e-01
7.899000048637390137e-01
7.913399934768676758e-01
7.865599989891052246e-01
7.878800034523010254e-01
7.905600070953369141e-01
7.918999791145324707e-01
7.924000024795532227e-01
7.917600274085998535e-01
7.923799753189086914e-01
7.904000282287597656e-01
7.901999950408935547e-01
7.906000018119812012e-01
7.896999716758728027e-01
7.926200032234191895e-01
7.937600016593933105e-01
7.937600016593933105e-01
7.943800091743469238e-01
7.947599887847900391e-01
7.925599813461303711e-01
7.959799766540527344e-01
7.962800264358520508e-01
7.936400175094604492e-01
7.956399917602539062e-01
7.975400090217590332e-01
7.950999736785888672e-01
7.963799834251403809e-01
7.948200106620788574e-01
7.952600121498107910e-01
7.977799773216247559e-01
7.951400279998779297e-01
7.985000014305114746e-01
7.982199788093566895e-01
7.986199855804443359e-01
7.990999817848205566e-01
7.997000217437744141e-01
8.028399944305419922e-01
8.000599741935729980e-01
7.965999841690063477e-01
7.962200045585632324e-01
7.987999916076660156e-01
7.997599840164184570e-01
8.012999892234802246e-01
7.972599864006042480e-01
7.968999743461608887e-01
8.016399741172790527e-01
7.999600172042846680e-01
8.007199764251708984e-01
8.024799823760986328e-01
7.983199954032897949e-01
7.982800006866455078e-01
8.024200201034545898e-01
8.030599951744079590e-01
8.012199997901916504e-01
8.003600239753723145e-01
8.047400116920471191e-01
8.075600266456604004e-01
8.018199801445007324e-01
8.044000267982482910e-01
8.026599884033203125e-01
8.031200170516967773e-01
8.031399846076965332e-01
8.010399937629699707e-01
8.045200109481811523e-01
8.060200214385986328e-01
8.026599884033203125e-01
8.023200035095214844e-01
8.046799898147583008e-01
8.039000034332275391e-01
8.055999875068664551e-01
8.071600198745727539e-01
8.064600229263305664e-01
8.056799769401550293e-01
8.060799837112426758e-01
8.065599799156188965e-01
8.062599897384643555e-01
