2.303181855678558154e+00
2.301017197608947740e+00
2.298037312030792201e+00
2.287113278865814170e+00
2.184847528457641630e+00
2.067484593629837164e+00
1.998464289426803653e+00
1.951196680784225368e+00
1.919264799356460660e+00
1.889521937131881657e+00
1.860146709918975905e+00
1.832903772115707319e+00
1.806521027326583928e+00
1.786380022764205933e+00
1.761983284711837738e+00
1.748451462268829415e+00
1.726301172971725473e+00
1.706094589948654150e+00
1.691873812198638971e+00
1.677407252311706509e+00
1.662326958894729589e+00
1.650918135404586762e+00
1.636161289215087855e+00
1.628728012084960985e+00
1.610086253166198800e+00
1.603228845834732130e+00
1.595789483070373604e+00
1.585001039743423545e+00
1.576090490102767916e+00
1.562035319328308081e+00
1.558219257593154827e+00
1.550158062696456840e+00
1.541970123291015682e+00
1.540393250226974597e+00
1.529026109695434510e+00
1.519947859525680567e+00
1.508132412433624170e+00
1.511225298881530676e+00
1.504218888044357216e+00
1.492747341394424332e+00
1.492645872831344533e+00
1.483401649951934909e+00
1.475834164381027325e+00
1.477294100284576306e+00
1.465191849708557204e+00
1.463483638048171942e+00
1.455563629150390614e+00
1.453772487878799424e+00
1.451240206480026274e+00
1.445729427814483659e+00
1.438548466920852587e+00
1.430904402256012009e+00
1.430537823200225933e+00
1.429088669061660877e+00
1.425199192523956215e+00
1.420299207210540704e+00
1.416429562091827465e+00
1.411725169658660795e+00
1.409514410257339367e+00
1.404289199829101609e+00
1.401429023981094257e+00
1.399601336717605671e+00
1.395145312070846577e+00
1.389859953641891410e+00
1.388736882448196486e+00
1.383670226335525610e+00
1.379110241413116444e+00
1.380220597267150850e+00
1.374150383234024053e+00
1.373582042694091898e+00
1.365434468030929605e+00
1.362475193500518822e+00
1.362452055931091310e+00
1.357247436761856108e+00
1.357889821767807037e+00
1.351812821149826149e+00
1.353898859500884955e+00
1.348553468942642164e+00
1.349189821720123250e+00
1.345466099023818973e+00
1.341804771423339870e+00
1.338778966188430841e+00
1.333388008117675883e+00
1.331681930065155006e+00
1.328936255216598417e+00
1.329412286996841441e+00
1.329652524709701522e+00
1.324635926008224551e+00
1.322322480440139669e+00
1.318557886481285024e+00
1.317048911571502723e+00
1.316503751158714319e+00
1.313869629144668538e+00
1.310993108272552554e+00
1.309761719942093006e+00
1.307789014339447053e+00
1.308831965804100106e+00
1.298911856889724659e+00
1.299466178774833613e+00
1.292015874147415255e+00
1.297550455689430171e+00
1.297399465322494505e+00
1.291998820424079986e+00
1.293123016595840502e+00
1.292368505477905272e+00
1.286639074325561571e+00
1.282891950011253446e+00
1.283418641328811560e+00
1.280179423570632968e+00
1.283711948990821750e+00
1.275972571849822934e+00
1.277091865777969293e+00
1.274405054092407230e+00
1.276797575473785473e+00
1.269335732936859085e+00
1.267952225208282435e+00
1.261097003459930477e+00
1.265045089721679616e+00
1.257927749037742515e+00
1.256479448080062955e+00
1.261369452238082944e+00
1.259077493548393267e+00
1.256658368468284603e+00
1.258342709302902263e+00
1.254160721302032488e+00
1.250440388679504355e+00
1.251120658874511626e+00
1.246266970396041840e+00
1.244809527635574398e+00
1.245354715824127156e+00
1.239665619373321537e+00
1.242055671811103768e+00
1.240272484660148722e+00
1.239411558985710204e+00
1.236297008514404272e+00
1.235326575636863655e+00
1.233669101715087812e+00
1.233534924149513268e+00
1.236585564494133038e+00
1.228341730594634917e+00
1.225098368644714331e+00
1.223813495635986293e+00
1.227554159164428782e+00
1.223272283315658626e+00
1.222496916413307266e+00
1.215671406388282749e+00
1.219482032775878855e+00
1.217116265177726753e+00
1.220288055658340420e+00
1.219044313907623245e+00
1.221315940737724315e+00
1.217072343230247489e+00
1.212141904115676905e+00
1.212996104598045299e+00
1.212547752261161849e+00
1.209140732765197734e+00
1.205064544558525075e+00
1.208998076081275963e+00
1.208759784340858401e+00
1.203250952839851395e+00
1.201737362623214622e+00
1.198101292014122077e+00
1.200588987469673130e+00
1.199683734655380141e+00
1.196774509191512958e+00
1.199043591618537796e+00
1.197120296835899378e+00
1.196602169275283734e+00
1.188801583409309304e+00
1.198046123266220064e+00
1.186075242996215806e+00
1.185286845803260825e+00
1.185625053763389669e+00
1.190080596208572317e+00
1.186833187103271570e+00
1.186043956637382601e+00
1.187368151783943171e+00
1.184740670680999752e+00
1.185253502845764251e+00
1.179349848985671967e+00
1.183783222198486307e+00
1.181892103195190336e+00
1.179106213927268998e+00
1.178135296225547801e+00
1.176523382544517604e+00
1.178638066053390610e+00
1.174599530696868843e+00
1.175973418593406761e+00
1.170123344421386768e+00
1.173366103529930093e+00
1.172823881030082616e+00
1.169484012961387709e+00
1.167640715360641401e+00
1.160330423831939628e+00
1.166494902729988015e+00
1.165310607194900427e+00
1.168269697070121849e+00
1.166732545256614628e+00
1.166826099753379919e+00
1.163887797594070461e+00
1.159728587031364500e+00
1.161430570840835674e+00
1.161645041346550000e+00
1.161675870299339275e+00
1.154674236178398150e+00
1.161574393153190554e+00
1.157575669407844510e+00
1.158617808699607954e+00
1.157869956493377650e+00
1.154371876835823096e+00
1.156785928249359108e+00
1.152838867306709369e+00
1.151537279844284001e+00
1.148197709202766426e+00
1.146341554284095787e+00
1.147942077040672304e+00
1.151276139020919853e+00
1.143631493449211112e+00
1.146067299962043817e+00
1.145649025082588146e+00
1.144066692352294856e+00
1.145790068149566743e+00
1.143465131282806357e+00
1.137522938966751163e+00
1.138661430358886673e+00
1.140084010481834387e+00
1.143536996126174987e+00
1.142567480802536117e+00
1.139500998258590636e+00
1.140668178558349677e+00
1.131746141076087842e+00
1.142598436355590774e+00
1.134931932568550073e+00
1.127533077359199609e+00
1.133776732325553871e+00
1.132425015568733206e+00
1.136229429483413655e+00
1.129821966409683132e+00
1.135919192790985077e+00
1.129526024222373914e+00
1.129355288863182150e+00
1.130179433703422553e+00
1.131058859467506394e+00
1.125922475218772867e+00
1.125159683585166936e+00
1.129624376296997079e+00
1.123858228206634502e+00
1.122540603518485947e+00
1.120832730531692523e+00
1.121817487359046961e+00
1.121986151576042090e+00
1.119253552436828558e+00
1.118162910699844304e+00
1.122272151827812259e+00
1.119644407153129517e+00
1.119670846343040482e+00
1.116291937828064018e+00
1.113344404458999737e+00
1.115944215416908358e+00
1.116647126913070665e+00
1.113658699870109459e+00
1.107392612099647566e+00
1.115012518167495692e+00
1.106428074121475147e+00
1.109632701754569961e+00
1.111725359320640649e+00
1.106506496906280557e+00
1.107513231754303051e+00
1.109645138025283861e+00
1.108555367588996976e+00
1.110148664474487346e+00
1.108578960299491989e+00
1.107111495018005431e+00
1.103119521498680200e+00
1.102746316432952955e+00
1.102704306840896598e+00
1.110472482919693027e+00
1.108587902069091857e+00
1.106756635904312169e+00
1.100303170680999809e+00
1.104828810930251981e+00
1.099086079955100992e+00
1.103494223952293352e+00
1.099539053320884641e+00
1.101175556898116970e+00
1.093952132344245820e+00
1.096883954048156751e+00
1.098653052687645015e+00
1.099198791027069078e+00
1.091437238216400152e+00
1.097380258798599240e+00
1.096305220484733667e+00
1.090170807361602767e+00
1.089574115872383064e+00
1.093017132997512908e+00
1.091345645785331664e+00
1.091825582265853800e+00
1.091168460726738010e+00
1.090652268528938373e+00
1.089775824189186171e+00
1.090180405139923092e+00
1.096159357190132244e+00
1.089333375215530308e+00
1.088378618121147223e+00
1.088727141499519435e+00
1.085022470355033963e+00
1.084747653722763161e+00
1.088747708439826933e+00
1.082345722436904856e+00
1.085016080141067540e+00
1.084108369708061126e+00
1.083702292680740253e+00
1.081528640985488954e+00
1.079795380473136834e+00
1.082345243334770224e+00
1.080364618897438067e+00
1.078652612566947999e+00
1.083315229773521349e+00
1.079085473537445106e+00
1.078909304022789062e+00
1.082775702714920074e+00
1.073678743720054563e+00
1.075136935114860526e+00
1.073517266154289329e+00
1.076239570498466414e+00
1.073792548179626438e+00
1.077110511779785229e+00
1.073739929556846606e+00
1.077320565342903214e+00
1.070915809750556891e+00
1.072830476403236366e+00
1.069569026589393568e+00
1.072147624373436026e+00
1.071826077818870626e+00
1.069105433940887417e+00
1.067525739073753366e+00
1.066991953134536653e+00
1.070184713721275438e+00
1.069504560470581067e+00
1.068950757145881614e+00
1.069477084875106732e+00
1.060358963608741822e+00
1.063993224620819023e+00
1.066033310890197816e+00
1.062005371451377966e+00
1.059519701838493422e+00
1.064034383177757226e+00
1.062531504034996077e+00
1.062115395188331535e+00
1.063669792890548749e+00
1.060897563695907486e+00
1.062416946053504896e+00
1.058440402746200659e+00
1.056322850465774454e+00
1.061488896489143352e+00
1.056838407039642380e+00
1.064547999620437668e+00
1.056617244958877544e+00
1.055629835367202674e+00
1.053853521108627289e+00
1.054863050580024719e+00
1.054070214748382472e+00
1.053925942182540876e+00
1.051446666836738597e+00
1.057237873435020514e+00
1.059177257180213827e+00
1.056300342440605222e+00
1.054305401325225766e+00
1.048548015356063789e+00
1.052491404652595497e+00
1.050660830497741616e+00
1.053955903172492992e+00
1.044788401484489482e+00
1.051171380043029790e+00
1.047906860589981060e+00
1.054752541542053113e+00
1.050523970723152178e+00
1.046624610662460375e+00
1.048120427846908509e+00
1.044337900280952525e+00
1.050116903781890931e+00
1.041716715455055287e+00
1.044858470678329487e+00
1.048347517371177595e+00
1.047797947883605918e+00
1.043862225294113211e+00
1.048467617630958637e+00
1.039572080850601266e+00
1.044083534955978498e+00
1.043325237393379235e+00
1.041594795346260094e+00
1.043897703051567039e+00
1.041639176964759717e+00
1.036848911285400465e+00
1.041010022163391113e+00
1.040286856412887539e+00
1.036329586386680601e+00
1.038916272640228344e+00
1.041338190078735293e+00
1.040496318459510849e+00
1.034705770492553745e+00
1.038642555236816367e+00
1.039538091659545804e+00
1.033013260602950956e+00
1.037793937444686954e+00
1.043557701706886220e+00
1.035210482954978861e+00
1.034165953278541661e+00
1.031230361223220759e+00
1.037696472883224530e+00
1.032956781148910430e+00
1.035473694801330558e+00
1.031042147278785626e+00
1.027769331216812132e+00
1.027014891982078515e+00
1.039441617012023977e+00
1.028976130127906785e+00
1.031505822896957358e+00
1.035836347460746820e+00
1.028419624328613224e+00
1.026630847454071072e+00
1.030036659836769175e+00
1.029126358151435827e+00
1.030047609925270002e+00
1.034116537570953342e+00
1.021665715575218236e+00
1.030807708621024998e+00
1.024668859839439339e+00
1.025979893207550120e+00
1.020437245249748326e+00
1.026535698294639642e+00
1.023777499914169331e+00
1.026795716524124158e+00
1.032724804878234925e+00
1.016106137871742199e+00
1.024413711071014310e+00
1.022781734943389864e+00
1.018724035024642927e+00
1.023832037210464563e+00
1.019164065957069321e+00
1.019218217492103618e+00
1.022432638645172087e+00
1.020550000071525520e+00
1.019396281242370694e+00
1.017474860906600886e+00
1.020322978377342205e+00
1.015561923623085061e+00
1.018144805669784603e+00
1.020173803091049214e+00
1.017534559726715138e+00
1.016431842923164464e+00
1.014269619464874372e+00
1.015023792266845692e+00
1.018400007009506281e+00
1.016299367666244402e+00
1.012033599972725018e+00
1.011515247344970669e+00
1.017009843111038148e+00
1.013190435886383023e+00
1.013877438187599234e+00
1.012397016048431464e+00
1.016072624206542985e+00
1.011487825632095383e+00
1.015656140685081477e+00
1.015128612637519856e+00
1.010178513884544271e+00
1.008222020506858829e+00
1.010931213855743360e+00
1.015489196538925221e+00
1.010365477800369227e+00
1.011596899986267006e+00
1.005687378406524557e+00
1.016110359907150373e+00
1.017026894092559752e+00
1.012038514733314409e+00
1.003699209332466147e+00
1.008431712150573700e+00
1.006902876853942974e+00
1.005275142550468459e+00
1.006864221334457410e+00
1.009095507025718597e+00
1.004153405189514237e+00
1.010697541832923818e+00
1.005507756114006002e+00
1.002131105899810803e+00
1.001810677289962870e+00
1.009233609437942603e+00
1.005771771192550679e+00
1.001737609386444072e+00
1.003134860634803838e+00
9.975509090423584357e-01
9.995172709226608498e-01
1.002938948631286520e+00
1.002549125671386765e+00
1.002218429684639034e+00
9.940744959115982438e-01
1.003573221087455725e+00
1.004539024233818134e+00
1.001658991098403950e+00
9.998970309495925912e-01
