2.799200117588043213e-01
3.597599864006042480e-01
3.864400088787078857e-01
4.076800048351287842e-01
4.235799908638000488e-01
4.351600110530853271e-01
4.462800025939941406e-01
4.539600014686584473e-01
4.632799923419952393e-01
4.697200059890747070e-01
4.742600023746490479e-01
4.787999987602233887e-01
4.860399961471557617e-01
4.889799952507019043e-01
4.936000108718872070e-01
4.972800016403198242e-01
5.023400187492370605e-01
5.025399923324584961e-01
5.102199912071228027e-01
5.109000205993652344e-01
5.150799751281738281e-01
5.180799961090087891e-01
5.219399929046630859e-01
5.271400213241577148e-01
5.275400280952453613e-01
5.310599803924560547e-01
5.339400172233581543e-01
5.343400239944458008e-01
5.379800200462341309e-01
5.403000116348266602e-01
5.453000068664550781e-01
5.475599765777587891e-01
5.493000149726867676e-01
5.514799952507019043e-01
5.518400073051452637e-01
5.575600266456604004e-01
5.559399724006652832e-01
5.593199729919433594e-01
5.601400136947631836e-01
5.633400082588195801e-01
5.691400170326232910e-01
5.671799778938293457e-01
5.677800178527832031e-01
5.704799890518188477e-01
5.735399723052978516e-01
5.755599737167358398e-01
5.770000219345092773e-01
5.777000188827514648e-01
5.799599885940551758e-01
5.833799839019775391e-01
5.790200233459472656e-01
5.833200216293334961e-01
5.871999859809875488e-01
5.883200168609619141e-01
5.911599993705749512e-01
5.867000222206115723e-01
5.921199917793273926e-01
5.936400294303894043e-01
5.970199704170227051e-01
5.965399742126464844e-01
5.960599780082702637e-01
5.990399718284606934e-01
6.018800139427185059e-01
6.016200184822082520e-01
5.988799929618835449e-01
6.073600053787231445e-01
6.042799949645996094e-01
6.063399910926818848e-01
6.090400218963623047e-01
6.088200211524963379e-01
6.086999773979187012e-01
6.121000051498413086e-01
6.118199825286865234e-01
6.149200201034545898e-01
6.145399808883666992e-01
6.155800223350524902e-01
6.165199875831604004e-01
6.190000176429748535e-01
6.183400154113769531e-01
6.202200055122375488e-01
6.204400062561035156e-01
6.249200105667114258e-01
6.230599880218505859e-01
6.253399848937988281e-01
6.267399787902832031e-01
6.239799857139587402e-01
6.264799833297729492e-01
6.265599727630615234e-01
6.283199787139892578e-01
6.332200169563293457e-01
6.308199763298034668e-01
6.310399770736694336e-01
6.312000155448913574e-01
6.340199708938598633e-01
6.323800086975097656e-01
6.330199837684631348e-01
6.357600092887878418e-01
6.376600265502929688e-01
6.392199993133544922e-01
6.388599872589111328e-01
6.388599872589111328e-01
6.429600119590759277e-01
6.414999961853027344e-01
6.417999863624572754e-01
6.401600241661071777e-01
6.426200270652770996e-01
6.424999833106994629e-01
6.449599862098693848e-01
6.469399929046630859e-01
6.444799900054931641e-01
6.456199884414672852e-01
6.473199725151062012e-01
6.492199897766113281e-01
6.513800024986267090e-01
6.478000283241271973e-01
6.504999995231628418e-01
6.517400145530700684e-01
6.506400108337402344e-01
6.549999713897705078e-01
6.530600190162658691e-01
6.545400023460388184e-01
6.539000272750854492e-01
6.561800241470336914e-01
6.557400226593017578e-01
6.574000120162963867e-01
6.585999727249145508e-01
6.587799787521362305e-01
6.554399728775024414e-01
6.625800132751464844e-01
6.610400080680847168e-01
6.607599854469299316e-01
6.637799739837646484e-01
6.638600230216979980e-01
6.607199907302856445e-01
6.610800027847290039e-01
6.626799702644348145e-01
6.651200056076049805e-01
6.649399995803833008e-01
6.639599800109863281e-01
6.668999791145324707e-01
6.672999858856201172e-01
6.682400107383728027e-01
6.681200265884399414e-01
6.701200008392333984e-01
6.725400090217590332e-01
6.686000227928161621e-01
6.737599968910217285e-01
6.707000136375427246e-01
6.723999977111816406e-01
6.746000051498413086e-01
6.728199720382690430e-01
6.732400059700012207e-01
6.755399703979492188e-01
6.723799705505371094e-01
6.741799712181091309e-01
6.790599822998046875e-01
6.767600178718566895e-01
6.783800125122070312e-01
6.798200011253356934e-01
6.762400269508361816e-01
6.787599921226501465e-01
6.781200170516967773e-01
6.793599724769592285e-01
6.806399822235107422e-01
6.798400282859802246e-01
6.764400005340576172e-01
6.820999979972839355e-01
6.803600192070007324e-01
6.816800236701965332e-01
6.808199882507324219e-01
6.845800280570983887e-01
6.831799745559692383e-01
6.836599707603454590e-01
6.836599707603454590e-01
6.893799901008605957e-01
6.865800023078918457e-01
6.873800158500671387e-01
6.874399781227111816e-01
6.869000196456909180e-01
6.890599727630615234e-01
6.894199848175048828e-01
6.870800256729125977e-01
6.920999884605407715e-01
6.900600194931030273e-01
6.923000216484069824e-01
6.909800171852111816e-01
6.909999847412109375e-01
6.942600011825561523e-01
6.932600140571594238e-01
6.928799748420715332e-01
6.937199831008911133e-01
6.942399740219116211e-01
6.970000267028808594e-01
6.972399950027465820e-01
6.958400011062622070e-01
6.945800185203552246e-01
6.971399784088134766e-01
6.945199966430664062e-01
7.005199790000915527e-01
6.923400163650512695e-01
6.983000040054321289e-01
6.969799995422363281e-01
6.968600153923034668e-01
6.982799768447875977e-01
7.027999758720397949e-01
6.949599981307983398e-01
7.002800107002258301e-01
6.991999745368957520e-01
7.007799744606018066e-01
6.995199918746948242e-01
7.042400240898132324e-01
7.064800262451171875e-01
7.043399810791015625e-01
7.034400105476379395e-01
7.040399909019470215e-01
7.055400013923645020e-01
7.059800028800964355e-01
7.046999931335449219e-01
7.065200209617614746e-01
7.074400186538696289e-01
7.073199748992919922e-01
7.056000232696533203e-01
7.066199779510498047e-01
7.095199823379516602e-01
7.092000246047973633e-01
7.087799906730651855e-01
7.091000080108642578e-01
7.088599801063537598e-01
7.115600109100341797e-01
7.131999731063842773e-01
7.103800177574157715e-01
7.112600207328796387e-01
7.125599980354309082e-01
7.127199769020080566e-01
7.120599746704101562e-01
7.147799730300903320e-01
7.139000296592712402e-01
7.161599993705749512e-01
7.129999995231628418e-01
7.174599766731262207e-01
7.161599993705749512e-01
7.167400121688842773e-01
7.142800092697143555e-01
7.154200077056884766e-01
7.180600166320800781e-01
7.183200120925903320e-01
7.179399728775024414e-01
7.161200046539306641e-01
7.177600264549255371e-01
7.159000039100646973e-01
7.208399772644042969e-01
7.160000205039978027e-01
7.176200151443481445e-01
7.205399870872497559e-01
7.199000120162963867e-01
7.208399772644042969e-01
7.212799787521362305e-01
7.234799861907958984e-01
7.184799909591674805e-01
7.218800187110900879e-01
7.225199937820434570e-01
7.246800065040588379e-01
7.224599719047546387e-01
7.250999808311462402e-01
7.258999943733215332e-01
7.236999869346618652e-01
7.225800156593322754e-01
7.241600155830383301e-01
7.242799997329711914e-01
7.252200245857238770e-01
7.269399762153625488e-01
7.222999930381774902e-01
7.261999845504760742e-01
7.270399928092956543e-01
7.292199730873107910e-01
7.289999723434448242e-01
7.281399965286254883e-01
7.265400290489196777e-01
7.289400100708007812e-01
7.303199768066406250e-01
7.307199835777282715e-01
7.308800220489501953e-01
7.316200137138366699e-01
7.274799942970275879e-01
7.307400107383728027e-01
7.283200025558471680e-01
7.305200099945068359e-01
7.294399738311767578e-01
7.320399880409240723e-01
7.298200130462646484e-01
7.335799932479858398e-01
7.318400144577026367e-01
7.314400076866149902e-01
7.320600152015686035e-01
7.341600060462951660e-01
7.343199849128723145e-01
7.366600036621093750e-01
7.332400083541870117e-01
7.355999946594238281e-01
7.345399856567382812e-01
7.361599802970886230e-01
7.340400218963623047e-01
7.360600233078002930e-01
7.403600215911865234e-01
7.343999743461608887e-01
7.380800247192382812e-01
7.340999841690063477e-01
7.374200224876403809e-01
7.382400035858154297e-01
7.378600239753723145e-01
7.401400208473205566e-01
7.420799732208251953e-01
7.420600056648254395e-01
7.383999824523925781e-01
7.380200028419494629e-01
7.415400147438049316e-01
7.414600253105163574e-01
7.400799989700317383e-01
7.408400177955627441e-01
7.428399920463562012e-01
7.409200072288513184e-01
7.437199950218200684e-01
7.396000027656555176e-01
7.411599755287170410e-01
7.420600056648254395e-01
7.431600093841552734e-01
7.440199851989746094e-01
7.463600039482116699e-01
7.450799942016601562e-01
7.446799874305725098e-01
7.438200116157531738e-01
7.479599714279174805e-01
7.467600107192993164e-01
7.476999759674072266e-01
7.465800046920776367e-01
7.458000183105468750e-01
7.472400069236755371e-01
7.433800101280212402e-01
7.471200227737426758e-01
7.468600273132324219e-01
7.493600249290466309e-01
7.493799924850463867e-01
7.467200160026550293e-01
7.485200166702270508e-01
7.485399842262268066e-01
7.527400255203247070e-01
7.491400241851806641e-01
7.466800212860107422e-01
7.517200112342834473e-01
7.508199810981750488e-01
7.491800189018249512e-01
7.509400248527526855e-01
7.507600188255310059e-01
7.494999766349792480e-01
7.549399733543395996e-01
7.504000067710876465e-01
7.505599856376647949e-01
7.490400075912475586e-01
7.504799962043762207e-01
7.544999718666076660e-01
7.505000233650207520e-01
7.524399757385253906e-01
7.566400170326232910e-01
7.530199885368347168e-01
7.553399801254272461e-01
7.547000050544738770e-01
7.551599740982055664e-01
7.546399831771850586e-01
7.574200034141540527e-01
7.548599839210510254e-01
7.572399973869323730e-01
7.577199935913085938e-01
7.566000223159790039e-01
7.551800012588500977e-01
7.547799944877624512e-01
7.572799921035766602e-01
7.570199966430664062e-01
7.548800110816955566e-01
7.548000216484069824e-01
7.557799816131591797e-01
7.596399784088134766e-01
7.602199912071228027e-01
7.606800198554992676e-01
7.595599889755249023e-01
7.585800290107727051e-01
7.591400146484375000e-01
7.605400085449218750e-01
7.563999891281127930e-01
7.611600160598754883e-01
7.620199918746948242e-01
7.609999775886535645e-01
7.613000273704528809e-01
7.624599933624267578e-01
7.608199715614318848e-01
7.627400159835815430e-01
7.615000009536743164e-01
7.622600197792053223e-01
7.635599970817565918e-01
7.631599903106689453e-01
7.633200287818908691e-01
7.637000083923339844e-01
7.663199901580810547e-01
7.633600234985351562e-01
7.636600136756896973e-01
7.652199864387512207e-01
7.629799842834472656e-01
7.635999917984008789e-01
7.642400264739990234e-01
7.641999721527099609e-01
7.648199796676635742e-01
7.641599774360656738e-01
7.674599885940551758e-01
7.674400210380554199e-01
7.667599916458129883e-01
7.666199803352355957e-01
7.687000036239624023e-01
7.659400105476379395e-01
7.669799923896789551e-01
7.644400000572204590e-01
7.639600038528442383e-01
7.695599794387817383e-01
7.663800120353698730e-01
7.670000195503234863e-01
7.664200067520141602e-01
7.654399871826171875e-01
7.693200111389160156e-01
7.714400291442871094e-01
7.680799961090087891e-01
7.677800059318542480e-01
7.719200253486633301e-01
7.680199742317199707e-01
7.709199786186218262e-01
7.711600065231323242e-01
7.720999717712402344e-01
7.701799869537353516e-01
7.672799825668334961e-01
7.710800170898437500e-01
7.725800275802612305e-01
7.743800282478332520e-01
7.705000042915344238e-01
7.722799777984619141e-01
7.717400193214416504e-01
7.733600139617919922e-01
7.743800282478332520e-01
7.721400260925292969e-01
7.712799906730651855e-01
7.721800208091735840e-01
7.716400027275085449e-01
7.701799869537353516e-01
7.716000080108642578e-01
7.720999717712402344e-01
7.743600010871887207e-01
7.718600034713745117e-01
7.725600004196166992e-01
7.736200094223022461e-01
7.749400138854980469e-01
7.729399800300598145e-01
7.752400040626525879e-01
7.753800153732299805e-01
7.788400053977966309e-01
7.739599943161010742e-01
7.752599716186523438e-01
7.757400274276733398e-01
7.786999940872192383e-01
7.768800258636474609e-01
7.766199707984924316e-01
7.762799859046936035e-01
7.760800123214721680e-01
7.787799835205078125e-01
7.760400176048278809e-01
7.764400243759155273e-01
7.756800055503845215e-01
7.761399745941162109e-01
7.770799994468688965e-01
7.772799730300903320e-01
7.784799933433532715e-01
7.779800295829772949e-01
7.764599919319152832e-01
7.790600061416625977e-01
7.768599987030029297e-01
7.819600105285644531e-01
7.782999873161315918e-01
7.814199924468994141e-01
7.803000211715698242e-01
7.813599705696105957e-01
7.807800173759460449e-01
7.808200120925903320e-01
7.791200280189514160e-01
7.811599969863891602e-01
7.791600227355957031e-01
7.823399901390075684e-01
7.811800241470336914e-01
7.814000248908996582e-01
7.829999923706054688e-01
7.809799909591674805e-01
7.813599705696105957e-01
7.804200053215026855e-01
7.841600179672241211e-01
7.839800119400024414e-01
7.849799990653991699e-01
