2.297661718368530170e+00
2.234204459667205711e+00
2.080443629741668854e+00
2.000364736080169514e+00
1.943404268980026162e+00
1.896587945461273295e+00
1.851904046773910517e+00
1.815830185890197734e+00
1.781413161516189669e+00
1.745819520711898720e+00
1.720769787549972563e+00
1.697652137279510587e+00
1.670311787128448522e+00
1.650340811491012527e+00
1.633093478918075547e+00
1.612852856159210146e+00
1.595828580141067432e+00
1.578346262454986659e+00
1.566757611513137860e+00
1.551167275190353356e+00
1.539666062116622935e+00
1.531076633453369196e+00
1.515002039432525649e+00
1.504772729396820052e+00
1.493466575384140071e+00
1.484391803264617948e+00
1.476270323753356983e+00
1.471840235710144107e+00
1.466141039609909047e+00
1.458313586235046477e+00
1.443022238254547229e+00
1.437029377460479651e+00
1.435711445093154959e+00
1.422197260856628453e+00
1.411745372772216900e+00
1.411155843257904108e+00
1.401949405670166016e+00
1.399683291673660346e+00
1.393287848711013854e+00
1.387192832708358692e+00
1.381589756488800003e+00
1.376243894100189102e+00
1.368827154874801666e+00
1.365820433855056804e+00
1.358284395217895568e+00
1.356720675945281895e+00
1.351234077215194729e+00
1.349869281530380327e+00
1.340514022588729759e+00
1.338722660541534326e+00
1.334793730020523039e+00
1.326333726882934494e+00
1.325610497713088920e+00
1.319653722524642969e+00
1.315959204435348529e+00
1.318653134822845407e+00
1.312326120376587024e+00
1.304917277216911309e+00
1.300790467739105116e+00
1.299790845990181021e+00
1.295719718217849703e+00
1.290929727196693522e+00
1.291361689090728682e+00
1.284157416343689073e+00
1.282255953311920216e+00
1.281720552086830223e+00
1.274743709802627523e+00
1.276319614291191007e+00
1.270889253139495745e+00
1.268921359419822759e+00
1.266731369495391890e+00
1.261137676954269482e+00
1.261903763055801431e+00
1.260404315829277033e+00
1.258832004308700458e+00
1.254169031381606958e+00
1.250102121233940045e+00
1.249110208511352571e+00
1.243967031359672459e+00
1.245249376893043491e+00
1.245815754175186196e+00
1.236024100661277769e+00
1.237829488754272456e+00
1.231032788038253889e+00
1.228465152740478405e+00
1.228461585164070113e+00
1.220613851308822717e+00
1.224572662711143511e+00
1.216039901375770560e+00
1.222436896443366949e+00
1.214544379949569652e+00
1.213311938405036816e+00
1.207253515601158123e+00
1.209842587113380441e+00
1.211484843730926464e+00
1.204028438568115256e+00
1.203647430181503220e+00
1.200976523518562322e+00
1.200235248446464453e+00
1.198650880336761482e+00
1.196246832251548708e+00
1.189632559657096911e+00
1.194118259906768786e+00
1.191884267091751104e+00
1.190737437009811384e+00
1.188304439902305498e+00
1.186400210857391446e+00
1.175444887399673455e+00
1.178456027150154073e+00
1.181369382381439292e+00
1.180364925861358660e+00
1.172634552597999535e+00
1.173619157671928370e+00
1.169105179905891356e+00
1.171466076016426161e+00
1.168165999174118008e+00
1.165788713932037313e+00
1.160684916377067610e+00
1.161496027469635095e+00
1.161150113821029617e+00
1.158348323225975030e+00
1.158579150199890107e+00
1.153316872596740650e+00
1.157288621187209987e+00
1.147876092433929518e+00
1.152230387568473846e+00
1.150947911739349294e+00
1.148447648048400938e+00
1.150125913619995055e+00
1.143082651019096341e+00
1.143038691282272312e+00
1.144636412501335077e+00
1.135861395955085840e+00
1.136853504538536175e+00
1.138796805024147041e+00
1.134242091178893963e+00
1.137962599754333448e+00
1.138306567549705495e+00
1.132077118158340445e+00
1.129044724106788689e+00
1.120414573311805828e+00
1.125121675491332907e+00
1.127468557953834605e+00
1.127634046673774648e+00
1.125632980346679579e+00
1.118038129329681496e+00
1.112847420811653221e+00
1.122754428148269756e+00
1.119957574486732499e+00
1.114328496694564796e+00
1.117605133295059172e+00
1.116552937388420208e+00
1.115015805244445879e+00
1.112507147550582776e+00
1.109699809551238925e+00
1.106099274516105568e+00
1.108812595367431708e+00
1.107449963808059712e+00
1.108925706028938363e+00
1.106059334993362508e+00
1.100982961058616594e+00
1.101511273860931395e+00
1.098422520399093605e+00
1.098594697117805552e+00
1.094310147285461499e+00
1.100115299582481443e+00
1.098961931228637612e+00
1.094977340698242152e+00
1.093752385973930430e+00
1.096293121576309204e+00
1.092181870222091566e+00
1.090054212689399726e+00
1.085448390960693343e+00
1.086830759882926989e+00
1.087784324765205479e+00
1.087049657464027375e+00
1.084466564059257454e+00
1.084184687256813051e+00
1.081033986330032448e+00
1.079730478525161796e+00
1.077138607740402154e+00
1.078546517372131364e+00
1.074668434739112888e+00
1.071693152904510393e+00
1.080163143873214660e+00
1.071967378377914448e+00
1.072260094404220654e+00
1.070494910001754674e+00
1.071944523453712383e+00
1.071321844100952214e+00
1.069074409484863208e+00
1.069132854342460526e+00
1.066567944884300179e+00
1.063983602881431567e+00
1.061144721150398151e+00
1.068034670472145065e+00
1.062384001255035404e+00
1.066445624709129403e+00
1.061968552112579456e+00
1.053951943039894035e+00
1.053363938331604022e+00
1.058799183726310655e+00
1.055911884546279822e+00
1.055461459040641703e+00
1.054816488742828406e+00
1.052150531411170986e+00
1.053485728144645694e+00
1.052528572916984650e+00
1.046083997249603215e+00
1.056242925524711662e+00
1.052784837603569112e+00
1.049817577481269915e+00
1.051386404871940572e+00
1.052105436325073251e+00
1.046902222037315422e+00
1.043265403747558606e+00
1.047027550578117472e+00
1.046172966361045731e+00
1.039002856016159049e+00
1.039499362349510125e+00
1.042868377566337657e+00
1.039880241036415187e+00
1.041695301413536168e+00
1.036841527462005530e+00
1.034252544760704051e+00
1.038886654257774378e+00
1.036148871541023198e+00
1.037072488784789970e+00
1.032146357178687968e+00
1.037515907526016301e+00
1.036062656164169260e+00
1.036403868556022623e+00
1.028809030294418392e+00
1.031156526327133172e+00
1.029791828870773251e+00
1.029265084385871942e+00
1.025169906139373754e+00
1.027256566524505699e+00
1.027181196093559290e+00
1.024425275325775209e+00
1.020997366189956734e+00
1.021549901723861620e+00
1.020270988821983416e+00
1.023647031545638963e+00
1.019699984312057550e+00
1.018286363601684563e+00
1.020253901243209915e+00
1.016046119332313591e+00
1.015553167581558336e+00
1.020106879830360302e+00
1.017315605163574110e+00
1.012748993158340438e+00
1.017494951128959713e+00
1.013743717789650001e+00
1.013273361682891949e+00
1.010692038416862504e+00
1.014421479344367993e+00
1.008123473882675203e+00
1.006344652056694100e+00
1.008126714110374467e+00
1.006331202745437636e+00
1.007229218363761891e+00
1.005020153164863483e+00
1.005976770043373048e+00
1.001522639036178663e+00
1.003617302775382969e+00
1.007068696618080184e+00
1.002358216047287032e+00
1.003204599738120928e+00
9.966356502771377412e-01
1.001958926081657486e+00
1.000422004699706990e+00
9.942616035938263153e-01
1.001027704954147390e+00
9.970127969980240312e-01
9.974480063915253103e-01
9.942250306606292831e-01
9.928271491527557169e-01
9.977184411287307597e-01
9.973497982025146813e-01
9.929959841966629064e-01
9.952270904779434435e-01
9.930557796955108429e-01
9.929342715740203662e-01
9.925546743869781974e-01
9.906529705524445006e-01
9.893385620117187695e-01
9.900908343791962052e-01
9.895085158348083665e-01
9.860498805046081783e-01
9.898694798946380269e-01
9.895835108757019549e-01
9.854854093790054170e-01
9.853798016309738284e-01
9.838192986249923999e-01
9.807851237058639038e-01
9.810309357643127726e-01
9.797020008563995797e-01
9.804076859951019740e-01
9.809509613513947013e-01
9.774677717685699152e-01
9.784440227746963314e-01
9.781599955558777371e-01
9.736040259599685331e-01
9.784977178573608381e-01
9.771647573709487666e-01
9.752274332046508842e-01
9.738710392713546549e-01
9.735491459369659539e-01
9.730172822475433581e-01
9.709787641763687471e-01
9.673989422321319642e-01
9.714331182241440210e-01
9.713971436023711714e-01
9.712469674348831461e-01
9.731330909729003498e-01
9.748280422687530811e-01
9.704987964630127362e-01
9.650370788574218484e-01
9.689130744934082440e-01
9.693009313344955746e-01
9.621341937780379938e-01
9.652418776750564255e-01
9.578922591209411141e-01
9.710214383602142618e-01
9.599243056774139360e-01
9.643196004629135398e-01
9.670423130989074245e-01
9.629937666654586614e-01
9.584537109136581634e-01
9.618396152257919773e-01
9.660317981243133900e-01
9.635136445760726920e-01
9.545198031663895133e-01
9.602661185264587118e-01
9.596211688518524463e-01
9.573402251005173058e-01
9.571600339412689173e-01
9.526288567781447947e-01
9.527782784700393748e-01
9.618304755687713259e-01
9.526450672149657795e-01
9.523360586166381703e-01
9.581225568056106479e-01
9.508416582345962098e-01
9.542314819097519329e-01
9.486512609720230138e-01
9.450862455368042037e-01
9.565983589887618876e-01
9.516282392740249563e-01
9.494897000789642716e-01
9.498337389230727679e-01
9.488032081127166784e-01
9.520608757734299044e-01
9.471622272729873782e-01
9.481164661645888891e-01
9.471106258630752617e-01
9.494507427215576056e-01
9.420598356723784983e-01
9.484379111528397077e-01
9.459114716053008687e-01
9.435353684425353826e-01
9.412505155801773604e-01
9.444886900186538758e-01
9.466212861537933732e-01
9.395334486961364195e-01
9.432800050973891848e-01
9.475655585527420488e-01
9.419969257116317385e-01
9.397974081039428551e-01
9.425073903799057184e-01
9.379547759294509790e-01
9.418099484443664959e-01
9.419391167163848610e-01
9.395996624231338634e-01
9.292234327793121862e-01
9.336218467950820887e-01
9.322027335166931383e-01
9.382036154270172457e-01
9.336284869909285966e-01
9.361098026037215636e-01
9.407634835243224858e-01
9.349541720151901547e-01
9.284452296495437906e-01
9.324644480943680147e-01
9.340828882455826099e-01
9.294677324295044230e-01
9.270458284616470701e-01
9.283449633121489963e-01
9.277319680452347228e-01
9.254296854734420652e-01
9.263251385688782147e-01
9.289556130170821824e-01
9.280395419597625706e-01
9.311279710531235043e-01
9.254183119535446256e-01
9.248344748020171924e-01
9.268008918762207227e-01
9.257903316020965612e-01
9.274518048763275013e-01
9.209171117544173724e-01
9.259809811115264910e-01
9.244491958618163974e-01
9.207768530845642507e-01
9.201925978660583372e-01
9.213760294914246085e-01
9.204224448204040288e-01
9.181644489765167227e-01
9.265433634519577577e-01
9.215453064441680997e-01
9.192009669542312578e-01
9.153597655296326074e-01
9.209835882186889755e-01
9.137229257822037098e-01
9.166258150339126054e-01
9.199795101881027559e-01
9.207314788103103664e-01
9.181136230230331208e-01
9.164791005849838301e-01
9.139953604936599252e-01
9.162206047773361339e-01
9.086779671907424527e-01
9.143517363071441695e-01
9.208693925142288350e-01
9.127355723381042063e-01
9.176462333202362043e-01
9.141431776285171562e-01
9.175046834945678187e-01
9.165371575355529821e-01
9.035956833362579488e-01
9.098099904060363841e-01
9.065365592241286796e-01
9.126598415374755913e-01
9.125171743631362853e-01
9.078423728942871529e-01
9.116837855577468730e-01
9.146663000583649117e-01
9.053291418552398273e-01
9.121449168920516826e-01
9.045159300565719374e-01
9.009022072553635185e-01
9.049595185518264362e-01
9.048887679576873566e-01
9.084696449041366195e-01
9.025667761564254432e-01
9.080156164169311817e-01
9.086450673341751605e-01
9.045221084356307450e-01
9.010370295047760436e-01
9.053884723186492733e-01
9.050223348736763374e-01
8.957993628978728751e-01
9.045066450834273741e-01
9.007466647624969847e-01
8.989515987634658645e-01
9.029764075279236302e-01
9.038361109495163248e-01
8.971964161396026594e-01
8.982315073013306117e-01
8.999787257909774851e-01
9.027023683786392638e-01
8.910762902498244875e-01
8.949340678453445719e-01
9.007359151840209632e-01
8.934670070409774789e-01
8.907977986335754439e-01
8.986594401597977066e-01
9.013852676153183419e-01
8.961778731346130566e-01
8.891305454969405941e-01
8.939248406887054799e-01
8.930690654516220128e-01
8.906255451440810988e-01
8.937315008640289715e-01
8.830363731384277548e-01
8.929011753797531092e-01
8.898851866722107262e-01
8.956565320491790549e-01
8.959380555152892667e-01
8.906242665052414020e-01
8.846117653846741202e-01
8.918557040691376114e-01
8.888107120990753618e-01
8.912994362115860270e-01
8.911857995986938175e-01
8.880065046548842878e-01
8.852481472492218506e-01
8.865985792875289428e-01
8.846127059459686359e-01
8.861232110261917372e-01
8.905378068685532167e-01
8.890594609975814855e-01
8.793354877233505729e-01
8.864525713920593519e-01
8.806554183959961479e-01
8.891231387853621992e-01
8.919553552865981949e-01
8.797256014347076825e-01
8.855595437288283911e-01
8.835778739452362363e-01
