1.257400065660476685e-01
1.818400025367736816e-01
2.223200052976608276e-01
2.630800008773803711e-01
2.960799932479858398e-01
3.176800012588500977e-01
3.342800140380859375e-01
3.490599989891052246e-01
3.618600070476531982e-01
3.735199868679046631e-01
3.833200037479400635e-01
3.911199867725372314e-01
4.025399982929229736e-01
4.088400006294250488e-01
4.172399938106536865e-01
4.201599955558776855e-01
4.280799925327301025e-01
4.335600137710571289e-01
4.389800131320953369e-01
4.423800110816955566e-01
4.474999904632568359e-01
4.504399895668029785e-01
4.564599990844726562e-01
4.596999883651733398e-01
4.656800031661987305e-01
4.670999944210052490e-01
4.726200103759765625e-01
4.721199870109558105e-01
4.733400046825408936e-01
4.792599976062774658e-01
4.830400049686431885e-01
4.855000078678131104e-01
4.862999916076660156e-01
4.904200136661529541e-01
4.955999851226806641e-01
4.946599900722503662e-01
4.965800046920776367e-01
4.964399933815002441e-01
4.988000094890594482e-01
5.041400194168090820e-01
5.058000087738037109e-01
5.044000148773193359e-01
5.086399912834167480e-01
5.096200108528137207e-01
5.148000121116638184e-01
5.119799971580505371e-01
5.145400166511535645e-01
5.149000287055969238e-01
5.185400247573852539e-01
5.198000073432922363e-01
5.211200118064880371e-01
5.240799784660339355e-01
5.239400267601013184e-01
5.276399850845336914e-01
5.270799994468688965e-01
5.248399972915649414e-01
5.279600024223327637e-01
5.330799818038940430e-01
5.330600142478942871e-01
5.342199802398681641e-01
5.353199839591979980e-01
5.394399762153625488e-01
5.350000262260437012e-01
5.388600230216979980e-01
5.397400259971618652e-01
5.426800251007080078e-01
5.437399744987487793e-01
5.425199866294860840e-01
5.447000265121459961e-01
5.451800227165222168e-01
5.440400242805480957e-01
5.482599735260009766e-01
5.473600029945373535e-01
5.470799803733825684e-01
5.514000058174133301e-01
5.507000088691711426e-01
5.505399703979492188e-01
5.535799860954284668e-01
5.555599927902221680e-01
5.545200109481811523e-01
5.551199913024902344e-01
5.570999979972839355e-01
5.563799738883972168e-01
5.606600046157836914e-01
5.583599805831909180e-01
5.594999790191650391e-01
5.623599886894226074e-01
5.619999766349792480e-01
5.638200044631958008e-01
5.627999901771545410e-01
5.634199976921081543e-01
5.647400021553039551e-01
5.669999718666076660e-01
5.651000142097473145e-01
5.660200119018554688e-01
5.672199726104736328e-01
5.699399709701538086e-01
5.699999928474426270e-01
5.721799731254577637e-01
5.708600282669067383e-01
5.742800235748291016e-01
5.746999979019165039e-01
5.724999904632568359e-01
5.715000033378601074e-01
5.739200115203857422e-01
5.756199955940246582e-01
5.755000114440917969e-01
5.809599757194519043e-01
5.764999985694885254e-01
5.752199888229370117e-01
5.768799781799316406e-01
5.809000134468078613e-01
5.789999961853027344e-01
5.819000005722045898e-01
5.793799757957458496e-01
5.825999975204467773e-01
5.836200118064880371e-01
5.845000147819519043e-01
5.841799974441528320e-01
5.843799710273742676e-01
5.855399966239929199e-01
5.853999853134155273e-01
5.869399905204772949e-01
5.860800147056579590e-01
5.895000100135803223e-01
5.879200100898742676e-01
5.888000130653381348e-01
5.882400274276733398e-01
5.883600115776062012e-01
5.920799970626831055e-01
5.907199978828430176e-01
5.916399955749511719e-01
5.929800271987915039e-01
5.931800007820129395e-01
5.935800075531005859e-01
5.963000059127807617e-01
5.921000242233276367e-01
5.942800045013427734e-01
5.953400135040283203e-01
5.971199870109558105e-01
5.964999794960021973e-01
5.961599946022033691e-01
5.954200029373168945e-01
5.967199802398681641e-01
5.971000194549560547e-01
6.003199815750122070e-01
6.030799746513366699e-01
5.981799960136413574e-01
6.008800268173217773e-01
6.029400229454040527e-01
6.003800034523010254e-01
5.990200042724609375e-01
6.010599732398986816e-01
6.013399958610534668e-01
6.025400161743164062e-01
6.070600152015686035e-01
6.018999814987182617e-01
6.031799912452697754e-01
6.017799973487854004e-01
6.055600047111511230e-01
6.067000031471252441e-01
6.056600213050842285e-01
6.072000265121459961e-01
6.095799803733825684e-01
6.101400256156921387e-01
6.067199707031250000e-01
6.064599752426147461e-01
6.085799932479858398e-01
6.102799773216247559e-01
6.068999767303466797e-01
6.121199727058410645e-01
6.105999946594238281e-01
6.139199733734130859e-01
6.109600067138671875e-01
6.144199967384338379e-01
6.085799932479858398e-01
6.140199899673461914e-01
6.140999794006347656e-01
6.141600012779235840e-01
6.137800216674804688e-01
6.155400276184082031e-01
6.177200078964233398e-01
6.155999898910522461e-01
6.166599988937377930e-01
6.145799756050109863e-01
6.166399717330932617e-01
6.171799898147583008e-01
6.171600222587585449e-01
6.172599792480468750e-01
6.160799860954284668e-01
6.188399791717529297e-01
6.192399859428405762e-01
6.183199882507324219e-01
6.195999979972839355e-01
6.193400025367736816e-01
6.182199716567993164e-01
6.197199821472167969e-01
6.175000071525573730e-01
6.201999783515930176e-01
6.242600083351135254e-01
6.234200000762939453e-01
6.213600039482116699e-01
6.230199933052062988e-01
6.214200258255004883e-01
6.241999864578247070e-01
6.250000000000000000e-01
6.231799721717834473e-01
6.233000159263610840e-01
6.253399848937988281e-01
6.237000226974487305e-01
6.224799752235412598e-01
6.256200075149536133e-01
6.230599880218505859e-01
6.256200075149536133e-01
6.270800232887268066e-01
6.278799772262573242e-01
6.272799968719482422e-01
6.275600194931030273e-01
6.294599771499633789e-01
6.283800005912780762e-01
6.273999810218811035e-01
6.273599863052368164e-01
6.266999840736389160e-01
6.271399855613708496e-01
6.287800073623657227e-01
6.287400126457214355e-01
6.282200217247009277e-01
6.299999952316284180e-01
6.318399906158447266e-01
6.286600232124328613e-01
6.313800215721130371e-01
6.263599991798400879e-01
6.310999989509582520e-01
6.311200261116027832e-01
6.312400102615356445e-01
6.320000290870666504e-01
6.336799860000610352e-01
6.318799853324890137e-01
6.334599852561950684e-01
6.348999738693237305e-01
6.362400054931640625e-01
6.359000205993652344e-01
6.346200108528137207e-01
6.353999972343444824e-01
6.346799731254577637e-01
6.362400054931640625e-01
6.330000162124633789e-01
6.343200206756591797e-01
6.350399851799011230e-01
6.341800093650817871e-01
6.387000083923339844e-01
6.363199949264526367e-01
6.348199844360351562e-01
6.394799947738647461e-01
6.354399919509887695e-01
6.391400098800659180e-01
6.367999911308288574e-01
6.406800150871276855e-01
6.396200060844421387e-01
6.404600143432617188e-01
6.390799880027770996e-01
6.395199894905090332e-01
6.418600082397460938e-01
6.410599946975708008e-01
6.424000263214111328e-01
6.431400179862976074e-01
6.408600211143493652e-01
6.424800157546997070e-01
6.409599781036376953e-01
6.431800127029418945e-01
6.401600241661071777e-01
6.444399952888488770e-01
6.442000269889831543e-01
6.426799893379211426e-01
6.454399824142456055e-01
6.424199938774108887e-01
6.452599763870239258e-01
6.463800072669982910e-01
6.435199975967407227e-01
6.454600095748901367e-01
6.428200006484985352e-01
6.457399725914001465e-01
6.471199989318847656e-01
6.447399854660034180e-01
6.464999914169311523e-01
6.448400020599365234e-01
6.451799869537353516e-01
6.459000110626220703e-01
6.451200246810913086e-01
6.477400064468383789e-01
6.472600102424621582e-01
6.452400088310241699e-01
6.479399800300598145e-01
6.474000215530395508e-01
6.481199860572814941e-01
6.495199799537658691e-01
6.525200009346008301e-01
6.490399837493896484e-01
6.476799845695495605e-01
6.499000191688537598e-01
6.500999927520751953e-01
6.495599746704101562e-01
6.492199897766113281e-01
6.509600281715393066e-01
6.476200222969055176e-01
6.489400267601013184e-01
6.514999866485595703e-01
6.508200168609619141e-01
6.517400145530700684e-01
6.530200242996215820e-01
6.521599888801574707e-01
6.539199948310852051e-01
6.549999713897705078e-01
6.552799940109252930e-01
6.550199985504150391e-01
6.531800031661987305e-01
6.510599851608276367e-01
6.553999781608581543e-01
6.551600098609924316e-01
6.536200046539306641e-01
6.528199911117553711e-01
6.589599847793579102e-01
6.556400060653686523e-01
6.594600081443786621e-01
6.552199721336364746e-01
6.564000248908996582e-01
6.549999713897705078e-01
6.545000076293945312e-01
6.538400053977966309e-01
6.575999855995178223e-01
6.577200293540954590e-01
6.542599797248840332e-01
6.545199751853942871e-01
6.588799953460693359e-01
6.594200134277343750e-01
6.552600264549255371e-01
6.598600149154663086e-01
6.574800014495849609e-01
6.602799892425537109e-01
6.604599952697753906e-01
6.576600074768066406e-01
6.584200263023376465e-01
6.590999960899353027e-01
6.555600166320800781e-01
6.606600284576416016e-01
6.607800126075744629e-01
6.621599793434143066e-01
6.614400148391723633e-01
6.586400270462036133e-01
6.598600149154663086e-01
6.614999771118164062e-01
6.591600179672241211e-01
6.623200178146362305e-01
6.603400111198425293e-01
6.589199900627136230e-01
6.607999801635742188e-01
6.599400043487548828e-01
6.591399908065795898e-01
6.653199791908264160e-01
6.619799733161926270e-01
6.618599891662597656e-01
6.639000177383422852e-01
6.644399762153625488e-01
6.613399982452392578e-01
6.595600247383117676e-01
6.631799936294555664e-01
6.621400117874145508e-01
6.610400080680847168e-01
6.626600027084350586e-01
6.643000245094299316e-01
6.635800004005432129e-01
6.649399995803833008e-01
6.635199785232543945e-01
6.649399995803833008e-01
6.640800237655639648e-01
6.675599813461303711e-01
6.671199798583984375e-01
6.671000123023986816e-01
6.661000251770019531e-01
6.664000153541564941e-01
6.646599769592285156e-01
6.649399995803833008e-01
6.642799973487854004e-01
6.677200198173522949e-01
6.656600236892700195e-01
6.656200289726257324e-01
6.661599874496459961e-01
6.676399707794189453e-01
6.703199744224548340e-01
6.689599752426147461e-01
6.692399978637695312e-01
6.701800227165222168e-01
6.676599979400634766e-01
6.691200137138366699e-01
6.673799753189086914e-01
6.712999939918518066e-01
6.690599918365478516e-01
6.668599843978881836e-01
6.697599887847900391e-01
6.691200137138366699e-01
6.704599857330322266e-01
6.680799722671508789e-01
6.690800189971923828e-01
6.706399917602539062e-01
6.715800166130065918e-01
6.718599796295166016e-01
6.709600090980529785e-01
6.707800030708312988e-01
6.693999767303466797e-01
6.715000271797180176e-01
6.709600090980529785e-01
6.720799803733825684e-01
6.689599752426147461e-01
6.719999909400939941e-01
6.725999712944030762e-01
6.727799773216247559e-01
6.700199842453002930e-01
6.724399924278259277e-01
6.732000112533569336e-01
6.731600165367126465e-01
6.725599765777587891e-01
6.762199997901916504e-01
6.730200052261352539e-01
6.701400279998779297e-01
6.715199947357177734e-01
6.725000143051147461e-01
6.729599833488464355e-01
6.718199849128723145e-01
6.718999743461608887e-01
6.774600148200988770e-01
6.747199892997741699e-01
6.753600239753723145e-01
6.728199720382690430e-01
6.759399771690368652e-01
6.759799718856811523e-01
6.737800240516662598e-01
6.718999743461608887e-01
6.757199764251708984e-01
6.723200082778930664e-01
6.757000088691711426e-01
6.807399988174438477e-01
6.741999983787536621e-01
6.763399839401245117e-01
6.752200126647949219e-01
6.761800050735473633e-01
6.740000247955322266e-01
6.749399900436401367e-01
6.770200133323669434e-01
6.786999702453613281e-01
6.746399998664855957e-01
6.758400201797485352e-01
6.797999739646911621e-01
6.755800247192382812e-01
6.779000163078308105e-01
6.799799799919128418e-01
6.773599982261657715e-01
6.774600148200988770e-01
6.783599853515625000e-01
6.787199974060058594e-01
6.771000027656555176e-01
6.775199770927429199e-01
6.819000244140625000e-01
6.816400289535522461e-01
6.785600185394287109e-01
6.802399754524230957e-01
6.823199987411499023e-01
6.751800179481506348e-01
6.794199943542480469e-01
6.779400110244750977e-01
6.814200282096862793e-01
6.789600253105163574e-01
6.825600266456604004e-01
6.791200041770935059e-01
6.806200146675109863e-01
6.837000250816345215e-01
6.824799776077270508e-01
6.794800162315368652e-01
6.794599890708923340e-01
6.800600290298461914e-01
6.834800243377685547e-01
6.820399761199951172e-01
6.829800009727478027e-01
6.817399859428405762e-01
6.827600002288818359e-01
6.823800206184387207e-01
6.818600296974182129e-01
6.828799843788146973e-01
6.825600266456604004e-01
6.835600137710571289e-01
6.824600100517272949e-01
6.826800107955932617e-01
6.819800138473510742e-01
6.873000264167785645e-01
6.824200153350830078e-01
6.844400167465209961e-01
6.820399761199951172e-01
6.804400086402893066e-01
6.880199909210205078e-01
6.830800175666809082e-01
6.816599965095520020e-01
