2.277555516242980804e+00
2.069226233005523774e+00
1.923043484210968046e+00
1.821319872140884311e+00
1.742744320392608737e+00
1.674152869701385438e+00
1.628560075044631850e+00
1.588388766527175866e+00
1.555854106426239003e+00
1.530068844079971235e+00
1.506617618799209524e+00
1.485800115108490083e+00
1.461834224700927720e+00
1.449775185346603434e+00
1.438558460235595637e+00
1.421749374866485560e+00
1.409239719867706242e+00
1.396760678052902271e+00
1.387291093826293897e+00
1.378874968290328962e+00
1.364900483846664514e+00
1.353917069911956705e+00
1.348236925125122054e+00
1.340005456686020002e+00
1.332137367963790897e+00
1.329499383449554539e+00
1.318248919010162279e+00
1.312296688437461833e+00
1.304362888574600143e+00
1.297543715953827004e+00
1.292276328802108853e+00
1.282675640940666106e+00
1.280409804344177171e+00
1.279790072679519719e+00
1.271867156267166177e+00
1.267685948729515122e+00
1.258503504991531408e+00
1.252400331854820248e+00
1.253402499675750681e+00
1.242928807020187376e+00
1.245746001601219177e+00
1.241276898264884965e+00
1.235054254889488279e+00
1.231914415240287886e+00
1.222416208505630486e+00
1.223722231030464069e+00
1.216880128383636572e+00
1.212830263972282330e+00
1.209849678516387916e+00
1.210617191910743795e+00
1.204028198838233976e+00
1.202770909547805855e+00
1.198390102982521022e+00
1.194419108986854550e+00
1.187150613903999341e+00
1.185918121457099961e+00
1.183882709622383178e+00
1.176272188067436275e+00
1.176441866874694764e+00
1.174097608447074892e+00
1.170105981945991580e+00
1.166166122436523400e+00
1.165721335768699740e+00
1.164312439441680835e+00
1.156175305247306717e+00
1.156424128293991105e+00
1.154036721587181180e+00
1.151153143286705038e+00
1.144425752520561224e+00
1.144383464574813880e+00
1.146259080171585065e+00
1.139278318047523442e+00
1.138459390401840299e+00
1.135780533075332555e+00
1.130653051495551953e+00
1.134873027205467233e+00
1.133232912659644986e+00
1.125051405310630859e+00
1.127198853850364779e+00
1.119046213030815196e+00
1.118694471955299363e+00
1.118707008242607159e+00
1.113246271491050710e+00
1.115633077859878641e+00
1.109382892966270351e+00
1.111659157037734991e+00
1.108009460926056011e+00
1.101708577275276157e+00
1.102661413669586254e+00
1.098181976795196579e+00
1.098281423687934799e+00
1.100258209586143510e+00
1.092762117505073460e+00
1.094909608840942461e+00
1.089478377223014771e+00
1.090343721985816972e+00
1.083112420558929534e+00
1.083788964271545474e+00
1.082180249929428184e+00
1.081189529299735996e+00
1.079534297704696666e+00
1.079680546402931318e+00
1.073596031308174048e+00
1.071194773554801971e+00
1.076680193066597013e+00
1.069244130373001145e+00
1.067936306118965062e+00
1.068300220847129722e+00
1.065552746653556815e+00
1.066396355748176594e+00
1.057768034934997603e+00
1.060523087024688671e+00
1.057352081537246802e+00
1.060206460356712288e+00
1.060609550595283501e+00
1.053436875104904136e+00
1.053534755706787118e+00
1.050682322740554842e+00
1.048543842673301807e+00
1.049534581422805868e+00
1.045507801175117546e+00
1.046757678389549362e+00
1.048874881267547687e+00
1.042253798723220770e+00
1.041138870716094900e+00
1.046702989697456454e+00
1.041689790725708109e+00
1.038188694953918523e+00
1.034294229269027809e+00
1.036607885241508376e+00
1.026761409163475136e+00
1.030829662203788688e+00
1.032143267512321438e+00
1.026322039246559070e+00
1.028928292036056513e+00
1.030486906409263659e+00
1.026301021456718532e+00
1.026001638054847787e+00
1.023980365395545933e+00
1.024733857870101961e+00
1.017467977046966565e+00
1.021662980556488076e+00
1.016683757901191809e+00
1.018276353359222508e+00
1.015965091705322232e+00
1.014597278594970620e+00
1.012548482060432464e+00
1.014852295517921554e+00
1.008379766106605624e+00
1.008551749467849756e+00
1.009850491523742733e+00
1.007957020521163871e+00
1.004027951359748760e+00
1.007619612216949401e+00
1.005327804565429695e+00
9.992790001630783570e-01
9.982592689990997803e-01
1.002841323614120483e+00
1.001572894692420945e+00
9.971538558006286523e-01
9.982460833787918375e-01
9.935342551469802386e-01
9.941254324913024742e-01
9.984362906217575384e-01
9.954011237621307462e-01
9.897409156560897925e-01
9.915951989889144613e-01
9.930188448429108083e-01
9.854446724653244116e-01
9.859638698101044207e-01
9.898980443477630731e-01
9.873884463310241832e-01
9.792103492021561051e-01
9.851069034337996966e-01
9.842233788967132968e-01
9.818732111454010481e-01
9.779404040575027102e-01
9.776067526340485037e-01
9.784970905780792094e-01
9.796481552124023384e-01
9.772464860677718690e-01
9.781430091857910014e-01
9.771142089366913197e-01
9.698505686521530222e-01
9.699850188493728265e-01
9.705366740226745170e-01
9.725622338056564287e-01
9.711103532314300235e-01
9.710657311677932668e-01
9.693395681381226092e-01
9.694425959587097408e-01
9.697274590730666777e-01
9.709038337469101387e-01
9.693223218917846884e-01
9.662897017002105571e-01
9.614777703285217747e-01
9.635231746435165556e-01
9.648189742565155269e-01
9.580844448804854974e-01
9.619163401126861190e-01
9.621685185432433673e-01
9.567387083768844613e-01
9.608773306608200393e-01
9.558315864801406603e-01
9.562393604516983281e-01
9.521110659837722645e-01
9.535403157472610580e-01
9.595481449365615978e-01
9.487833845615386563e-01
9.512049242258071580e-01
9.500535137653350892e-01
9.465379121303558740e-01
9.527958934307098060e-01
9.479856349229812684e-01
9.447068103551864438e-01
9.453439027070998923e-01
9.466052337884902634e-01
9.405345571041107133e-01
9.423425352573394642e-01
9.447093352079390938e-01
9.422634276151656829e-01
9.423694746494293284e-01
9.445187194347381965e-01
9.414511525630950839e-01
9.398550571203231341e-01
9.345231690406798908e-01
9.383155058622359990e-01
9.354585354328155411e-01
9.349876303672790545e-01
9.358864594697952066e-01
9.376809859275817560e-01
9.293521440029144376e-01
9.360214524269103720e-01
9.358984007835388086e-01
9.301681367158889380e-01
9.273321158885955429e-01
9.344257591962814580e-01
9.339266566038131323e-01
9.257671134471893160e-01
9.294348860979080307e-01
9.280547386407852484e-01
9.288829410076141491e-01
9.286950683593749867e-01
9.260141047239303091e-01
9.220862370729446811e-01
9.256154341697693244e-01
9.204867050647735915e-01
9.213250087499618157e-01
9.223962099552154292e-01
9.263244464397429878e-01
9.204129058122635376e-01
9.250247269868850930e-01
9.194516844749450746e-01
9.151419786214828322e-01
9.166380337476730533e-01
9.168160712718963490e-01
9.139546990394592507e-01
9.168879973888397483e-01
9.214782478809356858e-01
9.118644798994064438e-01
9.158081364631652788e-01
9.147942831516265860e-01
9.123344314098358332e-01
9.112617136240005467e-01
9.137706456184386816e-01
9.069746111631393770e-01
9.085791845321655735e-01
9.101126533746719538e-01
9.164558043479918981e-01
9.073289831876755196e-01
9.046638791561126824e-01
9.068800421953201463e-01
9.058661799430847150e-01
9.010807145833968912e-01
9.043389208316803263e-01
9.095197972059250180e-01
8.990632351636886899e-01
9.090621229410171811e-01
9.033101646900176807e-01
9.020564208030700248e-01
9.051278291940688669e-01
9.000540248155594059e-01
8.956417604684829836e-01
8.950943728685378797e-01
8.963898329734801829e-01
8.991427868604660034e-01
8.986450617313385125e-01
8.987606340646743242e-01
8.919200407266616448e-01
8.995110809803008589e-01
8.905311943292617549e-01
8.879024103879928909e-01
8.985752980709076354e-01
8.944147719144821540e-01
8.912784560918808330e-01
8.936355098485946336e-01
8.934496726989745730e-01
8.903686571121215421e-01
8.892212544679641839e-01
8.938928296566009957e-01
8.943859593868255242e-01
8.950818921327591271e-01
8.866323801279067940e-01
8.880805869102478267e-01
8.892679213285445972e-01
8.831716285943984612e-01
8.784838528633117649e-01
8.836984870433807204e-01
8.850998544692992853e-01
8.838127644062042654e-01
8.893167750835418994e-01
8.851127619743347497e-01
8.852148845195769722e-01
8.891418322324752266e-01
8.831233348846435627e-01
8.797183214426040898e-01
8.788770369291305506e-01
8.813618637323379357e-01
8.814482126235961834e-01
8.797404460906982360e-01
8.800895719528197825e-01
8.769475997686385638e-01
8.789936372041702306e-01
8.799674593210220497e-01
8.775782312154769560e-01
8.716580146551131669e-01
8.770311435461044525e-01
8.758402388095856139e-01
8.711775135993957697e-01
8.754016467332840223e-01
8.748752917051315636e-01
8.718501573801040738e-01
8.712768746614456550e-01
8.747317583560944021e-01
8.719493176937103129e-01
8.718019185066223642e-01
8.715379580259322578e-01
8.764387391805649186e-01
8.690796670913696342e-01
8.714267135858535518e-01
8.665620932579040092e-01
8.662891633510589884e-01
8.689005348682403707e-01
8.699882519245147883e-01
8.696604722738265902e-01
8.643507540225983110e-01
8.637616937160491615e-01
8.633239902257919818e-01
8.572009702920914131e-01
8.611279195547103527e-01
8.633605405092239504e-01
8.630472724437713294e-01
8.671032261848449219e-01
8.619251186847687318e-01
8.588884296417236275e-01
8.685337469577789626e-01
8.607182427048682971e-01
8.597181664705276782e-01
8.568050792217254408e-01
8.644063348770141264e-01
8.552227737307548372e-01
8.593317801952362611e-01
8.556836543083190527e-01
8.496799815893173458e-01
8.526468383073806390e-01
8.568360380530357645e-01
8.542680679559707668e-01
8.526525326967239193e-01
8.577972211837768812e-01
8.544568803310393923e-01
8.577034995555877783e-01
8.512681289911270266e-01
8.575137819051742438e-01
8.546814059019088861e-01
8.550891100168228620e-01
8.528154884576797379e-01
8.514617503881454219e-01
8.536705894470214551e-01
8.505239065885543681e-01
8.494330732822418240e-01
8.543637089729309020e-01
8.482339260578155571e-01
8.500105636119842378e-01
8.519773555994033520e-01
8.498171595335006767e-01
8.504769320487975959e-01
8.473869626522063658e-01
8.493265148401260012e-01
8.443200178146362811e-01
8.413229728937149376e-01
8.487347309589385880e-01
8.458042819499969056e-01
8.423566075563431177e-01
8.470817095041275335e-01
8.440917971134185294e-01
8.434586412906647235e-01
8.452192862033843790e-01
8.428922691345215323e-01
8.453123304843902508e-01
8.434433979988098518e-01
8.434028122425079044e-01
8.431378279924393038e-01
8.353815397024154654e-01
8.405520949363708416e-01
8.366430937051773098e-01
8.386931494474411108e-01
8.398589515686034623e-01
8.374858043193816881e-01
8.384908490180968954e-01
8.371463186740875084e-01
8.373325309753417711e-01
8.418520474433899281e-01
8.385472189188003522e-01
8.383924639225006636e-01
8.339596265554427568e-01
8.384416855573654237e-01
8.367408763170242070e-01
8.362294260859489681e-01
8.393712439537048819e-01
8.332862209081649540e-01
8.347727165222168511e-01
8.328649523258209175e-01
8.348859710693359304e-01
8.301683988571166850e-01
8.351339271068572989e-01
8.365748654603958334e-01
8.339934140443802102e-01
8.242531808614730338e-01
8.320157002210617492e-01
8.321134060621261375e-01
8.298254238963127527e-01
8.296152703762054159e-01
8.321445990800857562e-01
8.321419632434845504e-01
8.274629166126251656e-01
8.330999412536621573e-01
8.257206391096114650e-01
8.277639304399490028e-01
8.319717042446136412e-01
8.236335619688034404e-01
8.322914663553238057e-01
8.299950469732284564e-01
8.265566024780273136e-01
8.261860041618347417e-01
8.247690318822861189e-01
8.304113334417343451e-01
8.203497663736343259e-01
8.260501830577849924e-01
8.252597639560699250e-01
8.188328119516372627e-01
8.310239571332931341e-01
8.224387118816375297e-01
8.281958053112029594e-01
8.204706923961639919e-01
8.255721417665481399e-01
8.168979850411415278e-01
8.205569038391112846e-01
8.217921787500381825e-01
8.167740430831909038e-01
8.200340813398361295e-01
8.178073011636733947e-01
8.219669754505157799e-01
8.214682453870773005e-01
8.209827424287795550e-01
8.225047030448913166e-01
8.151573742628097641e-01
8.202527092099189954e-01
8.156344447135924769e-01
8.159251859188080269e-01
8.171414879560470190e-01
8.116824750900268892e-01
8.155535044670104705e-01
8.101662911176681359e-01
8.163251931667327987e-01
8.168414324522018655e-01
8.130455224514007151e-01
8.138809710741042869e-01
8.140201900601387042e-01
8.111166684627533208e-01
8.131214359402656466e-01
8.182648876905441737e-01
8.136615056991577388e-01
8.173957747220993442e-01
8.156314829587936188e-01
8.189450260400772397e-01
8.103762595653534184e-01
8.147994036674499618e-01
8.110719524621963217e-01
8.096085168123244857e-01
8.072031596899033046e-01
8.122051802873611059e-01
8.036227698326110502e-01
8.063254128098488183e-01
8.115574573874473341e-01
8.063808615207672670e-01
8.070432405471801296e-01
8.037721854448318659e-01
8.106878877878188616e-01
8.020787574052811175e-01
8.066447584629058420e-01
