1.710200011730194092e-01
2.411600053310394287e-01
2.962200045585632324e-01
3.355199992656707764e-01
3.650000095367431641e-01
3.912000060081481934e-01
4.095399975776672363e-01
4.264799952507019043e-01
4.390200078487396240e-01
4.495599865913391113e-01
4.582000076770782471e-01
4.645400047302246094e-01
4.714600145816802979e-01
4.792599976062774658e-01
4.814800024032592773e-01
4.889200031757354736e-01
4.932999908924102783e-01
4.964599907398223877e-01
5.011399984359741211e-01
5.036000013351440430e-01
5.080599784851074219e-01
5.127400159835815430e-01
5.142199993133544922e-01
5.191000103950500488e-01
5.202000141143798828e-01
5.193799734115600586e-01
5.257999897003173828e-01
5.288000106811523438e-01
5.294399857521057129e-01
5.342000126838684082e-01
5.367599725723266602e-01
5.404800176620483398e-01
5.386400222778320312e-01
5.385199785232543945e-01
5.425800085067749023e-01
5.427200198173522949e-01
5.463799834251403809e-01
5.503600239753723145e-01
5.517399907112121582e-01
5.551599860191345215e-01
5.535600185394287109e-01
5.560200214385986328e-01
5.588399767875671387e-01
5.563399791717529297e-01
5.600600242614746094e-01
5.616400241851806641e-01
5.651999711990356445e-01
5.646600127220153809e-01
5.664200186729431152e-01
5.640599727630615234e-01
5.698599815368652344e-01
5.690199732780456543e-01
5.726199746131896973e-01
5.736200213432312012e-01
5.735599994659423828e-01
5.752999782562255859e-01
5.765799880027770996e-01
5.785999894142150879e-01
5.793799757957458496e-01
5.791800022125244141e-01
5.823400020599365234e-01
5.823199748992919922e-01
5.826799869537353516e-01
5.822799801826477051e-01
5.850600004196166992e-01
5.857399702072143555e-01
5.873799920082092285e-01
5.889000296592712402e-01
5.899400115013122559e-01
5.924400091171264648e-01
5.875200033187866211e-01
5.932400226593017578e-01
5.907999873161315918e-01
5.918200016021728516e-01
5.940999984741210938e-01
5.970199704170227051e-01
5.963799953460693359e-01
5.970600247383117676e-01
5.977600216865539551e-01
5.993000268936157227e-01
6.000199913978576660e-01
5.995799899101257324e-01
6.011800169944763184e-01
6.033400297164916992e-01
6.032800078392028809e-01
6.026999950408935547e-01
6.026600003242492676e-01
6.039800047874450684e-01
6.061000227928161621e-01
6.068800091743469238e-01
6.063200235366821289e-01
6.070799827575683594e-01
6.085199713706970215e-01
6.104400157928466797e-01
6.110799908638000488e-01
6.117799878120422363e-01
6.127399802207946777e-01
6.123399734497070312e-01
6.123800277709960938e-01
6.158000230789184570e-01
6.172199845314025879e-01
6.151000261306762695e-01
6.163200139999389648e-01
6.154800057411193848e-01
6.165400147438049316e-01
6.175000071525573730e-01
6.200000047683715820e-01
6.173200011253356934e-01
6.184399724006652832e-01
6.186599731445312500e-01
6.222599744796752930e-01
6.223999857902526855e-01
6.234599947929382324e-01
6.213600039482116699e-01
6.210799813270568848e-01
6.223800182342529297e-01
6.244400143623352051e-01
6.253200173377990723e-01
6.251199841499328613e-01
6.257399916648864746e-01
6.270400285720825195e-01
6.265199780464172363e-01
6.223800182342529297e-01
6.264399886131286621e-01
6.289200186729431152e-01
6.255199909210205078e-01
6.297799944877624512e-01
6.277800202369689941e-01
6.322000026702880859e-01
6.278399825096130371e-01
6.334000229835510254e-01
6.319000124931335449e-01
6.303799748420715332e-01
6.328799724578857422e-01
6.333799958229064941e-01
6.323999762535095215e-01
6.308599710464477539e-01
6.330000162124633789e-01
6.348400115966796875e-01
6.325399875640869141e-01
6.363000273704528809e-01
6.356400251388549805e-01
6.344400048255920410e-01
6.348000168800354004e-01
6.384800076484680176e-01
6.374400258064270020e-01
6.371200084686279297e-01
6.396999955177307129e-01
6.391999721527099609e-01
6.400799751281738281e-01
6.417199969291687012e-01
6.401799917221069336e-01
6.403999924659729004e-01
6.423799991607666016e-01
6.407399773597717285e-01
6.424199938774108887e-01
6.435999870300292969e-01
6.420999765396118164e-01
6.411200165748596191e-01
6.433399915695190430e-01
6.441400051116943359e-01
6.453400254249572754e-01
6.462399959564208984e-01
6.422600150108337402e-01
6.458200216293334961e-01
6.463400125503540039e-01
6.485999822616577148e-01
6.464400291442871094e-01
6.481599807739257812e-01
6.469200253486633301e-01
6.457399725914001465e-01
6.488999724388122559e-01
6.505200266838073730e-01
6.485400199890136719e-01
6.484400033950805664e-01
6.488400101661682129e-01
6.487799882888793945e-01
6.511800289154052734e-01
6.482399702072143555e-01
6.512799859046936035e-01
6.508200168609619141e-01
6.514999866485595703e-01
6.508799791336059570e-01
6.546999812126159668e-01
6.515600085258483887e-01
6.528199911117553711e-01
6.527799963951110840e-01
6.528000235557556152e-01
6.515799760818481445e-01
6.541600227355957031e-01
6.541200280189514160e-01
6.534600257873535156e-01
6.543200016021728516e-01
6.531800031661987305e-01
6.541799902915954590e-01
6.560199856758117676e-01
6.538000106811523438e-01
6.561200022697448730e-01
6.576200127601623535e-01
6.572800278663635254e-01
6.574599742889404297e-01
6.570600271224975586e-01
6.543999910354614258e-01
6.570600271224975586e-01
6.595199704170227051e-01
6.582199931144714355e-01
6.600400209426879883e-01
6.600599884986877441e-01
6.607199907302856445e-01
6.612799763679504395e-01
6.612200140953063965e-01
6.592800021171569824e-01
6.582400202751159668e-01
6.613799929618835449e-01
6.632000207901000977e-01
6.640400290489196777e-01
6.608800292015075684e-01
6.632800102233886719e-01
6.638200283050537109e-01
6.650199890136718750e-01
6.612600088119506836e-01
6.626399755477905273e-01
6.638200283050537109e-01
6.622400283813476562e-01
6.646800041198730469e-01
6.656799912452697754e-01
6.645200252532958984e-01
6.649799942970275879e-01
6.662200093269348145e-01
6.666600108146667480e-01
6.640599966049194336e-01
6.672400236129760742e-01
6.657599806785583496e-01
6.654000282287597656e-01
6.675999760627746582e-01
6.708400249481201172e-01
6.656399965286254883e-01
6.655799746513366699e-01
6.701599955558776855e-01
6.675400137901306152e-01
6.657800078392028809e-01
6.662600040435791016e-01
6.667199730873107910e-01
6.687800288200378418e-01
6.720200181007385254e-01
6.711999773979187012e-01
6.685199737548828125e-01
6.683400273323059082e-01
6.697999835014343262e-01
6.670799851417541504e-01
6.689599752426147461e-01
6.696000099182128906e-01
6.702399849891662598e-01
6.711599826812744141e-01
6.713799834251403809e-01
6.717200279235839844e-01
6.718400120735168457e-01
6.726400256156921387e-01
6.718599796295166016e-01
6.718599796295166016e-01
6.742399930953979492e-01
6.720399856567382812e-01
6.712599992752075195e-01
6.726199984550476074e-01
6.739599704742431641e-01
6.751400232315063477e-01
6.745600104331970215e-01
6.755999922752380371e-01
6.735200285911560059e-01
6.748800277709960938e-01
6.768400073051452637e-01
6.767799854278564453e-01
6.775199770927429199e-01
6.762599945068359375e-01
6.756799817085266113e-01
6.746399998664855957e-01
6.783400177955627441e-01
6.750400066375732422e-01
6.765199899673461914e-01
6.754199862480163574e-01
6.759999990463256836e-01
6.797800064086914062e-01
6.804599761962890625e-01
6.779999732971191406e-01
6.784399747848510742e-01
6.759200096130371094e-01
6.793199777603149414e-01
6.780599951744079590e-01
6.817399859428405762e-01
6.782400012016296387e-01
6.816800236701965332e-01
6.804599761962890625e-01
6.775599718093872070e-01
6.800000071525573730e-01
6.812400221824645996e-01
6.804800033569335938e-01
6.803399920463562012e-01
6.822400093078613281e-01
6.834999918937683105e-01
6.796799898147583008e-01
6.788200139999389648e-01
6.798200011253356934e-01
6.819400191307067871e-01
6.810200214385986328e-01
6.801199913024902344e-01
6.832200288772583008e-01
6.838799715042114258e-01
6.841800212860107422e-01
6.825000047683715820e-01
6.840400099754333496e-01
6.825600266456604004e-01
6.835200190544128418e-01
6.806600093841552734e-01
6.809200048446655273e-01
6.827200055122375488e-01
6.833400130271911621e-01
6.850600242614746094e-01
6.854199767112731934e-01
6.838200092315673828e-01
6.865400075912475586e-01
6.855599880218505859e-01
6.847199797630310059e-01
6.860600113868713379e-01
6.848800182342529297e-01
6.855000257492065430e-01
6.891199946403503418e-01
6.876999735832214355e-01
6.859200000762939453e-01
6.876400113105773926e-01
6.881800293922424316e-01
6.876199841499328613e-01
6.868600249290466309e-01
6.869199872016906738e-01
6.848999857902526855e-01
6.894000172615051270e-01
6.888599991798400879e-01
6.869000196456909180e-01
6.865199804306030273e-01
6.907399892807006836e-01
6.892600059509277344e-01
6.896200180053710938e-01
6.923800110816955566e-01
6.893399953842163086e-01
6.869400143623352051e-01
6.862400174140930176e-01
6.874799728393554688e-01
6.914600133895874023e-01
6.883199810981750488e-01
6.935200095176696777e-01
6.899200081825256348e-01
6.901199817657470703e-01
6.906399726867675781e-01
6.884199976921081543e-01
6.924200057983398438e-01
6.920199990272521973e-01
6.911399960517883301e-01
6.905999779701232910e-01
6.919400095939636230e-01
6.924399733543395996e-01
6.889600157737731934e-01
6.938599944114685059e-01
6.916199922561645508e-01
6.925399899482727051e-01
6.948599815368652344e-01
6.918399930000305176e-01
6.941000223159790039e-01
6.955000162124633789e-01
6.941599845886230469e-01
6.943399906158447266e-01
6.929600238800048828e-01
6.916999816894531250e-01
6.948999762535095215e-01
6.905000209808349609e-01
6.923800110816955566e-01
6.942800283432006836e-01
6.950200200080871582e-01
6.934199929237365723e-01
6.935600042343139648e-01
6.934199929237365723e-01
6.954200267791748047e-01
6.918200254440307617e-01
6.940199732780456543e-01
6.942399740219116211e-01
6.958600282669067383e-01
6.950200200080871582e-01
6.938199996948242188e-01
6.956400275230407715e-01
6.972799897193908691e-01
6.972000002861022949e-01
6.986200213432312012e-01
6.954600214958190918e-01
6.980400085449218750e-01
6.963400244712829590e-01
6.929799914360046387e-01
6.973400115966796875e-01
6.969599723815917969e-01
6.948000192642211914e-01
6.991199851036071777e-01
6.975399851799011230e-01
6.960800290107727051e-01
6.985200047492980957e-01
6.983399987220764160e-01
6.998599767684936523e-01
6.990000009536743164e-01
6.993799805641174316e-01
6.990000009536743164e-01
6.985399723052978516e-01
6.995000243186950684e-01
6.987000107765197754e-01
6.997600197792053223e-01
7.005599737167358398e-01
6.968399882316589355e-01
7.004799842834472656e-01
7.005800008773803711e-01
7.012599706649780273e-01
7.019199728965759277e-01
6.990399956703186035e-01
7.011799812316894531e-01
6.990799903869628906e-01
7.014799714088439941e-01
7.019799947738647461e-01
7.012799978256225586e-01
6.995599865913391113e-01
7.008200287818908691e-01
6.991199851036071777e-01
6.991400122642517090e-01
7.008600234985351562e-01
7.056400179862976074e-01
7.039399743080139160e-01
7.015799880027770996e-01
7.017599940299987793e-01
7.032799720764160156e-01
7.005800008773803711e-01
7.012000083923339844e-01
7.037600278854370117e-01
6.994400024414062500e-01
7.025399804115295410e-01
7.024000287055969238e-01
7.006000280380249023e-01
7.045400142669677734e-01
7.045599818229675293e-01
7.010200023651123047e-01
7.041800022125244141e-01
7.012400031089782715e-01
7.037400007247924805e-01
7.027599811553955078e-01
7.044000029563903809e-01
7.036399841308593750e-01
7.028200030326843262e-01
7.071599960327148438e-01
7.032799720764160156e-01
7.045400142669677734e-01
7.028599977493286133e-01
7.039800286293029785e-01
7.046200037002563477e-01
7.058799862861633301e-01
7.055000066757202148e-01
7.071400284767150879e-01
7.073400020599365234e-01
7.063199877738952637e-01
7.059400081634521484e-01
7.038999795913696289e-01
7.056199908256530762e-01
7.050399780273437500e-01
7.025600075721740723e-01
7.082399725914001465e-01
7.077599763870239258e-01
7.083600163459777832e-01
7.082999944686889648e-01
7.085800170898437500e-01
7.093399763107299805e-01
7.067800164222717285e-01
7.063599824905395508e-01
7.079399824142456055e-01
7.081599831581115723e-01
7.084199786186218262e-01
7.068399786949157715e-01
7.068200111389160156e-01
7.096999883651733398e-01
7.086600065231323242e-01
7.065399885177612305e-01
7.077599763870239258e-01
7.065399885177612305e-01
7.057200074195861816e-01
7.067000269889831543e-01
7.092999815940856934e-01
7.102800011634826660e-01
7.101600170135498047e-01
7.106400132179260254e-01
7.106800079345703125e-01
7.099400162696838379e-01
7.124199867248535156e-01
7.123000025749206543e-01
7.090799808502197266e-01
7.102599740028381348e-01
7.096800208091735840e-01
7.107399702072143555e-01
7.094799876213073730e-01
7.102800011634826660e-01
7.109000086784362793e-01
