2.336400002241134644e-01
3.378399908542633057e-01
3.851200044155120850e-01
4.151200056076049805e-01
4.349600076675415039e-01
4.492000043392181396e-01
4.595200121402740479e-01
4.719600081443786621e-01
4.775199890136718750e-01
4.847399890422821045e-01
4.901399910449981689e-01
4.976800084114074707e-01
5.002400279045104980e-01
5.057799816131591797e-01
5.085600018501281738e-01
5.117400288581848145e-01
5.183799862861633301e-01
5.238000154495239258e-01
5.253800153732299805e-01
5.281000137329101562e-01
5.325199961662292480e-01
5.314999818801879883e-01
5.362399816513061523e-01
5.400000214576721191e-01
5.413200259208679199e-01
5.462399721145629883e-01
5.474799871444702148e-01
5.514000058174133301e-01
5.527600049972534180e-01
5.547400116920471191e-01
5.547000169754028320e-01
5.602200031280517578e-01
5.612400174140930176e-01
5.630199909210205078e-01
5.625600218772888184e-01
5.669999718666076660e-01
5.682200193405151367e-01
5.720599889755249023e-01
5.729399919509887695e-01
5.738199949264526367e-01
5.769000053405761719e-01
5.760200023651123047e-01
5.811399817466735840e-01
5.805600285530090332e-01
5.793200135231018066e-01
5.849199891090393066e-01
5.842800140380859375e-01
5.876600146293640137e-01
5.874000191688537598e-01
5.896599888801574707e-01
5.932400226593017578e-01
5.934399962425231934e-01
5.931599736213684082e-01
5.968999862670898438e-01
5.948399901390075684e-01
5.978400111198425293e-01
6.000199913978576660e-01
6.018599867820739746e-01
6.008200049400329590e-01
6.050999760627746582e-01
6.047800183296203613e-01
6.031200289726257324e-01
6.058400273323059082e-01
6.069800257682800293e-01
6.082400083541870117e-01
6.076800227165222168e-01
6.096799969673156738e-01
6.112200021743774414e-01
6.107400059700012207e-01
6.104599833488464355e-01
6.148800253868103027e-01
6.146000027656555176e-01
6.161999702453613281e-01
6.164600253105163574e-01
6.147999763488769531e-01
6.183199882507324219e-01
6.179000139236450195e-01
6.206600069999694824e-01
6.209200024604797363e-01
6.197999715805053711e-01
6.209599971771240234e-01
6.252999901771545410e-01
6.245800256729125977e-01
6.245399713516235352e-01
6.274600028991699219e-01
6.282200217247009277e-01
6.288999915122985840e-01
6.298599839210510254e-01
6.291199922561645508e-01
6.318600177764892578e-01
6.301199793815612793e-01
6.310799717903137207e-01
6.334199905395507812e-01
6.346600055694580078e-01
6.347600221633911133e-01
6.350399851799011230e-01
6.376399993896484375e-01
6.346399784088134766e-01
6.364200115203857422e-01
6.363199949264526367e-01
6.383000016212463379e-01
6.368200182914733887e-01
6.431599855422973633e-01
6.385200023651123047e-01
6.401000022888183594e-01
6.445400118827819824e-01
6.424800157546997070e-01
6.412199735641479492e-01
6.462399959564208984e-01
6.444200277328491211e-01
6.428200006484985352e-01
6.461399793624877930e-01
6.475800275802612305e-01
6.457200050354003906e-01
6.485599875450134277e-01
6.501200199127197266e-01
6.459400057792663574e-01
6.500999927520751953e-01
6.480000019073486328e-01
6.526799798011779785e-01
6.512799859046936035e-01
6.505799889564514160e-01
6.543800234794616699e-01
6.543200016021728516e-01
6.569399833679199219e-01
6.528800129890441895e-01
6.569600105285644531e-01
6.566399931907653809e-01
6.560400128364562988e-01
6.586999893188476562e-01
6.570399999618530273e-01
6.557599902153015137e-01
6.562600135803222656e-01
6.577000021934509277e-01
6.602399945259094238e-01
6.597399711608886719e-01
6.579399704933166504e-01
6.622999906539916992e-01
6.622999906539916992e-01
6.621599793434143066e-01
6.628599762916564941e-01
6.617599725723266602e-01
6.667000055313110352e-01
6.638200283050537109e-01
6.646400094032287598e-01
6.658599972724914551e-01
6.672000288963317871e-01
6.680600047111511230e-01
6.656200289726257324e-01
6.697999835014343262e-01
6.675999760627746582e-01
6.681600213050842285e-01
6.675400137901306152e-01
6.698200106620788574e-01
6.697000265121459961e-01
6.699399948120117188e-01
6.721799969673156738e-01
6.739799976348876953e-01
6.729599833488464355e-01
6.727200150489807129e-01
6.722999811172485352e-01
6.715400218963623047e-01
6.702600121498107910e-01
6.754400134086608887e-01
6.779000163078308105e-01
6.728399991989135742e-01
6.758000254631042480e-01
6.720600128173828125e-01
6.747199892997741699e-01
6.774799823760986328e-01
6.770799756050109863e-01
6.784600019454956055e-01
6.773999929428100586e-01
6.817600131034851074e-01
6.778600215911865234e-01
6.783199906349182129e-01
6.812800168991088867e-01
6.784600019454956055e-01
6.786800026893615723e-01
6.830800175666809082e-01
6.821799874305725098e-01
6.813399791717529297e-01
6.822199821472167969e-01
6.807799935340881348e-01
6.797000169754028320e-01
6.848999857902526855e-01
6.814799904823303223e-01
6.834400296211242676e-01
6.809399724006652832e-01
6.854199767112731934e-01
6.861199736595153809e-01
6.814200282096862793e-01
6.856999993324279785e-01
6.882399916648864746e-01
6.878600120544433594e-01
6.868399977684020996e-01
6.851800084114074707e-01
6.863600015640258789e-01
6.865000128746032715e-01
6.891400218009948730e-01
6.879400014877319336e-01
6.895400285720825195e-01
6.903600096702575684e-01
6.879600286483764648e-01
6.890599727630615234e-01
6.887599825859069824e-01
6.920800209045410156e-01
6.927599906921386719e-01
6.908599734306335449e-01
6.936600208282470703e-01
6.931200027465820312e-01
6.930599808692932129e-01
6.919599771499633789e-01
6.905199885368347168e-01
6.958600282669067383e-01
6.905199885368347168e-01
6.931200027465820312e-01
6.923999786376953125e-01
6.952199935913085938e-01
6.941800117492675781e-01
6.945199966430664062e-01
6.996200084686279297e-01
6.956200003623962402e-01
6.944199800491333008e-01
6.921200156211853027e-01
6.964799761772155762e-01
6.965600252151489258e-01
6.978800296783447266e-01
7.003200054168701172e-01
6.973199844360351562e-01
6.990799903869628906e-01
6.988800168037414551e-01
6.976799964904785156e-01
6.987400054931640625e-01
7.002599835395812988e-01
7.001000046730041504e-01
7.007600069046020508e-01
6.998199820518493652e-01
7.002000212669372559e-01
7.017999887466430664e-01
7.018600106239318848e-01
7.006400227546691895e-01
7.014799714088439941e-01
7.036399841308593750e-01
7.025200128555297852e-01
7.024199962615966797e-01
7.031199932098388672e-01
7.019400000572204590e-01
7.031599879264831543e-01
7.067000269889831543e-01
7.016599774360656738e-01
7.066799998283386230e-01
7.029600143432617188e-01
7.030599713325500488e-01
7.066799998283386230e-01
7.044199705123901367e-01
7.065600156784057617e-01
7.067000269889831543e-01
7.084199786186218262e-01
7.065200209617614746e-01
7.099599838256835938e-01
7.069399952888488770e-01
7.089400291442871094e-01
7.081599831581115723e-01
7.105000019073486328e-01
7.077199816703796387e-01
7.066400051116943359e-01
7.105399966239929199e-01
7.078999876976013184e-01
7.121800184249877930e-01
7.097200155258178711e-01
7.128400206565856934e-01
7.106599807739257812e-01
7.134600281715393066e-01
7.110400199890136719e-01
7.113400101661682129e-01
7.123600244522094727e-01
7.113599777221679688e-01
7.113000154495239258e-01
7.135400176048278809e-01
7.130200266838073730e-01
7.131599783897399902e-01
7.124000191688537598e-01
7.163199782371520996e-01
7.164000272750854492e-01
7.136999964714050293e-01
7.128000259399414062e-01
7.139199972152709961e-01
7.138599753379821777e-01
7.167800068855285645e-01
7.157599925994873047e-01
7.174599766731262207e-01
7.141799926757812500e-01
7.166200280189514160e-01
7.150999903678894043e-01
7.155200242996215820e-01
7.158600091934204102e-01
7.181599736213684082e-01
7.151799798011779785e-01
7.181800007820129395e-01
7.149800062179565430e-01
7.170199751853942871e-01
7.195199728012084961e-01
7.174000144004821777e-01
7.160199880599975586e-01
7.195199728012084961e-01
7.195000052452087402e-01
7.194600105285644531e-01
7.191200256347656250e-01
7.200800180435180664e-01
7.192199826240539551e-01
7.189599871635437012e-01
7.214999794960021973e-01
7.233200073242187500e-01
7.207999825477600098e-01
7.175999879837036133e-01
7.225599884986877441e-01
7.230399847030639648e-01
7.221999764442443848e-01
7.232199907302856445e-01
7.213400006294250488e-01
7.227799892425537109e-01
7.239000201225280762e-01
7.210999727249145508e-01
7.210000157356262207e-01
7.250599861145019531e-01
7.230600118637084961e-01
7.228400111198425293e-01
7.252200245857238770e-01
7.251999974250793457e-01
7.250599861145019531e-01
7.250800132751464844e-01
7.253800034523010254e-01
7.247999906539916992e-01
7.247200012207031250e-01
7.267000079154968262e-01
7.261800169944763184e-01
7.264199852943420410e-01
7.241600155830383301e-01
7.268599867820739746e-01
7.258599996566772461e-01
7.280799746513366699e-01
7.256600260734558105e-01
7.270399928092956543e-01
7.261000275611877441e-01
7.297199964523315430e-01
7.307000160217285156e-01
7.293400168418884277e-01
7.273399829864501953e-01
7.284200191497802734e-01
7.301800251007080078e-01
7.304599881172180176e-01
7.306200265884399414e-01
7.293400168418884277e-01
7.293199896812438965e-01
7.311400175094604492e-01
7.301399707794189453e-01
7.335199713706970215e-01
7.284200191497802734e-01
7.282999753952026367e-01
7.305799722671508789e-01
7.308200001716613770e-01
7.306399941444396973e-01
7.324600219726562500e-01
7.303799986839294434e-01
7.308800220489501953e-01
7.328400015830993652e-01
7.336000204086303711e-01
7.308999896049499512e-01
7.340999841690063477e-01
7.318800091743469238e-01
7.317199707031250000e-01
7.296199798583984375e-01
7.359399795532226562e-01
7.309200167655944824e-01
7.342799901962280273e-01
7.305999994277954102e-01
7.323200106620788574e-01
7.352799773216247559e-01
7.384600043296813965e-01
7.363799810409545898e-01
7.333599925041198730e-01
7.316399812698364258e-01
7.336000204086303711e-01
7.322999835014343262e-01
7.358000278472900391e-01
7.326200008392333984e-01
7.368199825286865234e-01
7.351800203323364258e-01
7.336599826812744141e-01
7.387599945068359375e-01
7.371199727058410645e-01
7.368400096893310547e-01
7.356799840927124023e-01
7.359200119972229004e-01
7.359399795532226562e-01
7.365800142288208008e-01
7.352600097656250000e-01
7.367600202560424805e-01
7.381600141525268555e-01
7.372000217437744141e-01
7.373399734497070312e-01
7.370399832725524902e-01
7.389400005340576172e-01
7.394000291824340820e-01
7.389799952507019043e-01
7.366999983787536621e-01
7.382000088691711426e-01
7.395200133323669434e-01
7.371000051498413086e-01
7.355200052261352539e-01
7.396399974822998047e-01
7.411000132560729980e-01
7.390000224113464355e-01
7.427600026130676270e-01
7.397199869155883789e-01
7.400799989700317383e-01
7.395399808883666992e-01
7.405999898910522461e-01
7.451400160789489746e-01
7.418000102043151855e-01
7.411800026893615723e-01
7.434599995613098145e-01
7.414399981498718262e-01
7.417799830436706543e-01
7.424399852752685547e-01
7.422000169754028320e-01
7.444000244140625000e-01
7.408599853515625000e-01
7.409800291061401367e-01
7.432600259780883789e-01
7.418799996376037598e-01
7.419400215148925781e-01
7.402799725532531738e-01
7.444400191307067871e-01
7.450000047683715820e-01
7.414399981498718262e-01
7.428799867630004883e-01
7.448999881744384766e-01
7.477999925613403320e-01
7.464600205421447754e-01
7.451400160789489746e-01
7.450799942016601562e-01
7.469000220298767090e-01
7.463799715042114258e-01
7.465400099754333496e-01
7.460200190544128418e-01
7.445600032806396484e-01
7.444599866867065430e-01
7.462000250816345215e-01
7.439200282096862793e-01
7.451800107955932617e-01
7.474799752235412598e-01
7.440199851989746094e-01
7.490000128746032715e-01
7.446399927139282227e-01
7.438399791717529297e-01
7.468000054359436035e-01
7.494800090789794922e-01
7.488200068473815918e-01
7.457000017166137695e-01
7.441999912261962891e-01
7.489200234413146973e-01
7.464600205421447754e-01
7.436599731445312500e-01
7.464200258255004883e-01
7.477399706840515137e-01
7.476000189781188965e-01
7.497000098228454590e-01
7.527999877929687500e-01
7.487199902534484863e-01
7.491999864578247070e-01
7.484599947929382324e-01
7.497400045394897461e-01
7.483000159263610840e-01
7.528799772262573242e-01
7.495200037956237793e-01
7.479199767112731934e-01
7.487400174140930176e-01
7.474799752235412598e-01
7.521399855613708496e-01
7.509999871253967285e-01
7.509400248527526855e-01
7.533800005912780762e-01
7.525799870491027832e-01
7.522600293159484863e-01
7.533800005912780762e-01
7.547600269317626953e-01
7.516199946403503418e-01
7.519000172615051270e-01
7.513399720191955566e-01
7.515199780464172363e-01
7.532200217247009277e-01
7.519999742507934570e-01
7.516599893569946289e-01
7.563400268554687500e-01
7.523000240325927734e-01
7.543200254440307617e-01
7.522199749946594238e-01
7.525399923324584961e-01
