1.036200001835823059e-01
1.052799969911575317e-01
1.156599968671798706e-01
1.134200021624565125e-01
1.260599941015243530e-01
1.535000056028366089e-01
1.794800013303756714e-01
2.099999934434890747e-01
2.329600006341934204e-01
2.582600116729736328e-01
2.774200141429901123e-01
2.957600057125091553e-01
3.113799989223480225e-01
3.276999890804290771e-01
3.346799910068511963e-01
3.455199897289276123e-01
3.571600019931793213e-01
3.657599985599517822e-01
3.736200034618377686e-01
3.799400031566619873e-01
3.915599882602691650e-01
3.951799869537353516e-01
3.993600010871887207e-01
4.061799943447113037e-01
4.105400145053863525e-01
4.155400097370147705e-01
4.202199876308441162e-01
4.226199984550476074e-01
4.248799979686737061e-01
4.254400134086608887e-01
4.316799938678741455e-01
4.373399913311004639e-01
4.405800104141235352e-01
4.404000043869018555e-01
4.452599883079528809e-01
4.440799951553344727e-01
4.504800140857696533e-01
4.508599936962127686e-01
4.564000070095062256e-01
4.566000103950500488e-01
4.576599895954132080e-01
4.577600061893463135e-01
4.620800018310546875e-01
4.647200107574462891e-01
4.657199978828430176e-01
4.690999984741210938e-01
4.697200059890747070e-01
4.694199860095977783e-01
4.698399901390075684e-01
4.706600010395050049e-01
4.717600047588348389e-01
4.751000106334686279e-01
4.745000004768371582e-01
4.774599969387054443e-01
4.792200028896331787e-01
4.799000024795532227e-01
4.797399938106536865e-01
4.847599864006042480e-01
4.839200079441070557e-01
4.846400022506713867e-01
4.898999929428100586e-01
4.862200021743774414e-01
4.903199970722198486e-01
4.895800054073333740e-01
4.906800091266632080e-01
4.959399998188018799e-01
4.939399957656860352e-01
4.930999875068664551e-01
4.957799911499023438e-01
4.948399960994720459e-01
4.975199997425079346e-01
4.996199905872344971e-01
4.992600083351135254e-01
5.004000067710876465e-01
4.996199905872344971e-01
5.018600225448608398e-01
5.020800232887268066e-01
5.055199861526489258e-01
5.038999915122985840e-01
5.051400065422058105e-01
5.053399801254272461e-01
5.087199807167053223e-01
5.065199732780456543e-01
5.065400004386901855e-01
5.055599808692932129e-01
5.071200132369995117e-01
5.121999979019165039e-01
5.090399980545043945e-01
5.136600136756896973e-01
5.125600099563598633e-01
5.134400129318237305e-01
5.150200128555297852e-01
5.143799781799316406e-01
5.133600234985351562e-01
5.177400112152099609e-01
5.140200257301330566e-01
5.147200226783752441e-01
5.192400217056274414e-01
5.175600051879882812e-01
5.202800035476684570e-01
5.187600255012512207e-01
5.206400156021118164e-01
5.175200104713439941e-01
5.207800269126892090e-01
5.216000080108642578e-01
5.219399929046630859e-01
5.244799852371215820e-01
5.249599814414978027e-01
5.267599821090698242e-01
5.260199904441833496e-01
5.282599925994873047e-01
5.259600281715393066e-01
5.235199928283691406e-01
5.285999774932861328e-01
5.261800289154052734e-01
5.264800190925598145e-01
5.260400176048278809e-01
5.286399722099304199e-01
5.331799983978271484e-01
5.250800251960754395e-01
5.292800068855285645e-01
5.322399735450744629e-01
5.313599705696105957e-01
5.316799879074096680e-01
5.315799713134765625e-01
5.306199789047241211e-01
5.327799916267395020e-01
5.331799983978271484e-01
5.345399975776672363e-01
5.337399840354919434e-01
5.363600254058837891e-01
5.356199741363525391e-01
5.363799929618835449e-01
5.386199951171875000e-01
5.388600230216979980e-01
5.379800200462341309e-01
5.392199754714965820e-01
5.378400087356567383e-01
5.385199785232543945e-01
5.393800139427185059e-01
5.380200147628784180e-01
5.406000018119812012e-01
5.391799807548522949e-01
5.403599739074707031e-01
5.402600169181823730e-01
5.392400026321411133e-01
5.385400056838989258e-01
5.415599942207336426e-01
5.440999865531921387e-01
5.422400236129760742e-01
5.435199737548828125e-01
5.425800085067749023e-01
5.450000166893005371e-01
5.434799790382385254e-01
5.424799919128417969e-01
5.457999706268310547e-01
5.468800067901611328e-01
5.450599789619445801e-01
5.484200119972229004e-01
5.471199750900268555e-01
5.477200150489807129e-01
5.490599870681762695e-01
5.479800105094909668e-01
5.496000051498413086e-01
5.508999824523925781e-01
5.482199788093566895e-01
5.494400262832641602e-01
5.493999719619750977e-01
5.521199703216552734e-01
5.469400286674499512e-01
5.523599982261657715e-01
5.514600276947021484e-01
5.486599802970886230e-01
5.509200096130371094e-01
5.535200238227844238e-01
5.532799959182739258e-01
5.508199930191040039e-01
5.526199936866760254e-01
5.516399741172790527e-01
5.566400289535522461e-01
5.536999702453613281e-01
5.536800026893615723e-01
5.542399883270263672e-01
5.526800155639648438e-01
5.524799823760986328e-01
5.556399822235107422e-01
5.582799911499023438e-01
5.557399988174438477e-01
5.569000244140625000e-01
5.559200048446655273e-01
5.555599927902221680e-01
5.576599836349487305e-01
5.601999759674072266e-01
5.584200024604797363e-01
5.576199889183044434e-01
5.592799782752990723e-01
5.595600008964538574e-01
5.558199882507324219e-01
5.597199797630310059e-01
5.599600076675415039e-01
5.605400204658508301e-01
5.581600069999694824e-01
5.609400272369384766e-01
5.621200203895568848e-01
5.616400241851806641e-01
5.626800060272216797e-01
5.625399947166442871e-01
5.635399818420410156e-01
5.608000159263610840e-01
5.611400008201599121e-01
5.638999938964843750e-01
5.626000165939331055e-01
5.621799826622009277e-01
5.649399757385253906e-01
5.637599825859069824e-01
5.653399825096130371e-01
5.648599863052368164e-01
5.675600171089172363e-01
5.658199787139892578e-01
5.649200081825256348e-01
5.640400052070617676e-01
5.656599998474121094e-01
5.654399991035461426e-01
5.679799914360046387e-01
5.652999877929687500e-01
5.673599839210510254e-01
5.687999725341796875e-01
5.661399960517883301e-01
5.694400072097778320e-01
5.690600275993347168e-01
5.667600035667419434e-01
5.672600269317626953e-01
5.654799938201904297e-01
5.634800195693969727e-01
5.696200132369995117e-01
5.708600282669067383e-01
5.677199959754943848e-01
5.695400238037109375e-01
5.681399703025817871e-01
5.723400115966796875e-01
5.683599710464477539e-01
5.685600042343139648e-01
5.702199935913085938e-01
5.710399746894836426e-01
5.697600245475769043e-01
5.721799731254577637e-01
5.696600079536437988e-01
5.706400275230407715e-01
5.731199979782104492e-01
5.721799731254577637e-01
5.724800229072570801e-01
5.701000094413757324e-01
5.725600123405456543e-01
5.725200176239013672e-01
5.752199888229370117e-01
5.728999972343444824e-01
5.741000175476074219e-01
5.742999911308288574e-01
5.744400024414062500e-01
5.713599920272827148e-01
5.736399888992309570e-01
5.755000114440917969e-01
5.762799978256225586e-01
5.757799744606018066e-01
5.752800107002258301e-01
5.775200128555297852e-01
5.753800272941589355e-01
5.757600069046020508e-01
5.774000287055969238e-01
5.735599994659423828e-01
5.747399926185607910e-01
5.741599798202514648e-01
5.742999911308288574e-01
5.751600265502929688e-01
5.786399841308593750e-01
5.778999924659729004e-01
5.766999721527099609e-01
5.765399932861328125e-01
5.767999887466430664e-01
5.773800015449523926e-01
5.782799720764160156e-01
5.784999728202819824e-01
5.805000066757202148e-01
5.792400240898132324e-01
5.785199999809265137e-01
5.779200196266174316e-01
5.792999863624572754e-01
5.770199894905090332e-01
5.810400247573852539e-01
5.800600051879882812e-01
5.798599720001220703e-01
5.811399817466735840e-01
5.804200172424316406e-01
5.807600021362304688e-01
5.819399952888488770e-01
5.832999944686889648e-01
5.800200104713439941e-01
5.828800201416015625e-01
5.814800262451171875e-01
5.854200124740600586e-01
5.805199742317199707e-01
5.838400125503540039e-01
5.825600028038024902e-01
5.826399922370910645e-01
5.838400125503540039e-01
5.844600200653076172e-01
5.828599929809570312e-01
5.837200284004211426e-01
5.820199847221374512e-01
5.835400223731994629e-01
5.842199921607971191e-01
5.839999914169311523e-01
5.845000147819519043e-01
5.842400193214416504e-01
5.856199860572814941e-01
5.847399830818176270e-01
5.850999951362609863e-01
5.845000147819519043e-01
5.871000289916992188e-01
5.834400057792663574e-01
5.863400101661682129e-01
5.849999785423278809e-01
5.868600010871887207e-01
5.870000123977661133e-01
5.850800275802612305e-01
5.847200155258178711e-01
5.873000025749206543e-01
5.880200266838073730e-01
5.880799889564514160e-01
5.874400138854980469e-01
5.867199897766113281e-01
5.878800153732299805e-01
5.859599709510803223e-01
5.895599722862243652e-01
5.885800123214721680e-01
5.854799747467041016e-01
5.850399732589721680e-01
5.868200063705444336e-01
5.885999798774719238e-01
5.888599753379821777e-01
5.900200009346008301e-01
5.875200033187866211e-01
5.888400077819824219e-01
5.902000069618225098e-01
5.903800129890441895e-01
5.897600054740905762e-01
5.893999934196472168e-01
5.863800048828125000e-01
5.909600257873535156e-01
5.895199775695800781e-01
5.916399955749511719e-01
5.886600017547607422e-01
5.915600061416625977e-01
5.925599932670593262e-01
5.910999774932861328e-01
5.914999842643737793e-01
5.924400091171264648e-01
5.897399783134460449e-01
5.897399783134460449e-01
5.933200120925903320e-01
5.916399955749511719e-01
5.920199751853942871e-01
5.900999903678894043e-01
5.925400257110595703e-01
5.935599803924560547e-01
5.906999707221984863e-01
5.931000113487243652e-01
5.917400121688842773e-01
5.923600196838378906e-01
5.910999774932861328e-01
5.942000150680541992e-01
5.932400226593017578e-01
5.947800278663635254e-01
5.931000113487243652e-01
5.911399722099304199e-01
5.925599932670593262e-01
5.949800014495849609e-01
5.908600091934204102e-01
5.930799841880798340e-01
5.950800180435180664e-01
5.950999855995178223e-01
5.959799885749816895e-01
5.941799879074096680e-01
5.968400239944458008e-01
5.955399870872497559e-01
5.967000126838684082e-01
5.945399999618530273e-01
5.965399742126464844e-01
5.950800180435180664e-01
5.964999794960021973e-01
5.963799953460693359e-01
5.977600216865539551e-01
5.968599915504455566e-01
5.953800082206726074e-01
5.954399704933166504e-01
5.975800156593322754e-01
5.956199765205383301e-01
5.971999764442443848e-01
5.941200256347656250e-01
5.962600111961364746e-01
6.000000238418579102e-01
5.974799990653991699e-01
5.967599749565124512e-01
5.942199826240539551e-01
5.978999733924865723e-01
5.981600284576416016e-01
5.972800254821777344e-01
5.978599786758422852e-01
5.991799831390380859e-01
5.951399803161621094e-01
5.977799892425537109e-01
5.990800261497497559e-01
5.953000187873840332e-01
6.005600094795227051e-01
5.968599915504455566e-01
5.981400012969970703e-01
5.981400012969970703e-01
6.010800004005432129e-01
6.006399989128112793e-01
6.000400185585021973e-01
6.007800102233886719e-01
5.992799997329711914e-01
6.004999876022338867e-01
5.974400043487548828e-01
6.009600162506103516e-01
6.022199988365173340e-01
6.007599830627441406e-01
6.002200245857238770e-01
6.006000041961669922e-01
6.001799702644348145e-01
6.017600297927856445e-01
6.021000146865844727e-01
5.992799997329711914e-01
6.024199724197387695e-01
6.004800200462341309e-01
6.015800237655639648e-01
6.008800268173217773e-01
5.992799997329711914e-01
6.027399897575378418e-01
6.027200222015380859e-01
6.008200049400329590e-01
6.027600169181823730e-01
6.022599935531616211e-01
5.971599817276000977e-01
5.971000194549560547e-01
6.036800146102905273e-01
6.033599972724914551e-01
6.021999716758728027e-01
6.044800281524658203e-01
6.013200283050537109e-01
5.995200276374816895e-01
6.011999845504760742e-01
6.032599806785583496e-01
6.052399873733520508e-01
6.033800244331359863e-01
6.027200222015380859e-01
6.018400192260742188e-01
6.029599905014038086e-01
6.050999760627746582e-01
6.056799888610839844e-01
6.039800047874450684e-01
6.037399768829345703e-01
6.061000227928161621e-01
6.065000295639038086e-01
6.032599806785583496e-01
6.034600138664245605e-01
6.041799783706665039e-01
6.052799820899963379e-01
6.061199903488159180e-01
6.026200056076049805e-01
6.050800085067749023e-01
6.034600138664245605e-01
6.056600213050842285e-01
6.036599874496459961e-01
6.051999926567077637e-01
6.076999902725219727e-01
6.046800017356872559e-01
6.078400015830993652e-01
6.060400009155273438e-01
6.089400053024291992e-01
6.072199940681457520e-01
6.070799827575683594e-01
6.059200167655944824e-01
6.070600152015686035e-01
6.054800152778625488e-01
6.035799980163574219e-01
6.073200106620788574e-01
6.084200143814086914e-01
6.092600226402282715e-01
6.025999784469604492e-01
6.050800085067749023e-01
6.071400046348571777e-01
6.079800128936767578e-01
6.090000271797180176e-01
6.093000173568725586e-01
6.032599806785583496e-01
6.100000143051147461e-01
6.065800189971923828e-01
6.105999946594238281e-01
6.079800128936767578e-01
