2.301380453109741264e+00
2.295675089359283660e+00
2.253429536819457901e+00
2.101634602308273259e+00
2.014227272748946973e+00
1.946097311735153212e+00
1.902484224319457962e+00
1.860074476242065344e+00
1.813492170095443834e+00
1.769968776226043650e+00
1.728422779560089051e+00
1.697054592132568374e+00
1.665897031307220555e+00
1.636387036323547317e+00
1.616794077873229929e+00
1.597476396322250469e+00
1.583884389638900769e+00
1.557352357387542741e+00
1.546667348146438581e+00
1.537681294918060271e+00
1.517232018470764165e+00
1.509128088474273710e+00
1.498081699609756567e+00
1.484001863002777144e+00
1.478501026630401505e+00
1.465958509683608968e+00
1.459815074682235814e+00
1.452630556821823182e+00
1.440789114713668884e+00
1.438895577430725048e+00
1.429205485582351720e+00
1.420464942932128993e+00
1.414707942008972097e+00
1.412413111448288072e+00
1.401348723411560027e+00
1.398253521680831835e+00
1.393248761415481596e+00
1.385462122440338062e+00
1.381662298202514627e+00
1.378722885370254447e+00
1.370081516265869048e+00
1.368976187467574990e+00
1.363261762857437054e+00
1.362542923450470012e+00
1.354552734374999901e+00
1.351634819030761658e+00
1.348472203969955485e+00
1.341262299060821617e+00
1.340481554985046397e+00
1.333681711673736503e+00
1.330794199943542422e+00
1.329236667156219465e+00
1.327718976497650250e+00
1.318655821323394761e+00
1.321493584394454857e+00
1.315757186889648489e+00
1.312939271688461362e+00
1.310052913308143552e+00
1.304690487861633219e+00
1.302899075627326875e+00
1.298448048472404581e+00
1.298513661384582463e+00
1.296136700868606662e+00
1.287938877940177917e+00
1.288489703178405721e+00
1.285457974672317594e+00
1.284394997835159202e+00
1.285395404458046009e+00
1.280113520979881292e+00
1.273935803890228202e+00
1.274582204341888403e+00
1.269034655213356011e+00
1.269312292695045530e+00
1.269781010150909495e+00
1.261881964206695628e+00
1.264441036939621066e+00
1.256301000118255518e+00
1.258542163848876960e+00
1.260142877936363259e+00
1.253797232508659265e+00
1.251006959199905344e+00
1.250909030795097410e+00
1.246742218136787317e+00
1.243723672032356342e+00
1.243706986308097839e+00
1.242389251470565892e+00
1.242454286575317424e+00
1.235582061409950194e+00
1.232902719855308638e+00
1.234800242900848444e+00
1.233413740396499536e+00
1.224810365438461224e+00
1.229608086466789318e+00
1.225209207296371394e+00
1.217145895481109630e+00
1.222207690358162013e+00
1.223052236199378973e+00
1.220774545073509243e+00
1.217353119611740198e+00
1.212602220892906146e+00
1.214587954998016306e+00
1.208435847043991096e+00
1.209158653497695912e+00
1.205960631966590979e+00
1.207370679974556049e+00
1.203443769812583941e+00
1.203986863851547184e+00
1.200402014613151547e+00
1.201682281374931272e+00
1.194246023654937705e+00
1.200518679499626096e+00
1.195089864969253624e+00
1.194580916643142698e+00
1.191028119206428482e+00
1.190873568654060355e+00
1.189202451705932528e+00
1.193194563508033657e+00
1.188855715274810709e+00
1.185010681271553068e+00
1.184019373416900667e+00
1.188203169465064990e+00
1.182747038006782603e+00
1.179315866112708999e+00
1.181933370709419284e+00
1.175884092330932607e+00
1.177960250496864258e+00
1.177191544294357239e+00
1.175940971851348937e+00
1.171016862273216219e+00
1.171022196173667984e+00
1.172141557216644259e+00
1.168107657432556179e+00
1.164154471278190606e+00
1.168942684888839789e+00
1.166579413056373582e+00
1.169323601007461466e+00
1.163279018759727501e+00
1.161794857501983635e+00
1.155676307678222603e+00
1.165655923366546665e+00
1.164336963057517993e+00
1.159791015267372050e+00
1.155363316655158901e+00
1.160242628455162128e+00
1.153281403660774140e+00
1.156774194717407278e+00
1.150459345459938110e+00
1.152875448226928778e+00
1.148115738630294702e+00
1.151985632181167674e+00
1.149516558766365160e+00
1.143543940663337644e+00
1.147671647906303383e+00
1.145196999549865646e+00
1.142053846359252889e+00
1.142852049350738586e+00
1.142759705781936752e+00
1.142330317378044136e+00
1.145456427574157665e+00
1.135109156250953655e+00
1.133349586486816385e+00
1.135093431591987612e+00
1.139399207592010521e+00
1.136672280192375206e+00
1.131902056217193531e+00
1.131920353412628089e+00
1.133042670726776224e+00
1.130645552277564914e+00
1.127178039550781330e+00
1.130544731020927340e+00
1.132144653439521864e+00
1.126864504218101581e+00
1.124540054798126132e+00
1.128901091694831882e+00
1.127457998633384806e+00
1.122475941538810806e+00
1.123838257908821081e+00
1.123010944247245790e+00
1.119779112100601104e+00
1.115496863245964088e+00
1.116121317148208725e+00
1.115920921444892855e+00
1.118708579063415476e+00
1.118929980278015046e+00
1.115906865119933977e+00
1.119301209449768075e+00
1.117102347016334596e+00
1.112110014319419804e+00
1.113536744117736843e+00
1.111253363013267492e+00
1.113893957376480115e+00
1.106951177477836668e+00
1.113718026876449496e+00
1.108549719452857962e+00
1.105227441191673377e+00
1.106335412979126076e+00
1.106112542510032659e+00
1.111094847679138242e+00
1.102059350609779331e+00
1.100467198967933546e+00
1.106718474864959667e+00
1.100160209894180285e+00
1.102555089116096454e+00
1.099721193552017251e+00
1.096958300352096627e+00
1.102230203032493527e+00
1.097941550493240381e+00
1.094227145910263044e+00
1.096485674262046794e+00
1.094393077373504664e+00
1.089804671645164591e+00
1.097485307455062786e+00
1.095164850711822568e+00
1.089051432967185873e+00
1.091617314696311958e+00
1.092809849143028256e+00
1.088766932487487793e+00
1.083329058170318548e+00
1.087713307142257779e+00
1.092069547891616921e+00
1.084360655188560507e+00
1.084397471904754662e+00
1.082108503937721178e+00
1.086301779985427762e+00
1.083722100853919956e+00
1.086123225450515761e+00
1.083934402346611092e+00
1.086589083194732686e+00
1.080799645781516993e+00
1.076260664224624630e+00
1.080260259389877353e+00
1.080980345964431821e+00
1.078535410761833235e+00
1.077849339365959169e+00
1.083614315152168217e+00
1.073860756039619391e+00
1.074691960096359145e+00
1.071802558183670095e+00
1.082032794356346139e+00
1.076619422554969896e+00
1.075804559588432241e+00
1.075733441114425704e+00
1.070933575868606491e+00
1.070739207506179902e+00
1.073669517993927069e+00
1.075718388676643267e+00
1.065711290121078569e+00
1.071276208758354276e+00
1.067354802131652791e+00
1.074269659638404928e+00
1.073776242256164526e+00
1.065207654237747104e+00
1.062419465541839525e+00
1.068201160192489674e+00
1.071583331465721045e+00
1.064755342006683314e+00
1.062424601554870618e+00
1.065359151124954273e+00
1.060633985280990510e+00
1.062752029418945421e+00
1.060917157292366131e+00
1.059487626314163267e+00
1.058909739851951581e+00
1.058930407166481125e+00
1.062197598457336412e+00
1.059691906929016048e+00
1.055114627838134700e+00
1.056322348833084179e+00
1.055596251606941260e+00
1.057574457406997626e+00
1.059540346503257791e+00
1.054454589009284904e+00
1.058223945379257236e+00
1.055955851554870595e+00
1.055883753180503870e+00
1.051222266316413911e+00
1.054479875326156613e+00
1.056069932222366337e+00
1.051961637616157574e+00
1.053809148907661530e+00
1.053503885626792869e+00
1.055779293298721333e+00
1.046775920391082693e+00
1.049932309508323725e+00
1.046799676895141529e+00
1.048437356352805994e+00
1.057345616817474410e+00
1.049060717821121314e+00
1.050644792914390502e+00
1.045749450087547272e+00
1.045882123470306402e+00
1.043388589739799421e+00
1.045912835001945540e+00
1.042342813134193413e+00
1.046199030637741112e+00
1.038628135800361729e+00
1.045356658339500422e+00
1.044881292581558263e+00
1.041232855319976780e+00
1.042853698611259539e+00
1.041065471649169849e+00
1.037290270447730922e+00
1.042532326936721709e+00
1.035430265784263559e+00
1.038670404314994800e+00
1.043940806627273510e+00
1.035117083787918002e+00
1.040612585186958317e+00
1.036668263196945272e+00
1.035160089015960683e+00
1.033446092247962911e+00
1.037253368496894756e+00
1.035469254136085482e+00
1.035548910379409770e+00
1.036310079813003604e+00
1.036701920628547713e+00
1.033397215247154222e+00
1.029630870580673152e+00
1.033298234701156559e+00
1.035924398660659884e+00
1.031604457974433897e+00
1.033977837085723772e+00
1.030892007946968114e+00
1.032230473399162296e+00
1.031578482031822119e+00
1.028295166730880839e+00
1.029004138231277565e+00
1.029084651470184353e+00
1.026274583697319054e+00
1.026726662874221763e+00
1.026060844063758859e+00
1.024698436260223389e+00
1.025803506612777749e+00
1.029401480436325178e+00
1.023186054110527099e+00
1.025890365004539451e+00
1.022381314992904633e+00
1.024466620564460806e+00
1.023952421069145302e+00
1.021733367800712555e+00
1.024451804876327587e+00
1.020412335515022306e+00
1.020285489797592149e+00
1.026224847555160524e+00
1.019328500270843429e+00
1.017166669607162399e+00
1.020092144846916238e+00
1.020072769880294716e+00
1.021970606207847521e+00
1.021419310808181713e+00
1.015401670813560475e+00
1.017473661422729547e+00
1.019484797358512829e+00
1.021154591083526686e+00
1.017628493428230252e+00
1.012631806612014795e+00
1.018628834843635644e+00
1.021814247250556917e+00
1.014733393192291278e+00
1.017882476210594245e+00
1.012955859422683735e+00
1.012934679985046493e+00
1.014886567711830168e+00
1.016071203947067181e+00
1.014137282490730207e+00
1.014062282085418598e+00
1.014608237147331282e+00
1.013582793474197441e+00
1.004883021473884641e+00
1.014807440757751422e+00
1.014207555651664761e+00
1.005858544588088987e+00
1.013172158956527680e+00
1.009877400040626538e+00
1.011546582937240535e+00
1.009323004126548851e+00
1.009266371607780544e+00
1.008720896124839728e+00
1.005833230733871542e+00
1.007310377478599639e+00
1.009468186855316141e+00
1.007766425371170005e+00
1.006555296301841818e+00
1.004799401283264171e+00
1.011349460840225145e+00
9.993741047382355136e-01
1.002980914473533547e+00
1.002455459833145213e+00
1.002028087258338918e+00
1.003884724140167162e+00
1.004660391807556064e+00
1.001613135576248093e+00
1.005994290351867715e+00
1.000048904657363957e+00
9.996244431734084834e-01
1.002840920329093999e+00
9.982955921888351236e-01
9.979949494600296456e-01
1.001394952654838466e+00
1.001091530561447174e+00
1.002905370235443128e+00
9.991421753168105990e-01
1.004768020033836473e+00
1.001862991452217022e+00
9.979698550701141535e-01
9.998083401918411717e-01
9.984181137084960911e-01
1.005096470117568863e+00
9.977270251512527777e-01
9.959686714410781461e-01
9.969382764101027972e-01
9.966702316999435096e-01
9.968042273521423580e-01
9.969999244213104683e-01
9.928255360126495566e-01
9.934429912567138699e-01
9.935307793617248473e-01
9.931489226818084326e-01
9.932711751461028582e-01
9.955188935995101795e-01
9.933767044544219438e-01
9.925000408887862946e-01
9.923885343074798637e-01
9.914004362821579042e-01
9.857075512409210205e-01
9.935085459947585740e-01
9.903329770565032497e-01
9.902913752794265667e-01
9.904635505676269158e-01
9.911539634466171034e-01
9.947650814056396840e-01
9.927008914947509366e-01
9.913453136682510713e-01
9.877225625514983731e-01
9.887064088582993016e-01
9.867003436088561674e-01
9.894330141544341872e-01
9.886684919595718490e-01
9.880809695720672581e-01
9.893158031702041777e-01
9.878501907587051711e-01
9.920635460615158108e-01
9.891606792211532495e-01
9.897554062604904113e-01
9.844209477901458838e-01
9.864600551128387407e-01
9.843654676675795967e-01
9.856894540786743653e-01
9.884577263593673502e-01
9.791994906663894493e-01
9.867692483663559333e-01
9.824338287115097490e-01
9.779264682531356723e-01
9.834852749109268544e-01
9.841151279211044489e-01
9.807771345376968819e-01
9.883101944923400328e-01
9.837371214628219951e-01
9.782621780633926623e-01
9.877653833627700886e-01
9.781145753860474024e-01
9.796454904079436865e-01
9.825592858791351025e-01
9.828271028995514413e-01
9.793497774600982142e-01
9.817167754173279359e-01
9.793318841457366863e-01
9.741463221311569276e-01
9.795470827817917003e-01
9.805322769880294720e-01
9.811810361146926507e-01
9.789349564313888363e-01
9.748151637315750628e-01
9.780505332946777264e-01
9.713086994886398484e-01
9.795715703964232857e-01
9.798844261169433745e-01
9.768150788545608698e-01
9.756179624795913163e-01
9.802526116371155229e-01
9.747629348039626995e-01
9.754722025394439999e-01
9.752879173755645281e-01
9.737198698520660445e-01
9.745715487003326905e-01
9.779292660951613980e-01
9.757378658056259368e-01
9.743498233556747712e-01
9.726892334222793091e-01
9.780792444944381714e-01
9.741398018598556030e-01
9.726931689977645901e-01
9.755592470169067720e-01
9.670551428794861293e-01
9.737864482402801558e-01
9.711127616167068988e-01
9.712054241895675677e-01
9.743973017930984692e-01
9.756419464349747050e-01
9.696385157108307062e-01
