3.488999903202056885e-01
4.018200039863586426e-01
4.277400076389312744e-01
4.409799873828887939e-01
4.546599984169006348e-01
4.621799886226654053e-01
4.723399877548217773e-01
4.797199964523315430e-01
4.820199906826019287e-01
4.868800044059753418e-01
4.958400130271911621e-01
4.976800084114074707e-01
5.011000037193298340e-01
5.021200180053710938e-01
5.079799890518188477e-01
5.098999738693237305e-01
5.130800008773803711e-01
5.138999819755554199e-01
5.181199908256530762e-01
5.207599997520446777e-01
5.217599868774414062e-01
5.287200212478637695e-01
5.271599888801574707e-01
5.289400219917297363e-01
5.292599797248840332e-01
5.317800045013427734e-01
5.339599847793579102e-01
5.372200012207031250e-01
5.374400019645690918e-01
5.411000251770019531e-01
5.416600108146667480e-01
5.451400279998779297e-01
5.450400114059448242e-01
5.446599721908569336e-01
5.489799976348876953e-01
5.506399869918823242e-01
5.479800105094909668e-01
5.519000291824340820e-01
5.510799884796142578e-01
5.544000267982482910e-01
5.546600222587585449e-01
5.567399859428405762e-01
5.566400289535522461e-01
5.593799948692321777e-01
5.604000091552734375e-01
5.647600293159484863e-01
5.647199749946594238e-01
5.649399757385253906e-01
5.674600005149841309e-01
5.669000148773193359e-01
5.695199966430664062e-01
5.684599876403808594e-01
5.694400072097778320e-01
5.697000026702880859e-01
5.677999854087829590e-01
5.764799714088439941e-01
5.740600228309631348e-01
5.790200233459472656e-01
5.779600143432617188e-01
5.795199871063232422e-01
5.819200277328491211e-01
5.778800249099731445e-01
5.808399915695190430e-01
5.823000073432922363e-01
5.865600109100341797e-01
5.807999968528747559e-01
5.865200161933898926e-01
5.842000246047973633e-01
5.843999981880187988e-01
5.873200297355651855e-01
5.860000252723693848e-01
5.933600068092346191e-01
5.875399708747863770e-01
5.874999761581420898e-01
5.930200219154357910e-01
5.914599895477294922e-01
5.958999991416931152e-01
5.984200239181518555e-01
5.962600111961364746e-01
5.968999862670898438e-01
5.960400104522705078e-01
5.972800254821777344e-01
5.972200036048889160e-01
5.986199975013732910e-01
6.009600162506103516e-01
6.044200062751770020e-01
6.001600027084350586e-01
6.007199883460998535e-01
6.024600267410278320e-01
6.049799919128417969e-01
6.042600274085998535e-01
6.074600219726562500e-01
6.075599789619445801e-01
6.093400120735168457e-01
6.042199730873107910e-01
6.033999919891357422e-01
6.088600158691406250e-01
6.095399856567382812e-01
6.115000247955322266e-01
6.086199879646301270e-01
6.138600111007690430e-01
6.131799817085266113e-01
6.158400177955627441e-01
6.093599796295166016e-01
6.156200170516967773e-01
6.173200011253356934e-01
6.160799860954284668e-01
6.189200282096862793e-01
6.158599853515625000e-01
6.177999973297119141e-01
6.202800273895263672e-01
6.163399815559387207e-01
6.202600002288818359e-01
6.172800064086914062e-01
6.208000183105468750e-01
6.245399713516235352e-01
6.212999820709228516e-01
6.212800145149230957e-01
6.228200197219848633e-01
6.236000061035156250e-01
6.257399916648864746e-01
6.268000006675720215e-01
6.277800202369689941e-01
6.253600120544433594e-01
6.259400248527526855e-01
6.311600208282470703e-01
6.278399825096130371e-01
6.292399764060974121e-01
6.302999854087829590e-01
6.262199878692626953e-01
6.298800110816955566e-01
6.312800049781799316e-01
6.333799958229064941e-01
6.337199807167053223e-01
6.328200101852416992e-01
6.345999836921691895e-01
6.343399882316589355e-01
6.331200003623962402e-01
6.337199807167053223e-01
6.366199851036071777e-01
6.346799731254577637e-01
6.349400281906127930e-01
6.357600092887878418e-01
6.369600296020507812e-01
6.389399766921997070e-01
6.369799971580505371e-01
6.390200257301330566e-01
6.358199715614318848e-01
6.385999917984008789e-01
6.406599879264831543e-01
6.428400278091430664e-01
6.425999999046325684e-01
6.403399705886840820e-01
6.406400203704833984e-01
6.384800076484680176e-01
6.448199748992919922e-01
6.436200141906738281e-01
6.428200006484985352e-01
6.427400112152099609e-01
6.443600058555603027e-01
6.444200277328491211e-01
6.470999717712402344e-01
6.464999914169311523e-01
6.439800262451171875e-01
6.496999859809875488e-01
6.488800048828125000e-01
6.487799882888793945e-01
6.487399935722351074e-01
6.459000110626220703e-01
6.483600139617919922e-01
6.488999724388122559e-01
6.463599801063537598e-01
6.509799957275390625e-01
6.475399732589721680e-01
6.502400040626525879e-01
6.499800086021423340e-01
6.504799723625183105e-01
6.529200077056884766e-01
6.531000137329101562e-01
6.538400053977966309e-01
6.543999910354614258e-01
6.517000198364257812e-01
6.546999812126159668e-01
6.518200039863586426e-01
6.546800136566162109e-01
6.555799841880798340e-01
6.558600068092346191e-01
6.531599760055541992e-01
6.583200097084045410e-01
6.564599871635437012e-01
6.590999960899353027e-01
6.569600105285644531e-01
6.621400117874145508e-01
6.589800119400024414e-01
6.620600223541259766e-01
6.598600149154663086e-01
6.590399742126464844e-01
6.587200164794921875e-01
6.619799733161926270e-01
6.611199975013732910e-01
6.622599959373474121e-01
6.657199859619140625e-01
6.633599996566772461e-01
6.646199822425842285e-01
6.624600291252136230e-01
6.643400192260742188e-01
6.644600033760070801e-01
6.638799905776977539e-01
6.634799838066101074e-01
6.624400019645690918e-01
6.664800047874450684e-01
6.610800027847290039e-01
6.704199910163879395e-01
6.683999896049499512e-01
6.679999828338623047e-01
6.675199866294860840e-01
6.684600114822387695e-01
6.677600145339965820e-01
6.666200160980224609e-01
6.670799851417541504e-01
6.667600274085998535e-01
6.699399948120117188e-01
6.674399971961975098e-01
6.692199707031250000e-01
6.682199835777282715e-01
6.680399775505065918e-01
6.719800233840942383e-01
6.710799932479858398e-01
6.697599887847900391e-01
6.705999970436096191e-01
6.707000136375427246e-01
6.687200069427490234e-01
6.755200028419494629e-01
6.721600294113159180e-01
6.754199862480163574e-01
6.753399968147277832e-01
6.693199872970581055e-01
6.761199831962585449e-01
6.741200089454650879e-01
6.758999824523925781e-01
6.762999892234802246e-01
6.754999756813049316e-01
6.752399802207946777e-01
6.769000291824340820e-01
6.778600215911865234e-01
6.800199747085571289e-01
6.762400269508361816e-01
6.808800101280212402e-01
6.785600185394287109e-01
6.797800064086914062e-01
6.748200058937072754e-01
6.822599768638610840e-01
6.765400171279907227e-01
6.802399754524230957e-01
6.801599860191345215e-01
6.808599829673767090e-01
6.840000152587890625e-01
6.800799965858459473e-01
6.818799972534179688e-01
6.825199723243713379e-01
6.793599724769592285e-01
6.822199821472167969e-01
6.834800243377685547e-01
6.789399981498718262e-01
6.851999759674072266e-01
6.813600063323974609e-01
6.852599978446960449e-01
6.844800114631652832e-01
6.844000220298767090e-01
6.857200264930725098e-01
6.881399750709533691e-01
6.839799880981445312e-01
6.855000257492065430e-01
6.843000054359436035e-01
6.867799758911132812e-01
6.865000128746032715e-01
6.843199729919433594e-01
6.832600235939025879e-01
6.854799985885620117e-01
6.876999735832214355e-01
6.883199810981750488e-01
6.857799887657165527e-01
6.892399787902832031e-01
6.882200241088867188e-01
6.865599751472473145e-01
6.889200210571289062e-01
6.880400180816650391e-01
6.906999945640563965e-01
6.897000074386596680e-01
6.912800073623657227e-01
6.923400163650512695e-01
6.893600225448608398e-01
6.914600133895874023e-01
6.934599876403808594e-01
6.899399757385253906e-01
6.870599985122680664e-01
6.920199990272521973e-01
6.911000013351440430e-01
6.914600133895874023e-01
6.887800097465515137e-01
6.904000043869018555e-01
6.899200081825256348e-01
6.909800171852111816e-01
6.952199935913085938e-01
6.967999935150146484e-01
6.934599876403808594e-01
6.956800222396850586e-01
6.911600232124328613e-01
6.946799755096435547e-01
6.942600011825561523e-01
6.940600275993347168e-01
6.911799907684326172e-01
6.931800246238708496e-01
6.944800019264221191e-01
6.966999769210815430e-01
6.966599822044372559e-01
6.927599906921386719e-01
6.936600208282470703e-01
6.948199868202209473e-01
6.968600153923034668e-01
6.980000138282775879e-01
6.996799707412719727e-01
6.968399882316589355e-01
6.958600282669067383e-01
6.987199783325195312e-01
6.944000124931335449e-01
6.973999738693237305e-01
7.020000219345092773e-01
6.976799964904785156e-01
7.027000188827514648e-01
7.029799818992614746e-01
6.976799964904785156e-01
6.995400190353393555e-01
7.009000182151794434e-01
6.970800161361694336e-01
7.002199888229370117e-01
7.005800008773803711e-01
7.027400135993957520e-01
7.004600167274475098e-01
6.995400190353393555e-01
6.997200250625610352e-01
7.046999931335449219e-01
7.004600167274475098e-01
7.024999856948852539e-01
6.978200078010559082e-01
6.992999911308288574e-01
7.005000114440917969e-01
7.025399804115295410e-01
7.045599818229675293e-01
7.006000280380249023e-01
7.029799818992614746e-01
7.050999999046325684e-01
7.051200270652770996e-01
7.039999961853027344e-01
7.071400284767150879e-01
7.096999883651733398e-01
7.020400166511535645e-01
7.063400149345397949e-01
6.996600031852722168e-01
7.050799727439880371e-01
7.008399963378906250e-01
7.065200209617614746e-01
7.032399773597717285e-01
7.030000090599060059e-01
7.069600224494934082e-01
7.047600150108337402e-01
7.043799757957458496e-01
7.024199962615966797e-01
7.103000283241271973e-01
7.071800231933593750e-01
7.061200141906738281e-01
7.070999741554260254e-01
7.088800072669982910e-01
7.088199853897094727e-01
7.030000090599060059e-01
7.047799825668334961e-01
7.087600231170654297e-01
7.080799937248229980e-01
7.069399952888488770e-01
7.074400186538696289e-01
7.070800065994262695e-01
7.104600071907043457e-01
7.086600065231323242e-01
7.089999914169311523e-01
7.083200216293334961e-01
7.060400247573852539e-01
7.083799839019775391e-01
7.103199958801269531e-01
7.127000093460083008e-01
7.120199799537658691e-01
7.120599746704101562e-01
7.073600292205810547e-01
7.118200063705444336e-01
7.114999890327453613e-01
7.111200094223022461e-01
7.100800275802612305e-01
7.120000123977661133e-01
7.112399935722351074e-01
7.120400071144104004e-01
7.107800245285034180e-01
7.094799876213073730e-01
7.163800001144409180e-01
7.110999822616577148e-01
7.139999866485595703e-01
7.141799926757812500e-01
7.119600176811218262e-01
7.156800031661987305e-01
7.135599851608276367e-01
7.099400162696838379e-01
7.136399745941162109e-01
7.124800086021423340e-01
7.156599760055541992e-01
7.115399837493896484e-01
7.177199721336364746e-01
7.149400115013122559e-01
7.129799723625183105e-01
7.138800024986267090e-01
7.126399874687194824e-01
7.170000076293945312e-01
7.157400250434875488e-01
7.145799994468688965e-01
7.152199745178222656e-01
7.181199789047241211e-01
7.134799957275390625e-01
7.147799730300903320e-01
7.162399888038635254e-01
7.151600122451782227e-01
7.174599766731262207e-01
7.161599993705749512e-01
7.188000082969665527e-01
7.158399820327758789e-01
7.149599790573120117e-01
7.176399827003479004e-01
7.184600234031677246e-01
7.174000144004821777e-01
7.160199880599975586e-01
7.177199721336364746e-01
7.154800295829772949e-01
7.197800278663635254e-01
7.186200022697448730e-01
7.197399735450744629e-01
7.156000137329101562e-01
7.186999917030334473e-01
7.170600295066833496e-01
7.168999910354614258e-01
7.187399864196777344e-01
7.210599780082702637e-01
7.197800278663635254e-01
7.181800007820129395e-01
7.201799750328063965e-01
7.204800248146057129e-01
7.230200171470642090e-01
7.179800271987915039e-01
7.204800248146057129e-01
7.236400246620178223e-01
7.224199771881103516e-01
7.212200164794921875e-01
7.167400121688842773e-01
7.179600000381469727e-01
7.248600125312805176e-01
7.209200263023376465e-01
7.212600111961364746e-01
7.213000059127807617e-01
7.192599773406982422e-01
7.174400091171264648e-01
7.190600037574768066e-01
7.240800261497497559e-01
7.218999862670898438e-01
7.211400270462036133e-01
7.213000059127807617e-01
7.208200097084045410e-01
7.259600162506103516e-01
7.220600247383117676e-01
7.250800132751464844e-01
7.196599841117858887e-01
7.215600013732910156e-01
7.231400012969970703e-01
7.219399809837341309e-01
7.200800180435180664e-01
7.214599847793579102e-01
7.243400216102600098e-01
7.240999937057495117e-01
7.223799824714660645e-01
7.237399816513061523e-01
7.204200029373168945e-01
7.261199951171875000e-01
7.250199913978576660e-01
7.242799997329711914e-01
7.263799905776977539e-01
7.254599928855895996e-01
7.235999703407287598e-01
7.226999998092651367e-01
7.264199852943420410e-01
7.260800004005432129e-01
7.273600101470947266e-01
7.247599959373474121e-01
7.235199809074401855e-01
7.253800034523010254e-01
7.273399829864501953e-01
7.251399755477905273e-01
