1.160600036382675171e-01
1.485600024461746216e-01
1.811800003051757812e-01
2.051600068807601929e-01
2.436999976634979248e-01
2.750999927520751953e-01
2.961399853229522705e-01
3.094199895858764648e-01
3.301399946212768555e-01
3.512000143527984619e-01
3.677999973297119141e-01
3.801600039005279541e-01
3.948599994182586670e-01
4.062399864196777344e-01
4.181799888610839844e-01
4.254400134086608887e-01
4.287799894809722900e-01
4.395200014114379883e-01
4.421199858188629150e-01
4.438999891281127930e-01
4.526799917221069336e-01
4.534200131893157959e-01
4.599399864673614502e-01
4.656600058078765869e-01
4.688600003719329834e-01
4.713200032711029053e-01
4.731799960136413574e-01
4.777800142765045166e-01
4.821999967098236084e-01
4.799999892711639404e-01
4.839200079441070557e-01
4.878199994564056396e-01
4.896799921989440918e-01
4.902400076389312744e-01
4.954200088977813721e-01
4.983600080013275146e-01
4.964399933815002441e-01
5.030599832534790039e-01
5.028399825096130371e-01
5.020200014114379883e-01
5.072799921035766602e-01
5.065799951553344727e-01
5.096600055694580078e-01
5.098199844360351562e-01
5.124199986457824707e-01
5.121600031852722168e-01
5.117200016975402832e-01
5.188999772071838379e-01
5.172399878501892090e-01
5.195999741554260254e-01
5.198000073432922363e-01
5.209000110626220703e-01
5.222799777984619141e-01
5.259000062942504883e-01
5.214599967002868652e-01
5.259199738502502441e-01
5.265799760818481445e-01
5.266199707984924316e-01
5.281599760055541992e-01
5.305399894714355469e-01
5.339400172233581543e-01
5.325199961662292480e-01
5.321599841117858887e-01
5.367599725723266602e-01
5.362200140953063965e-01
5.368999838829040527e-01
5.353800058364868164e-01
5.385800004005432129e-01
5.392400026321411133e-01
5.427799820899963379e-01
5.399199724197387695e-01
5.422599911689758301e-01
5.447999835014343262e-01
5.434399843215942383e-01
5.472999811172485352e-01
5.467399954795837402e-01
5.472400188446044922e-01
5.474799871444702148e-01
5.486199855804443359e-01
5.483199954032897949e-01
5.499200224876403809e-01
5.488799810409545898e-01
5.535600185394287109e-01
5.529800057411193848e-01
5.524399876594543457e-01
5.539600253105163574e-01
5.515800118446350098e-01
5.558199882507324219e-01
5.569999814033508301e-01
5.544800162315368652e-01
5.592600107192993164e-01
5.607200264930725098e-01
5.590400099754333496e-01
5.606799721717834473e-01
5.637199878692626953e-01
5.614600181579589844e-01
5.592399835586547852e-01
5.631999969482421875e-01
5.617600083351135254e-01
5.680800080299377441e-01
5.657399892807006836e-01
5.680000185966491699e-01
5.656999945640563965e-01
5.652599930763244629e-01
5.663400292396545410e-01
5.667799711227416992e-01
5.702800154685974121e-01
5.659400224685668945e-01
5.683000087738037109e-01
5.716800093650817871e-01
5.679000020027160645e-01
5.691999793052673340e-01
5.694800019264221191e-01
5.734199881553649902e-01
5.716199874877929688e-01
5.749999880790710449e-01
5.733799934387207031e-01
5.733199715614318848e-01
5.737400054931640625e-01
5.767800211906433105e-01
5.731800198554992676e-01
5.737000107765197754e-01
5.783799886703491211e-01
5.763000249862670898e-01
5.776000022888183594e-01
5.777000188827514648e-01
5.787199735641479492e-01
5.782200098037719727e-01
5.796200037002563477e-01
5.806800127029418945e-01
5.793200135231018066e-01
5.786399841308593750e-01
5.830799937248229980e-01
5.814200043678283691e-01
5.800799727439880371e-01
5.810400247573852539e-01
5.860000252723693848e-01
5.816199779510498047e-01
5.841000080108642578e-01
5.824400186538696289e-01
5.814999938011169434e-01
5.831599831581115723e-01
5.872200131416320801e-01
5.848399996757507324e-01
5.843600034713745117e-01
5.848600268363952637e-01
5.885000228881835938e-01
5.850399732589721680e-01
5.908799767494201660e-01
5.870199799537658691e-01
5.900200009346008301e-01
5.877199769020080566e-01
5.904999971389770508e-01
5.889199972152709961e-01
5.913800001144409180e-01
5.907400250434875488e-01
5.918400287628173828e-01
5.910400152206420898e-01
5.896999835968017578e-01
5.949400067329406738e-01
5.952200293540954590e-01
5.919600129127502441e-01
5.914800167083740234e-01
5.936200022697448730e-01
5.940600037574768066e-01
5.959600210189819336e-01
5.942000150680541992e-01
5.949199795722961426e-01
5.943400263786315918e-01
5.954399704933166504e-01
5.952799916267395020e-01
5.964400172233581543e-01
5.984399914741516113e-01
5.967800021171569824e-01
5.970799922943115234e-01
5.992400050163269043e-01
5.988399982452392578e-01
5.997599959373474121e-01
5.993999838829040527e-01
5.988799929618835449e-01
6.007999777793884277e-01
5.997599959373474121e-01
5.986400246620178223e-01
5.991799831390380859e-01
5.986800193786621094e-01
6.019799709320068359e-01
5.997599959373474121e-01
6.004400253295898438e-01
5.986199975013732910e-01
5.999799966812133789e-01
6.004199981689453125e-01
6.048799753189086914e-01
6.010800004005432129e-01
6.022800207138061523e-01
6.027200222015380859e-01
6.028800010681152344e-01
6.047999858856201172e-01
6.025400161743164062e-01
6.060199737548828125e-01
6.033599972724914551e-01
6.049200296401977539e-01
6.052799820899963379e-01
6.052799820899963379e-01
6.060000061988830566e-01
6.053400039672851562e-01
6.048200130462646484e-01
6.091200113296508789e-01
6.082000136375427246e-01
6.070799827575683594e-01
6.068800091743469238e-01
6.118999719619750977e-01
6.062399744987487793e-01
6.067199707031250000e-01
6.100199818611145020e-01
6.095600128173828125e-01
6.068599820137023926e-01
6.086000204086303711e-01
6.110799908638000488e-01
6.099600195884704590e-01
6.096600294113159180e-01
6.105399727821350098e-01
6.105399727821350098e-01
6.118199825286865234e-01
6.112599968910217285e-01
6.101199984550476074e-01
6.123999953269958496e-01
6.130399703979492188e-01
6.080999970436096191e-01
6.107199788093566895e-01
6.147599816322326660e-01
6.118000149726867676e-01
6.121199727058410645e-01
6.116999983787536621e-01
6.143599748611450195e-01
6.121399998664855957e-01
6.169999837875366211e-01
6.155200004577636719e-01
6.144199967384338379e-01
6.142600178718566895e-01
6.147599816322326660e-01
6.130599975585937500e-01
6.149600148200988770e-01
6.152399778366088867e-01
6.173200011253356934e-01
6.162199974060058594e-01
6.161599755287170410e-01
6.198199987411499023e-01
6.172599792480468750e-01
6.170200109481811523e-01
6.143800020217895508e-01
6.136400103569030762e-01
6.176400184631347656e-01
6.197800040245056152e-01
6.182000041007995605e-01
6.173400282859802246e-01
6.178600192070007324e-01
6.222800016403198242e-01
6.187599897384643555e-01
6.181200146675109863e-01
6.192600131034851074e-01
6.192200183868408203e-01
6.198800206184387207e-01
6.188799738883972168e-01
6.208800077438354492e-01
6.184999942779541016e-01
6.187800168991088867e-01
6.218600273132324219e-01
6.227599978446960449e-01
6.223999857902526855e-01
6.231200098991394043e-01
6.223400235176086426e-01
6.205000281333923340e-01
6.255400180816650391e-01
6.218199729919433594e-01
6.232600212097167969e-01
6.246600151062011719e-01
6.238200068473815918e-01
6.211400032043457031e-01
6.234599947929382324e-01
6.220999956130981445e-01
6.212000250816345215e-01
6.207799911499023438e-01
6.253799796104431152e-01
6.246200203895568848e-01
6.241599917411804199e-01
6.266000270843505859e-01
6.204599738121032715e-01
6.243600249290466309e-01
6.243799924850463867e-01
6.252999901771545410e-01
6.234599947929382324e-01
6.266800165176391602e-01
6.231399774551391602e-01
6.273599863052368164e-01
6.225799918174743652e-01
6.285200119018554688e-01
6.269400119781494141e-01
6.270400285720825195e-01
6.279000043869018555e-01
6.234200000762939453e-01
6.282200217247009277e-01
6.303399801254272461e-01
6.266999840736389160e-01
6.287199854850769043e-01
6.273400187492370605e-01
6.261399984359741211e-01
6.317600011825561523e-01
6.264600157737731934e-01
6.288400292396545410e-01
6.274999976158142090e-01
6.286799907684326172e-01
6.283199787139892578e-01
6.301000118255615234e-01
6.272400021553039551e-01
6.290599703788757324e-01
6.302000284194946289e-01
6.305400133132934570e-01
6.321600079536437988e-01
6.289200186729431152e-01
6.281999945640563965e-01
6.308599710464477539e-01
6.300200223922729492e-01
6.309000253677368164e-01
6.316199898719787598e-01
6.335999965667724609e-01
6.320999860763549805e-01
6.330000162124633789e-01
6.341000199317932129e-01
6.326199769973754883e-01
6.351000070571899414e-01
6.324999928474426270e-01
6.326400041580200195e-01
6.334000229835510254e-01
6.304399967193603516e-01
6.342599987983703613e-01
6.342200040817260742e-01
6.342800259590148926e-01
6.367999911308288574e-01
6.335399746894836426e-01
6.339200139045715332e-01
6.327999830245971680e-01
6.342399716377258301e-01
6.331400275230407715e-01
6.335200071334838867e-01
6.327400207519531250e-01
6.364600062370300293e-01
6.368600130081176758e-01
6.316000223159790039e-01
6.352199912071228027e-01
6.340000033378601074e-01
6.386799812316894531e-01
6.351600289344787598e-01
6.347000002861022949e-01
6.326199769973754883e-01
6.352199912071228027e-01
6.363800168037414551e-01
6.348400115966796875e-01
6.360999941825866699e-01
6.357399821281433105e-01
6.377999782562255859e-01
6.362000107765197754e-01
6.388400197029113770e-01
6.357600092887878418e-01
6.359800100326538086e-01
6.387400031089782715e-01
6.377999782562255859e-01
6.391000151634216309e-01
6.375600099563598633e-01
6.413000226020812988e-01
6.378800272941589355e-01
6.388400197029113770e-01
6.399199962615966797e-01
6.369000077247619629e-01
6.388199925422668457e-01
6.381400227546691895e-01
6.383600234985351562e-01
6.390799880027770996e-01
6.399999856948852539e-01
6.432600021362304688e-01
6.388199925422668457e-01
6.388599872589111328e-01
6.388800144195556641e-01
6.391000151634216309e-01
6.410400271415710449e-01
6.373800039291381836e-01
6.432399749755859375e-01
6.422399878501892090e-01
6.398800015449523926e-01
6.432399749755859375e-01
6.410400271415710449e-01
6.397200226783752441e-01
6.396999955177307129e-01
6.420999765396118164e-01
6.392599940299987793e-01
6.427400112152099609e-01
6.413599848747253418e-01
6.411799788475036621e-01
6.435800194740295410e-01
6.404200196266174316e-01
6.423599720001220703e-01
6.430799961090087891e-01
6.439999938011169434e-01
6.419600248336791992e-01
6.420000195503234863e-01
6.418600082397460938e-01
6.428999900817871094e-01
6.428200006484985352e-01
6.420199871063232422e-01
6.427000164985656738e-01
6.412400007247924805e-01
6.426799893379211426e-01
6.423199772834777832e-01
6.432600021362304688e-01
6.448199748992919922e-01
6.455799937248229980e-01
6.447399854660034180e-01
6.441199779510498047e-01
6.442199945449829102e-01
6.447600126266479492e-01
6.435400247573852539e-01
6.435400247573852539e-01
6.474999785423278809e-01
6.452800035476684570e-01
6.467000246047973633e-01
6.443200111389160156e-01
6.448600292205810547e-01
6.439599990844726562e-01
6.450799703598022461e-01
6.437000036239624023e-01
6.451600193977355957e-01
6.460599899291992188e-01
6.457399725914001465e-01
6.451200246810913086e-01
6.469600200653076172e-01
6.479399800300598145e-01
6.492800116539001465e-01
6.451399922370910645e-01
6.453599929809570312e-01
6.461799740791320801e-01
6.447200179100036621e-01
6.441199779510498047e-01
6.433200240135192871e-01
6.444600224494934082e-01
6.467000246047973633e-01
6.483600139617919922e-01
6.458399891853332520e-01
6.478599905967712402e-01
6.461600065231323242e-01
6.449800133705139160e-01
6.496400237083435059e-01
6.486799716949462891e-01
6.460599899291992188e-01
6.505200266838073730e-01
6.480200290679931641e-01
6.485999822616577148e-01
6.496400237083435059e-01
6.471599936485290527e-01
6.471400260925292969e-01
6.480799913406372070e-01
6.448199748992919922e-01
6.495800018310546875e-01
6.469600200653076172e-01
6.477199792861938477e-01
6.479399800300598145e-01
6.509400010108947754e-01
6.468600034713745117e-01
6.512799859046936035e-01
6.496800184249877930e-01
6.517199873924255371e-01
6.483200192451477051e-01
6.488199830055236816e-01
6.506400108337402344e-01
6.545400023460388184e-01
6.482399702072143555e-01
6.522200107574462891e-01
6.475999951362609863e-01
6.521800160408020020e-01
6.527400016784667969e-01
6.510599851608276367e-01
6.477000117301940918e-01
6.510199904441833496e-01
6.499000191688537598e-01
6.495000123977661133e-01
6.518599987030029297e-01
6.502799987792968750e-01
6.523799896240234375e-01
6.491199731826782227e-01
6.525400280952453613e-01
6.503000259399414062e-01
6.507599949836730957e-01
6.513599753379821777e-01
6.541799902915954590e-01
6.494399905204772949e-01
6.528800129890441895e-01
6.499199867248535156e-01
6.514000296592712402e-01
6.517000198364257812e-01
6.507599949836730957e-01
6.493600010871887207e-01
6.528599858283996582e-01
