1.826352381467819308e+00
1.674356786727905222e+00
1.608269260168075476e+00
1.568037151098251369e+00
1.529324821710586590e+00
1.509802711486816440e+00
1.482386435508727951e+00
1.465525900363922052e+00
1.451570771694183248e+00
1.443092070341110311e+00
1.420777240276336562e+00
1.411737886667251640e+00
1.402118804454803414e+00
1.393649055957794092e+00
1.384593740701675513e+00
1.372110806465148825e+00
1.367878479242324863e+00
1.362388752698898253e+00
1.355121807575225823e+00
1.348148386716842673e+00
1.339495748996734514e+00
1.338596509456634553e+00
1.328406633853912444e+00
1.321082595825195272e+00
1.323611220359802276e+00
1.312971848964691102e+00
1.310121552109718257e+00
1.305906523346900938e+00
1.296567836642265270e+00
1.291209460020065203e+00
1.292144995570182697e+00
1.286860205411910929e+00
1.275016129016876221e+00
1.277756412386894302e+00
1.270359141945838877e+00
1.261888508558273392e+00
1.264880199074745137e+00
1.259035953640937899e+00
1.263911092758178700e+00
1.249042171835899273e+00
1.253999268293380709e+00
1.246298278212547350e+00
1.242345305204391570e+00
1.237895675659179684e+00
1.235727265834808408e+00
1.229775658607482836e+00
1.226655869960785017e+00
1.228082169413566627e+00
1.218308437943458555e+00
1.217880923271179139e+00
1.215044797658920261e+00
1.212528108239173896e+00
1.203469182968139650e+00
1.207246067047119231e+00
1.208346190452575630e+00
1.199537677884101816e+00
1.197185426235199079e+00
1.190354790568351806e+00
1.190450026631355351e+00
1.191094909548759517e+00
1.180562124967575066e+00
1.184864490509033308e+00
1.179185310006141574e+00
1.174286003947258017e+00
1.174426879525184653e+00
1.172983218193054178e+00
1.174125220775604328e+00
1.169706712841987573e+00
1.170128502726554887e+00
1.160174054741859528e+00
1.166386847734451226e+00
1.157083074688911362e+00
1.163888186097145061e+00
1.160403672814369180e+00
1.145258081197738642e+00
1.153313465714454589e+00
1.140932100176811126e+00
1.137276846408844078e+00
1.139967061519622904e+00
1.137996181249618433e+00
1.135361149787902812e+00
1.137313105225562948e+00
1.136089259743690461e+00
1.132410555839538535e+00
1.127308126091957075e+00
1.124866942882537746e+00
1.122204796195030108e+00
1.124660940408706677e+00
1.117006864786147968e+00
1.122506639838218634e+00
1.114016349434852504e+00
1.111767637729644820e+00
1.100717506170272753e+00
1.107955116868019063e+00
1.111145329594612097e+00
1.112154418230056674e+00
1.099699068784713685e+00
1.101525358319282555e+00
1.099940700292587170e+00
1.101771420836448634e+00
1.088460009574890197e+00
1.092172681927680911e+00
1.090095092177391090e+00
1.095556747913360551e+00
1.084072125434875522e+00
1.085463778972625803e+00
1.084764988303184463e+00
1.081074257850646925e+00
1.078912070393562406e+00
1.077972627639770531e+00
1.075251748085021886e+00
1.082227127790451160e+00
1.075461156964302001e+00
1.080090914368629473e+00
1.069251678586006227e+00
1.067748019218444755e+00
1.071199852466583335e+00
1.069686836600303614e+00
1.072684420585632292e+00
1.062662728667259193e+00
1.058383389234542893e+00
1.058251715302467311e+00
1.053351214766502286e+00
1.058651715278625449e+00
1.059736497759818930e+00
1.046175107717514097e+00
1.055583201169967733e+00
1.048909052848815859e+00
1.054095637559890664e+00
1.054269634723663307e+00
1.050338104963302710e+00
1.045914981007576072e+00
1.040563967108726562e+00
1.040909392833709646e+00
1.048965536952018773e+00
1.036291408061981167e+00
1.039625469923019407e+00
1.037836679458618239e+00
1.037127748370170632e+00
1.033958553552627668e+00
1.039507045745849512e+00
1.040238494992256069e+00
1.034555129408836427e+00
1.029448078870773386e+00
1.028418138384818992e+00
1.025720485925674330e+00
1.032356216073036181e+00
1.029404475688934228e+00
1.023232905268669057e+00
1.028104161500930758e+00
1.018566323995590217e+00
1.016853279232978746e+00
1.016571188211440990e+00
1.018192027568817215e+00
1.024719235777854953e+00
1.009683442234992956e+00
1.017622748970985480e+00
1.013625610113144004e+00
1.012210838794708190e+00
1.015202456712722690e+00
1.012655198693275471e+00
1.010103438019752442e+00
1.007701113104820356e+00
1.016324968576431287e+00
1.003473500490188686e+00
1.006070723056793126e+00
1.002687864303588805e+00
9.996099730730056976e-01
1.008462095141410719e+00
1.001010266304016127e+00
1.000695820331573449e+00
1.004481561660766520e+00
1.000426685214042655e+00
1.007909287214279193e+00
9.929172544479369922e-01
1.001040378451347301e+00
9.949443720579147499e-01
9.951720623970031765e-01
9.943864696025848104e-01
9.942885342836379481e-01
9.880020891427994112e-01
9.951875092983245574e-01
9.910024788379668825e-01
9.906514472961426288e-01
9.858132596015930504e-01
9.866702536344528207e-01
9.794992556571960884e-01
9.870477740764618257e-01
9.869623214006424394e-01
9.849759612083435201e-01
9.807600669860839782e-01
9.800750045776367436e-01
9.719898570775985513e-01
9.750978626012801742e-01
9.657511401176452903e-01
9.731555620431899811e-01
9.744937161207198884e-01
9.725719343423843144e-01
9.674445481300354421e-01
9.725101776123047381e-01
9.677100774049759435e-01
9.626907292604446331e-01
9.664306505918502932e-01
9.687226561307906714e-01
9.684567296504974498e-01
9.663266957998275508e-01
9.649017821550369689e-01
9.609872932434082582e-01
9.563989951610565310e-01
9.666068099737167296e-01
9.579425960779189841e-01
9.697489378452300857e-01
9.535950758457183429e-01
9.513611751794814886e-01
9.664212822914123313e-01
9.549510977268218515e-01
9.494096121788024867e-01
9.583111160993575961e-01
9.643290611505508370e-01
9.560803489685059109e-01
9.595642377138138279e-01
9.463479989767074052e-01
9.518772631883620772e-01
9.538737450838088439e-01
9.560604190826416104e-01
9.527477835416793273e-01
9.468693124055862498e-01
9.464393652677536295e-01
9.522811356782913128e-01
9.480232028961181889e-01
9.517070039510726609e-01
9.455119971036910487e-01
9.350466831922531474e-01
9.406181119680404601e-01
9.413418420553207877e-01
9.461582858562469500e-01
9.488437187671661110e-01
9.309737131595611226e-01
9.400195292234421185e-01
9.419675331115722194e-01
9.345869001150131083e-01
9.393045736551284275e-01
9.380888251066208383e-01
9.396155818700789863e-01
9.295759391784668146e-01
9.326230307817459098e-01
9.343411307334900107e-01
9.275540733337401811e-01
9.292688494920731124e-01
9.235635782480240419e-01
9.433918980360030959e-01
9.313311383724213188e-01
9.370831826925277719e-01
9.281109330654144784e-01
9.261844828128814600e-01
9.252970890998840625e-01
9.223014672994613861e-01
9.253709776401519704e-01
9.282484986782073566e-01
9.223985680341720839e-01
9.277313005924224809e-01
9.215635477304459089e-01
9.196270617246627976e-01
9.297392346858978085e-01
9.146354058980942225e-01
9.263717528581619787e-01
9.159275766611099101e-01
9.156803199052810927e-01
9.258662526607512877e-01
9.204527020454407182e-01
9.131203038692474738e-01
9.209171777963638394e-01
9.171276942491531914e-01
9.184190015792846884e-01
9.105214093923568175e-01
9.182947993278502974e-01
9.218414852619171151e-01
9.160816248655319072e-01
9.167686178684234521e-01
9.227061822414398540e-01
9.119698393344879417e-01
9.150882759094238761e-01
9.079320256710052828e-01
9.124171866178512058e-01
9.112318918704986892e-01
9.113662123084068645e-01
9.076437557935714828e-01
9.044182556867599310e-01
9.109800671339034484e-01
9.011584530472755983e-01
9.077895147800445486e-01
9.089879262447356778e-01
9.089433908462524192e-01
9.063594145774841460e-01
9.068947710990905575e-01
9.111909663677215665e-01
9.048828883171081694e-01
9.003251588344574063e-01
9.069225708246231310e-01
9.080875267982483345e-01
9.130178518295287704e-01
9.091442369222640929e-01
9.077057381868361974e-01
9.001120854616164735e-01
8.956782782077788996e-01
8.990648065805435518e-01
8.964393386840819877e-01
9.040557450056075917e-01
9.028071261644363688e-01
8.968775935173034508e-01
9.054134768247604770e-01
9.079262700080871218e-01
9.064675487279891808e-01
9.069766067266463727e-01
8.925011371374129698e-01
8.970163440704346236e-01
8.990339227914809772e-01
9.027170945405960101e-01
8.936472102403640871e-01
8.884261192083359182e-01
8.951581734418868619e-01
8.861427153348923058e-01
8.859521293640136852e-01
8.902471215724945264e-01
8.873617728948592909e-01
8.976946201324462749e-01
8.944125680923461497e-01
8.824876762628555138e-01
8.947551583051681634e-01
8.761747479438781738e-01
8.846196477413177384e-01
8.898585618734359270e-01
8.868476021289825040e-01
8.866487886905670690e-01
8.921235290765762160e-01
8.898895112276077324e-01
8.883424621820449341e-01
8.865281672477721697e-01
8.907126643657684584e-01
8.914030625820159592e-01
8.873104602098464966e-01
8.785985052585602029e-01
8.884476807117461794e-01
8.791781424283980906e-01
8.899833481311798522e-01
8.913015235662460345e-01
8.882935236692428571e-01
8.824749399423599261e-01
8.733317087888717856e-01
8.842555346488952805e-01
8.747478020191192805e-01
8.732474650144577133e-01
8.807456800937653041e-01
8.854055689573288035e-01
8.793377830982208598e-01
8.765917297601699687e-01
8.859074528217315558e-01
8.814376761913299552e-01
8.880538991093636092e-01
8.803755480647087461e-01
8.913525136709212759e-01
8.711005576848983578e-01
8.912644799947738727e-01
8.799818711280822381e-01
8.778033308982848837e-01
8.702968660593032313e-01
8.800560921430587991e-01
8.846912589073181454e-01
8.671617921590805134e-01
8.760784468650817391e-01
8.733104919195174842e-01
8.743240419626235882e-01
8.733471413850784071e-01
8.694379020333290464e-01
8.825641274452209473e-01
8.860947393178939535e-01
8.760851905345916624e-01
8.713165631294250701e-01
8.825111818313599032e-01
8.765863168239593772e-01
8.746132506132126005e-01
8.634004408121108698e-01
8.733685915470122962e-01
8.743468734025955369e-01
8.756653330326080731e-01
8.833919246792792945e-01
8.702243466377258541e-01
8.703218342065811575e-01
8.600908888578414624e-01
8.572109459638596052e-01
8.642068247795104963e-01
8.770422300100326751e-01
8.728254768848419110e-01
8.637222620248794502e-01
8.656090764999390119e-01
8.723419682979584033e-01
8.673956947922706329e-01
8.736905916929245119e-01
8.682183331251144276e-01
8.688022495508194165e-01
8.676014980077743077e-01
8.548578721880912834e-01
8.700273687839508163e-01
8.599694160819053579e-01
8.560969293117522971e-01
8.712372505664824907e-01
8.532345358729362950e-01
8.622492935657500857e-01
8.745515868663787939e-01
8.607861423492431108e-01
8.658746506571769475e-01
8.616181250214576259e-01
8.670818470716475934e-01
8.496938385963439533e-01
8.574755594730377739e-01
8.644080986976623304e-01
8.570259348154067869e-01
8.653505412340164460e-01
8.532995610237121831e-01
8.634479986429214327e-01
8.607599670886993959e-01
8.619940304756164018e-01
8.599136831760406663e-01
8.591326318979263243e-01
8.669950987100600859e-01
8.584260431528091262e-01
8.610572137832641637e-01
8.574334046840668133e-01
8.588039469718933283e-01
8.502048033475876343e-01
8.592631324529648174e-01
8.639164249897003378e-01
8.574375435113906763e-01
8.535865989923476782e-01
8.584564726948737956e-01
8.655390678644180324e-01
8.580529882907866890e-01
8.607405858635902574e-01
8.516139751672744396e-01
8.549126842021942396e-01
8.512938113212585867e-01
8.665031841993331430e-01
8.500818732380867049e-01
8.574379216432571615e-01
8.662515791654586961e-01
8.547390492558479824e-01
8.515838407278061295e-01
8.550208764672279083e-01
8.559956607818604013e-01
8.438507651090622064e-01
8.527226086258887783e-01
8.453563758134842177e-01
8.577051252126693948e-01
8.517793579697608974e-01
8.365343468189239129e-01
8.435096727609634470e-01
8.527606102228164620e-01
8.594558176994323562e-01
8.592777525782585579e-01
8.455871074199676762e-01
8.428726978302002459e-01
8.512123045325279413e-01
8.576426421403884337e-01
8.545673725605010818e-01
8.567140486240386599e-01
8.530465920567512628e-01
8.492231510281562645e-01
8.519988312721252788e-01
8.495320734977722665e-01
8.532996523380279585e-01
8.531762050390243601e-01
8.397390636205672720e-01
8.471925781965256030e-01
8.448028669953345782e-01
8.565094153881073202e-01
8.511840783953666945e-01
8.507667649984359537e-01
8.473542213439941850e-01
8.574846314191818530e-01
8.528882927298545580e-01
8.472058942317962638e-01
8.483235667347908127e-01
8.474218230247497763e-01
8.480906493663787904e-01
8.570859733223915589e-01
8.499269068241119829e-01
8.451284388899803490e-01
8.514832372665405158e-01
8.378023761510848821e-01
8.472258092164993704e-01
8.422797151207923605e-01
8.438666625618934658e-01
8.344154257178306722e-01
8.386827191114425428e-01
8.358275042176246394e-01
8.415990339517593899e-01
8.458362404108047405e-01
8.403331859111785596e-01
8.393274699449538856e-01
8.413930845260619851e-01
