2.131385096311569249e+00
1.834891034841537483e+00
1.709388020277023301e+00
1.629725890874862637e+00
1.577309556484222330e+00
1.538774521589279187e+00
1.505471341609954772e+00
1.477600675582885659e+00
1.453095016479492241e+00
1.435891952514648517e+00
1.419364458322525113e+00
1.402587408065795849e+00
1.389947426795959506e+00
1.378043612480163604e+00
1.363300673007965091e+00
1.353785806655883883e+00
1.343184263586997940e+00
1.333326088428497425e+00
1.317537908911704969e+00
1.317405679941177299e+00
1.305740116715431220e+00
1.299556192636489804e+00
1.289482089519500718e+00
1.280880388021469196e+00
1.276956262826919541e+00
1.266262438416481118e+00
1.262050809383392425e+00
1.252281008839607246e+00
1.248657195091247507e+00
1.244496511697769092e+00
1.239558229804039069e+00
1.225682419419288571e+00
1.224272837877273590e+00
1.222535855650901837e+00
1.215531722545623694e+00
1.209529034376144452e+00
1.204734621644020010e+00
1.200158447861671362e+00
1.194791427373886217e+00
1.190996359586715680e+00
1.187035578370094324e+00
1.182026866078376814e+00
1.173770830750465288e+00
1.173006636381149326e+00
1.171091613054275449e+00
1.165281746506690919e+00
1.161527346253395043e+00
1.150306645512580772e+00
1.153257990479469308e+00
1.147215448379516500e+00
1.143452041983604506e+00
1.140959021210670388e+00
1.137202253460884105e+00
1.131584994912147479e+00
1.129337897539138824e+00
1.124586740136146457e+00
1.120596655964851474e+00
1.118102565288543682e+00
1.116917788267135725e+00
1.110302197217941211e+00
1.106642496466636594e+00
1.102903364300727773e+00
1.103017765522003257e+00
1.103362704396247951e+00
1.101171884417533775e+00
1.095026412129402216e+00
1.090664350748062228e+00
1.089464365720749006e+00
1.083200024127960237e+00
1.079411790609359656e+00
1.078685930728912279e+00
1.074559513449668824e+00
1.073340140938758847e+00
1.075439188957214354e+00
1.073015878319740324e+00
1.069215864896774226e+00
1.061628802895546064e+00
1.057091124176979147e+00
1.058251613616943310e+00
1.056668269872665489e+00
1.058806255340576152e+00
1.049684341192245407e+00
1.052083480596542442e+00
1.043720754861831690e+00
1.043609162449836703e+00
1.040793532252311637e+00
1.040279862165450986e+00
1.040262952685356179e+00
1.037002893090248179e+00
1.036140426516532820e+00
1.033649800062179658e+00
1.030581850886344908e+00
1.024729444622993535e+00
1.021853105545043938e+00
1.023336307644844068e+00
1.019413178324699354e+00
1.020783620238304046e+00
1.018169521927833499e+00
1.018067183494567818e+00
1.011767060041427690e+00
1.007811933040619001e+00
1.011917322635650596e+00
1.005549729824066096e+00
1.008118244051933399e+00
1.003099002718925492e+00
1.002015764594078151e+00
9.977069472074509004e-01
1.001996019959449757e+00
9.926426407098770666e-01
9.921871802806854213e-01
9.925650284290313818e-01
9.881447802782058476e-01
9.877688019275665532e-01
9.860108489990234704e-01
9.846716467142104801e-01
9.822172235250472561e-01
9.826468193531036066e-01
9.809995017051696964e-01
9.830289384126663643e-01
9.753284838199615114e-01
9.746981457471847188e-01
9.713021990060806132e-01
9.698022065162659189e-01
9.702171648740768317e-01
9.618343250751495432e-01
9.693848140239715860e-01
9.630053144693374589e-01
9.629789580106735691e-01
9.602980512380600020e-01
9.605426663160323564e-01
9.614492146968841579e-01
9.591763855218887747e-01
9.559385701417922876e-01
9.527225203514099183e-01
9.445696983337402708e-01
9.487032178640365521e-01
9.495905411243438232e-01
9.461947078704834313e-01
9.435927472114562509e-01
9.408926777839660138e-01
9.391346749067306376e-01
9.468043816089629638e-01
9.387967363595962622e-01
9.411440590620040458e-01
9.365215420722960982e-01
9.316037278175354208e-01
9.321805307865143053e-01
9.295758827924728296e-01
9.322222629785538173e-01
9.256581633090973371e-01
9.305243918895721444e-01
9.263400930166244551e-01
9.246175816059112318e-01
9.242473430633545428e-01
9.236174961328506017e-01
9.241506106853485392e-01
9.154822438955306785e-01
9.162914791107177326e-01
9.196884254217148058e-01
9.157409329414367694e-01
9.121900279521941712e-01
9.124479789733886959e-01
9.185683772563933980e-01
9.093433388471603429e-01
9.048843234777450562e-01
9.104840300083160143e-01
9.067977685928344522e-01
9.111360155344009337e-01
9.076796574592590483e-01
9.032864898443222490e-01
9.047165973186492849e-01
8.989062060117721797e-01
8.977163907289504863e-01
8.933626694679259739e-01
8.985397886037826964e-01
8.949442728757858179e-01
8.870577908754349039e-01
9.002623682022095064e-01
8.918976060152054020e-01
8.874630470275879368e-01
8.873660621643066904e-01
8.916720092296600564e-01
8.865492216348648258e-01
8.881487735509872028e-01
8.869331891536712531e-01
8.831319478750229157e-01
8.845692358016967738e-01
8.823342202901840459e-01
8.865006377696991180e-01
8.794864798784256532e-01
8.768757100105285529e-01
8.847356994152069110e-01
8.828844200372696349e-01
8.741042542457581055e-01
8.709403729438781605e-01
8.737348713874817374e-01
8.759381201267242290e-01
8.731698988676070972e-01
8.727036637067794311e-01
8.690319488048553476e-01
8.663833428621292576e-01
8.646799403429031861e-01
8.665918729305267521e-01
8.673574804067611943e-01
8.663991572856902801e-01
8.642322398424148178e-01
8.604453482627868466e-01
8.603086805343628241e-01
8.620014303922652887e-01
8.578293765783310265e-01
8.578854663372039724e-01
8.577777323722839409e-01
8.606479313373566198e-01
8.567917900085448846e-01
8.507544801235199516e-01
8.554148194789886750e-01
8.524341111779213387e-01
8.525427880287170801e-01
8.511595243811607148e-01
8.555847927331924341e-01
8.455898864269256743e-01
8.460324450731276924e-01
8.473060957193374598e-01
8.528367033004761177e-01
8.521228181123733370e-01
8.444185709953307972e-01
8.462363883256912578e-01
8.404542297124862893e-01
8.382194161415099654e-01
8.426498601436614999e-01
8.343952870368958052e-01
8.408167308568954557e-01
8.370268747806549614e-01
8.369041092395782533e-01
8.397815927863121477e-01
8.337192715406417376e-01
8.335959303379059104e-01
8.327183258533478183e-01
8.344647414684295272e-01
8.317954642772674712e-01
8.316257652044296567e-01
8.329877922534942858e-01
8.304491754770279011e-01
8.278711707592010249e-01
8.294844373464583809e-01
8.231886059045792070e-01
8.267459715604782433e-01
8.290363093614577794e-01
8.242927070260047673e-01
8.184913486242294534e-01
8.315082286596298111e-01
8.166219773292541229e-01
8.250889680385589120e-01
8.212851934432983114e-01
8.179866459369659060e-01
8.208546652793884402e-01
8.157489613294601760e-01
8.121487120389938585e-01
8.166136447191237879e-01
8.189753479957581073e-01
8.100632522106170352e-01
8.158611953258514404e-01
8.114821560382843302e-01
8.092332048416137624e-01
8.075255829095840943e-01
8.119215085506439333e-01
8.130589839220047077e-01
8.049622925519943628e-01
8.145106099247932940e-01
8.071169711351394715e-01
8.074095047712326334e-01
8.032238303422928327e-01
8.032176803350448147e-01
8.072907618284225206e-01
8.021332229375839340e-01
8.007632646560668421e-01
7.987447351217269453e-01
7.993447282314301017e-01
8.007561627626419432e-01
7.984712080955504998e-01
8.000303349494933824e-01
8.029338312149048029e-01
7.997801125049590620e-01
7.947494828701019420e-01
7.906513139009475610e-01
7.997226204872130984e-01
7.970815669894218969e-01
7.923723969459534056e-01
7.936102089285850258e-01
7.864215712547302228e-01
7.927455161809920936e-01
7.883539345264435338e-01
7.897466026544570639e-01
7.849687359929085062e-01
7.931635833978653016e-01
7.863562806844711650e-01
7.889508250951766666e-01
7.839695019721985014e-01
7.897590781450272157e-01
7.851197685003280524e-01
7.927567654848098888e-01
7.827045582532882184e-01
7.850183612704276781e-01
7.844173882603645565e-01
7.840233800411224863e-01
7.811415774822234592e-01
7.778177584409713408e-01
7.811430053710937127e-01
7.797849663496017047e-01
7.782855089902878110e-01
7.782468405961990854e-01
7.781880804300308485e-01
7.771310304403304947e-01
7.743119397163391593e-01
7.752774399518966852e-01
7.761550484895706203e-01
7.729070974588394538e-01
7.751886473298073010e-01
7.721534909009933889e-01
7.746492458581923923e-01
7.726488270759582777e-01
7.726738934516906854e-01
7.696250033378601030e-01
7.690866174101829156e-01
7.731580055952071984e-01
7.644180098772048737e-01
7.699050320386886526e-01
7.694282049536704804e-01
7.672547797560691496e-01
7.624146296977997173e-01
7.663203813433646650e-01
7.647062912583351135e-01
7.690950260162353613e-01
7.634073179960251254e-01
7.603998791575431460e-01
7.638338503241538513e-01
7.631937578916550002e-01
7.691553657054901461e-01
7.638106536865234553e-01
7.617511481642723625e-01
7.598630593419074541e-01
7.607434948682785247e-01
7.555687664151191640e-01
7.592943651676178352e-01
7.580673339962958890e-01
7.536612513661384849e-01
7.521349520683288103e-01
7.513879532814026208e-01
7.600857419967651518e-01
7.574904530644416267e-01
7.541562913060188000e-01
7.518435882329941311e-01
7.472396816611289738e-01
7.531489265561104318e-01
7.517404521107673432e-01
7.488438099026679673e-01
7.496895599365234197e-01
7.427049975395202397e-01
7.543201018571853433e-01
7.528759692907333045e-01
7.507279028892517303e-01
7.431132408380508592e-01
7.524973143935203002e-01
7.461550406813621805e-01
7.458213138580321866e-01
7.467064034938811767e-01
7.426198660731315737e-01
7.384650216102600639e-01
7.470547003149986542e-01
7.406927044391632409e-01
7.450820908546448296e-01
7.477968361973762468e-01
7.456050456166267715e-01
7.345891850590705596e-01
7.455456022024155027e-01
7.366546770930290089e-01
7.441459063291550047e-01
7.390415881872176573e-01
7.366858369708061405e-01
7.304262461066246548e-01
7.384680045843123875e-01
7.387605543136597230e-01
7.447279998064041395e-01
7.420368342995643518e-01
7.429042346477509051e-01
7.341929877996444809e-01
7.373293441534042314e-01
7.302365737557411363e-01
7.334442810416221814e-01
7.338482753634453237e-01
7.294495790004730251e-01
7.322314540147781825e-01
7.356294177770614784e-01
7.364320730566978890e-01
7.330043076872825303e-01
7.351725298166275069e-01
7.304008620977401334e-01
7.329343532919884163e-01
7.263227993845939867e-01
7.300130480527877719e-01
7.313673636913299303e-01
7.290419484972954223e-01
7.328348646759986762e-01
7.258483966588974434e-01
7.235440641641617265e-01
7.248204495906830358e-01
7.258690188527107123e-01
7.234112474322319519e-01
7.193636276721954159e-01
7.273051076531410475e-01
7.281669440269470384e-01
7.209252995252609653e-01
7.198054941296577747e-01
7.254055095911026152e-01
7.170982931852341036e-01
7.141886579394340906e-01
7.199603093266486731e-01
7.200194053053855514e-01
7.191199650764464879e-01
7.105739549398422117e-01
7.142912977933884022e-01
7.147602047324180807e-01
7.132230509519577044e-01
7.181593307852744967e-01
7.241887748837471106e-01
7.150814351439476191e-01
7.126074494719505381e-01
7.128518543243408390e-01
7.149135238528251390e-01
7.124444388151168761e-01
7.134145250916481551e-01
7.120497027635573906e-01
7.146919497251510434e-01
7.175327467322349939e-01
7.132552779912948449e-01
7.114797508716583785e-01
7.140712068676948743e-01
7.072777483463287274e-01
7.082464364767074860e-01
7.038747469186782402e-01
7.083373132944107420e-01
7.091275117397308758e-01
7.069759843945503386e-01
6.990365167260169654e-01
7.068239625096320866e-01
7.070868108868598734e-01
7.049108822345733216e-01
7.073200038671493273e-01
7.048249657750129682e-01
7.050263177752494892e-01
7.061323058009147946e-01
7.054828897118567976e-01
7.035092378854751471e-01
7.077605240345000714e-01
6.980181593894958514e-01
7.030198332071304623e-01
7.051468018889427425e-01
7.019088913798332552e-01
6.986924193501472535e-01
6.975248974561690796e-01
7.016140429377555332e-01
7.024279025793075393e-01
6.934309682250022755e-01
6.979442033171653348e-01
7.077646307945251181e-01
7.017564855217933717e-01
6.994189969301223275e-01
7.008605564832687262e-01
7.003693842887878107e-01
6.890812702775001020e-01
6.951904516220093200e-01
6.965728399753570166e-01
6.974469868540763562e-01
6.936480872631073380e-01
6.963699494600296136e-01
6.886171106100081873e-01
6.986383063793182302e-01
6.929772210121154519e-01
6.968041334152221822e-01
6.951454150676726895e-01
6.911795108318329328e-01
6.905053380727768086e-01
6.913939475417136826e-01
6.873220021128654267e-01
6.886704693436622726e-01
6.846979098916053941e-01
6.843915233016013566e-01
6.849622872471808899e-01
6.885751074552536322e-01
6.858293111920357177e-01
6.863903796672821134e-01
6.851931958198547168e-01
6.872920090556144945e-01
6.861526979804039028e-01
6.893864526748657573e-01
6.813986448645591443e-01
6.839276463985443089e-01
6.837886992692947530e-01
6.844050232768058573e-01
6.845527146458625367e-01
