1.802184799194335829e+00
1.621371096611022855e+00
1.566123417377471849e+00
1.524963024139404322e+00
1.492749617099762061e+00
1.467412087440490787e+00
1.448462952613830623e+00
1.426511210203170732e+00
1.407078042984008848e+00
1.396362344980239811e+00
1.380450546741485596e+00
1.368450302362441917e+00
1.356223136186599731e+00
1.351709473848342835e+00
1.333497114181518617e+00
1.327032138586044407e+00
1.313338534116744949e+00
1.310556013226509053e+00
1.297529065847396801e+00
1.288634624123573325e+00
1.274850400686263985e+00
1.274175441980361922e+00
1.267655795335769664e+00
1.261187456607818502e+00
1.251288738012313884e+00
1.244333519220352180e+00
1.241970752000808753e+00
1.232618857026100079e+00
1.231844004154205363e+00
1.224128184437751843e+00
1.218379759311676080e+00
1.214114937305450503e+00
1.203324574589729412e+00
1.202924735426902814e+00
1.192266018986702036e+00
1.192461162805557251e+00
1.187167448520660473e+00
1.175288947463035694e+00
1.176659071564674308e+00
1.169593495488166823e+00
1.170263856291770876e+00
1.165332440614700316e+00
1.159783978104591329e+00
1.154990384101867607e+00
1.144927573084831174e+00
1.142563615560531654e+00
1.141229651927947897e+00
1.136978768825531061e+00
1.131107540845871062e+00
1.130019770503044141e+00
1.120342441082000651e+00
1.124119955778121849e+00
1.112196396231651230e+00
1.112921030163764868e+00
1.107800168871879487e+00
1.099282170295715400e+00
1.097672891378402626e+00
1.097015289545059114e+00
1.091127783417701780e+00
1.086744348883628808e+00
1.080323374509811307e+00
1.078918642759323143e+00
1.076522047877311650e+00
1.069806275248527561e+00
1.072804138422012388e+00
1.066533717632293765e+00
1.056190000534057649e+00
1.058670152664184627e+00
1.062041517376899780e+00
1.049491914272308257e+00
1.053297977685928366e+00
1.048737390041351247e+00
1.038854360222816409e+00
1.036464089393615673e+00
1.039318678975105215e+00
1.032055987358093230e+00
1.030976165294647195e+00
1.028540792703628526e+00
1.029330680608749438e+00
1.016929715156555281e+00
1.020067403912544357e+00
1.013332313537597562e+00
1.015379298090934856e+00
1.014255057811737082e+00
1.004440670251846246e+00
1.007403450131416411e+00
9.993239078521728436e-01
9.927867298126220597e-01
9.935015909671783829e-01
9.926115282773971815e-01
9.917210990190505893e-01
9.915375353097916067e-01
9.815765972137451278e-01
9.779471884965896811e-01
9.822036446332931270e-01
9.774369986057281912e-01
9.711965876817703069e-01
9.713091722726822086e-01
9.683876656293869400e-01
9.708258291482925184e-01
9.672739125490188439e-01
9.611730434894562025e-01
9.512933555841446287e-01
9.591582815647125004e-01
9.516337840557098637e-01
9.512670251131057908e-01
9.500541249513626552e-01
9.481388562917709706e-01
9.453445874452590658e-01
9.428702281713485789e-01
9.369990819692611828e-01
9.396728597879410172e-01
9.366412602663040099e-01
9.352694077491759961e-01
9.277695628404617478e-01
9.242041188478470337e-01
9.278705818653106840e-01
9.225632408857346034e-01
9.230458172559737884e-01
9.163668497800826485e-01
9.168153632879256776e-01
9.149138870239257315e-01
9.206428387165069838e-01
9.057831782102584439e-01
9.068710180521011299e-01
9.117532383203506008e-01
8.983499670028686213e-01
9.018228762149810285e-01
8.992260606288909885e-01
8.964153066873550291e-01
8.887228859663010017e-01
8.931420160531997610e-01
8.855917433500289926e-01
8.871789710521698069e-01
8.868467696905135700e-01
8.894072952270507537e-01
8.811358684301375810e-01
8.814491739273071502e-01
8.821372545957565370e-01
8.771171753406524774e-01
8.738147157430649070e-01
8.769230804443359784e-01
8.708575732707977135e-01
8.701977231502533439e-01
8.669107089042663583e-01
8.627151043415069998e-01
8.532205272912979366e-01
8.639704977273940933e-01
8.626138752698898626e-01
8.576917943954467383e-01
8.614609966278076181e-01
8.584590307474135873e-01
8.574812607765197603e-01
8.506300950050353915e-01
8.470612047910690556e-01
8.450751426219940132e-01
8.548873583078384630e-01
8.389595302343368921e-01
8.415110257863998022e-01
8.466878226995467882e-01
8.369904282093048042e-01
8.326871575117110735e-01
8.397126650810241566e-01
8.361208108663559235e-01
8.340356594324112027e-01
8.395660648345947275e-01
8.338722857236862129e-01
8.303907538652419706e-01
8.232079048156738521e-01
8.262823610901832705e-01
8.224057468771934776e-01
8.247582521438598935e-01
8.229598112702369850e-01
8.243364025354384950e-01
8.151615626811981041e-01
8.180543820261955146e-01
8.066676336526871216e-01
8.095673534870148069e-01
8.131695183515548209e-01
8.059204964637756152e-01
8.003832334876060939e-01
8.030000874996184868e-01
7.986787396073341538e-01
7.970751121044158394e-01
8.047830126285553387e-01
7.954094058275222867e-01
7.974060565233230813e-01
8.011542810201645048e-01
7.884506226778030813e-01
7.919625642895699036e-01
7.969165356159210178e-01
7.924087473750114352e-01
7.874503647089003966e-01
7.945068984031676829e-01
7.838644089102745349e-01
7.909186204075813187e-01
7.838212695717811096e-01
7.837121843099593699e-01
7.851292476654052610e-01
7.849812120199203269e-01
7.752159559726714555e-01
7.812337982654571356e-01
7.785207302570342769e-01
7.776415128707885316e-01
7.741732939481734688e-01
7.744689282178879308e-01
7.684920903444290019e-01
7.731591804027557746e-01
7.664077729582786658e-01
7.672427924275397881e-01
7.612949183583259671e-01
7.688199174404144465e-01
7.664840475320816582e-01
7.679012066125869840e-01
7.619655205607414050e-01
7.576475201845168650e-01
7.585304158926010620e-01
7.580333662629127334e-01
7.594804023504256874e-01
7.527165957689285758e-01
7.549421284794807230e-01
7.582506825327872679e-01
7.492967147827148677e-01
7.402550359368323951e-01
7.515765262246132394e-01
7.425847980976104656e-01
7.461226428747177453e-01
7.513656648993491949e-01
7.490484447479247576e-01
7.387614356875419341e-01
7.419426642060279464e-01
7.387448763847350719e-01
7.369396921396255129e-01
7.389091572165489286e-01
7.294276425838470690e-01
7.392577120065688678e-01
7.330883991122245646e-01
7.350903269648552119e-01
7.400933836102485675e-01
7.298486539125442762e-01
7.348325208425522392e-01
7.280157614946365374e-01
7.263563656806946156e-01
7.236319871544838467e-01
7.322997834086417690e-01
7.194238216876983616e-01
7.284350512027740754e-01
7.235043131113052528e-01
7.243032613992691493e-01
7.246239355802536197e-01
7.224299226403236851e-01
7.223677847981453404e-01
7.160566690564155179e-01
7.150710634589195758e-01
7.144859413504600631e-01
7.244219883084297429e-01
7.139652866721153401e-01
7.102523484826087641e-01
7.099819948673248282e-01
7.041983826160430615e-01
7.087779333591460729e-01
7.148458492755890292e-01
7.122960808873176619e-01
7.077880948781967163e-01
7.060613895058631684e-01
6.982949745655059326e-01
7.029688792824745347e-01
7.060907787084579335e-01
7.004893909692764264e-01
7.045175811052322157e-01
7.018139228820801101e-01
6.981649014353752403e-01
6.946162438392639027e-01
7.016602088212966493e-01
6.972600038051605109e-01
6.942068471312522471e-01
6.982488029003143248e-01
6.936645443439484193e-01
6.960752174854278884e-01
6.955656563639640577e-01
6.924257672429084964e-01
6.934974760413169514e-01
6.879673184752463921e-01
6.897663071155547554e-01
6.849342895150184463e-01
6.868750764131545949e-01
6.849585448503494600e-01
6.897290021777152669e-01
6.839092383980751588e-01
6.791723310351371889e-01
6.854004692435264889e-01
6.799551932215690542e-01
6.862023362517356562e-01
6.720781893730163326e-01
6.822124231457710186e-01
6.851848080754280312e-01
6.825035405158996760e-01
6.757819203138351050e-01
6.813531664609908667e-01
6.801108138561249294e-01
6.752405637502669755e-01
6.700383059978485267e-01
6.703409333825111061e-01
6.689917507171631028e-01
6.690036157369613212e-01
6.670740829706192088e-01
6.761978898048400799e-01
6.673273493051529170e-01
6.684864307641983361e-01
6.663080201148986470e-01
6.635693182349204911e-01
6.659485186934470669e-01
6.684110502004623200e-01
6.587682297825813160e-01
6.657368869185448235e-01
6.636548267602920825e-01
6.626013079881668544e-01
6.569760206341743736e-01
6.536492471694945738e-01
6.642032051086426137e-01
6.615530694723129601e-01
6.619705957770347649e-01
6.548161281943321033e-01
6.569711490273475452e-01
6.550882886648178305e-01
6.587293512821197350e-01
6.559227907657623202e-01
6.473651407957077275e-01
6.588816493749618530e-01
6.576972042322158929e-01
6.570118502378463621e-01
6.455055579543114153e-01
6.466609231829643090e-01
6.461909165382385689e-01
6.532670851349831054e-01
6.499031479954719970e-01
6.452702248692512299e-01
6.414114935398101958e-01
6.561301211714745119e-01
6.443475889563560211e-01
6.485378620028495744e-01
6.404618493914604471e-01
6.452343093752861414e-01
6.395239713788032354e-01
6.449516581892966727e-01
6.390549514293670796e-01
6.420239028334617792e-01
6.317295449972152310e-01
6.400248707532882886e-01
6.366871155500412049e-01
6.356172117590904724e-01
6.349522839188576073e-01
6.423411953449249534e-01
6.356901193857192878e-01
6.344879865050315759e-01
6.382057933807373518e-01
6.337793124914169463e-01
6.315900563001632939e-01
6.375777472257614376e-01
6.322236278057098424e-01
6.260558443069458301e-01
6.347182993292808106e-01
6.309206143617630547e-01
6.356987842321395465e-01
6.189041848182678107e-01
6.306283422112465287e-01
6.279199814796447843e-01
6.318687640428543029e-01
6.289582128524779936e-01
6.224817588329315532e-01
6.196883422732353264e-01
6.290647680163383715e-01
6.321295335292815842e-01
6.184304170012474566e-01
6.186476467251778022e-01
6.161822004318237012e-01
6.195517446994781574e-01
6.142189841866493305e-01
6.203715767860412678e-01
6.173986219167709733e-01
6.200536808371543973e-01
6.133953284621238566e-01
6.181032612919807878e-01
6.234449786543846406e-01
6.119505653977393989e-01
6.160238910913466981e-01
6.098950484991073617e-01
6.248331753611564565e-01
6.143229560852050408e-01
6.091590664982795555e-01
6.212540342807769678e-01
6.060405271053314058e-01
6.161966510415076703e-01
6.193285144567489686e-01
6.134813432097434571e-01
6.116036708950995937e-01
6.102653467655181352e-01
6.109562137126922643e-01
6.082456279993057047e-01
6.102628037333488464e-01
6.047784138917923213e-01
6.016030300855637059e-01
6.025242339968681637e-01
6.099537671804428074e-01
6.035575267970562097e-01
6.006152189970016542e-01
5.930085994005203087e-01
6.045492829680443325e-01
6.054733138680458149e-01
5.954386671185493141e-01
5.964445013999939427e-01
6.029253630638122807e-01
6.070651036500930298e-01
5.968579708933829941e-01
5.972116635441779842e-01
6.079972879290580501e-01
6.014564551711082396e-01
6.035291144847869660e-01
5.962873461842537193e-01
5.953059538006783002e-01
5.866467002630233463e-01
6.038266217708587735e-01
5.892055572867394009e-01
5.981822371482848899e-01
5.941719731688499540e-01
5.918955904841423088e-01
5.949953403472900693e-01
5.963582002520561032e-01
5.987941206097603386e-01
5.939399975538254273e-01
5.906651795506477898e-01
5.879649084210395449e-01
5.906022049188613954e-01
5.896952663660048888e-01
5.913297466635704103e-01
5.852318188548087941e-01
5.901402030587196146e-01
5.914491079449654132e-01
5.883433402776717669e-01
5.933780976533890028e-01
5.858767338991165419e-01
5.777619569897651797e-01
5.845408005714416433e-01
5.850883828401565179e-01
5.836883442401885613e-01
5.879476868510246090e-01
5.886113048791885571e-01
5.880451434254646559e-01
5.877054098248482017e-01
5.875092434287071397e-01
5.754014047384261588e-01
5.773561868071556136e-01
5.824303130507468840e-01
5.812324452400207120e-01
5.821920325160026000e-01
5.819922442436218368e-01
5.819181377887725493e-01
5.788316518664360366e-01
5.780065028071403876e-01
5.784811534285545509e-01
5.746239386796950788e-01
5.785609565377235475e-01
5.752613989114760962e-01
5.819768043160438165e-01
5.771076772809028421e-01
5.731718512773513741e-01
5.739666516184807055e-01
5.766915149688720543e-01
5.696082136631012149e-01
5.720804254412651391e-01
5.730214182734489903e-01
5.697443581819534586e-01
5.706706293821335318e-01
5.705877828598022727e-01
5.703155727982520684e-01
5.724261463880538914e-01
5.639153623580932528e-01
5.719314448237419191e-01
5.684886424541473193e-01
5.683640472888946693e-01
5.692792711853981169e-01
5.619664768576622116e-01
5.737285522222519418e-01
5.693141521215439038e-01
5.544150762557983336e-01
5.646198194622993327e-01
5.701028845310210924e-01
5.639723395705222853e-01
5.681586530208587726e-01
5.637752522230148333e-01
5.623522471785545873e-01
5.644785823225975108e-01
5.641867348551750094e-01
5.665760872364044021e-01
5.618118261098861144e-01
5.638347619771957309e-01
5.688921145200729335e-01
5.489312123656272524e-01
5.620071390271186296e-01
5.665511645078659120e-01
