3.514199852943420410e-01
4.214999973773956299e-01
4.430600106716156006e-01
4.562599956989288330e-01
4.681999981403350830e-01
4.770799875259399414e-01
4.858599901199340820e-01
4.905000030994415283e-01
4.980599880218505859e-01
5.033800005912780762e-01
5.049200057983398438e-01
5.117400288581848145e-01
5.164800286293029785e-01
5.167199969291687012e-01
5.236200094223022461e-01
5.264199972152709961e-01
5.302600264549255371e-01
5.320000052452087402e-01
5.345199704170227051e-01
5.404199957847595215e-01
5.442199707031250000e-01
5.440400242805480957e-01
5.457999706268310547e-01
5.493199825286865234e-01
5.549799799919128418e-01
5.531799793243408203e-01
5.564799904823303223e-01
5.583400130271911621e-01
5.600200295448303223e-01
5.623599886894226074e-01
5.663800239562988281e-01
5.645800232887268066e-01
5.692999958992004395e-01
5.687599778175354004e-01
5.738999843597412109e-01
5.723599791526794434e-01
5.771200060844421387e-01
5.808200240135192871e-01
5.796800255775451660e-01
5.813199877738952637e-01
5.827800035476684570e-01
5.832399725914001465e-01
5.852000117301940918e-01
5.863000154495239258e-01
5.910400152206420898e-01
5.904399752616882324e-01
5.902799963951110840e-01
5.925599932670593262e-01
5.967400074005126953e-01
5.952200293540954590e-01
5.979400277137756348e-01
5.974799990653991699e-01
6.025599837303161621e-01
5.996199846267700195e-01
6.025800108909606934e-01
6.054400205612182617e-01
6.060799956321716309e-01
6.046400070190429688e-01
6.103199720382690430e-01
6.113600134849548340e-01
6.156600117683410645e-01
6.129800081253051758e-01
6.143400073051452637e-01
6.169199943542480469e-01
6.155200004577636719e-01
6.189399957656860352e-01
6.196200251579284668e-01
6.217600107192993164e-01
6.187599897384643555e-01
6.223800182342529297e-01
6.212999820709228516e-01
6.239600181579589844e-01
6.271399855613708496e-01
6.282399892807006836e-01
6.280999779701232910e-01
6.297799944877624512e-01
6.323199868202209473e-01
6.295800209045410156e-01
6.291199922561645508e-01
6.343200206756591797e-01
6.358600258827209473e-01
6.377199888229370117e-01
6.376000046730041504e-01
6.366400122642517090e-01
6.398599743843078613e-01
6.380000114440917969e-01
6.435800194740295410e-01
6.434400081634521484e-01
6.431999802589416504e-01
6.456199884414672852e-01
6.425799727439880371e-01
6.475600004196166992e-01
6.472799777984619141e-01
6.498200297355651855e-01
6.481199860572814941e-01
6.502000093460083008e-01
6.486200094223022461e-01
6.501799821853637695e-01
6.530600190162658691e-01
6.517800092697143555e-01
6.521199941635131836e-01
6.537399888038635254e-01
6.582000255584716797e-01
6.552199721336364746e-01
6.592199802398681641e-01
6.606799960136413574e-01
6.591600179672241211e-01
6.599599719047546387e-01
6.614800095558166504e-01
6.608399748802185059e-01
6.639999747276306152e-01
6.622200012207031250e-01
6.638600230216979980e-01
6.642199754714965820e-01
6.657000184059143066e-01
6.690400242805480957e-01
6.656799912452697754e-01
6.697000265121459961e-01
6.679999828338623047e-01
6.711999773979187012e-01
6.706200242042541504e-01
6.698200106620788574e-01
6.675400137901306152e-01
6.726800203323364258e-01
6.736599802970886230e-01
6.709399819374084473e-01
6.772999763488769531e-01
6.763200163841247559e-01
6.752399802207946777e-01
6.782400012016296387e-01
6.815000176429748535e-01
6.802800297737121582e-01
6.815400123596191406e-01
6.812999844551086426e-01
6.812000274658203125e-01
6.838200092315673828e-01
6.836400032043457031e-01
6.818199753761291504e-01
6.809399724006652832e-01
6.874799728393554688e-01
6.861000061035156250e-01
6.841199994087219238e-01
6.895999908447265625e-01
6.886600255966186523e-01
6.896399855613708496e-01
6.911000013351440430e-01
6.932799816131591797e-01
6.909800171852111816e-01
6.890000104904174805e-01
6.918399930000305176e-01
6.903600096702575684e-01
6.919400095939636230e-01
6.913800239562988281e-01
6.942999958992004395e-01
6.970000267028808594e-01
6.963199973106384277e-01
6.952800154685974121e-01
6.979399919509887695e-01
6.974200010299682617e-01
6.983600258827209473e-01
6.999599933624267578e-01
7.007600069046020508e-01
6.994400024414062500e-01
7.000399827957153320e-01
7.003999948501586914e-01
6.973400115966796875e-01
7.007399797439575195e-01
7.005000114440917969e-01
7.034999728202819824e-01
7.029200196266174316e-01
7.035199999809265137e-01
7.032200098037719727e-01
7.039600014686584473e-01
7.049000263214111328e-01
7.059599757194519043e-01
7.074400186538696289e-01
7.107999920845031738e-01
7.110400199890136719e-01
7.078400254249572754e-01
7.120400071144104004e-01
7.124199867248535156e-01
7.131199836730957031e-01
7.135400176048278809e-01
7.156999707221984863e-01
7.092199921607971191e-01
7.141799926757812500e-01
7.152000069618225098e-01
7.121599912643432617e-01
7.168599963188171387e-01
7.155600190162658691e-01
7.138599753379821777e-01
7.146199941635131836e-01
7.178000211715698242e-01
7.170799970626831055e-01
7.182599902153015137e-01
7.150400280952453613e-01
7.179600000381469727e-01
7.207000255584716797e-01
7.174599766731262207e-01
7.191399931907653809e-01
7.190799713134765625e-01
7.196000218391418457e-01
7.214999794960021973e-01
7.220799922943115234e-01
7.219200134277343750e-01
7.214999794960021973e-01
7.250999808311462402e-01
7.241200208663940430e-01
7.228199839591979980e-01
7.232000231742858887e-01
7.255399823188781738e-01
7.254800200462341309e-01
7.257199883460998535e-01
7.247999906539916992e-01
7.289400100708007812e-01
7.267400026321411133e-01
7.271400094032287598e-01
7.264199852943420410e-01
7.275599837303161621e-01
7.311199903488159180e-01
7.307999730110168457e-01
7.276800274848937988e-01
7.312200069427490234e-01
7.330999970436096191e-01
7.282800078392028809e-01
7.318999767303466797e-01
7.348600029945373535e-01
7.327399849891662598e-01
7.324600219726562500e-01
7.355399727821350098e-01
7.370799779891967773e-01
7.359399795532226562e-01
7.356399893760681152e-01
7.350400090217590332e-01
7.361400127410888672e-01
7.335799932479858398e-01
7.360399961471557617e-01
7.361400127410888672e-01
7.344999909400939941e-01
7.385799884796142578e-01
7.371000051498413086e-01
7.387599945068359375e-01
7.411999702453613281e-01
7.423599958419799805e-01
7.355399727821350098e-01
7.433400154113769531e-01
7.392600178718566895e-01
7.410399913787841797e-01
7.407799959182739258e-01
7.417799830436706543e-01
7.424799799919128418e-01
7.401999831199645996e-01
7.469199895858764648e-01
7.416399717330932617e-01
7.432600259780883789e-01
7.411599755287170410e-01
7.446399927139282227e-01
7.458199858665466309e-01
7.476599812507629395e-01
7.473000288009643555e-01
7.468799948692321777e-01
7.465999722480773926e-01
7.461000084877014160e-01
7.461599707603454590e-01
7.467600107192993164e-01
7.521600127220153809e-01
7.503600120544433594e-01
7.493000030517578125e-01
7.482799887657165527e-01
7.484800219535827637e-01
7.488399744033813477e-01
7.495999932289123535e-01
7.526800036430358887e-01
7.512800097465515137e-01
7.508199810981750488e-01
7.537999749183654785e-01
7.485399842262268066e-01
7.533800005912780762e-01
7.501199841499328613e-01
7.502599954605102539e-01
7.521200180053710938e-01
7.528200149536132812e-01
7.554000020027160645e-01
7.534400224685668945e-01
7.577999830245971680e-01
7.537000179290771484e-01
7.551800012588500977e-01
7.535200119018554688e-01
7.577999830245971680e-01
7.588199973106384277e-01
7.564600110054016113e-01
7.573800086975097656e-01
7.548199892044067383e-01
7.602999806404113770e-01
7.570599913597106934e-01
7.559800148010253906e-01
7.560600042343139648e-01
7.593799829483032227e-01
7.581599950790405273e-01
7.577999830245971680e-01
7.606400251388549805e-01
7.600799798965454102e-01
7.619000077247619629e-01
7.624999880790710449e-01
7.626399993896484375e-01
7.636799812316894531e-01
7.599200010299682617e-01
7.620800137519836426e-01
7.622399926185607910e-01
7.646999955177307129e-01
7.648800015449523926e-01
7.654799818992614746e-01
7.617800235748291016e-01
7.663999795913696289e-01
7.633600234985351562e-01
7.655799984931945801e-01
7.647399902343750000e-01
7.667599916458129883e-01
7.682600021362304688e-01
7.646200060844421387e-01
7.666800022125244141e-01
7.649400234222412109e-01
7.652000188827514648e-01
7.657799720764160156e-01
7.679200172424316406e-01
7.667999863624572754e-01
7.685800194740295410e-01
7.687199711799621582e-01
7.653200030326843262e-01
7.639200091361999512e-01
7.649599909782409668e-01
7.696599960327148438e-01
7.698000073432922363e-01
7.702999711036682129e-01
7.691799998283386230e-01
7.699800133705139160e-01
7.709800004959106445e-01
7.720999717712402344e-01
7.668200135231018066e-01
7.712799906730651855e-01
7.679200172424316406e-01
7.733200192451477051e-01
7.707800269126892090e-01
7.728999853134155273e-01
7.709800004959106445e-01
7.736799716949462891e-01
7.725999951362609863e-01
7.740799784660339355e-01
7.746199965476989746e-01
7.753999829292297363e-01
7.739599943161010742e-01
7.746599912643432617e-01
7.741400003433227539e-01
7.746800184249877930e-01
7.752199769020080566e-01
7.736200094223022461e-01
7.734199762344360352e-01
7.758399844169616699e-01
7.755200266838073730e-01
7.771400213241577148e-01
7.775599956512451172e-01
7.756800055503845215e-01
7.784399986267089844e-01
7.768800258636474609e-01
7.796800136566162109e-01
7.793200016021728516e-01
7.783399820327758789e-01
7.764800190925598145e-01
7.778800129890441895e-01
7.798399925231933594e-01
7.824199795722961426e-01
7.746599912643432617e-01
7.766199707984924316e-01
7.802399992942810059e-01
7.796199917793273926e-01
7.813799977302551270e-01
7.804800271987915039e-01
7.828999757766723633e-01
7.812799811363220215e-01
7.820600271224975586e-01
7.813799977302551270e-01
7.813799977302551270e-01
7.826399803161621094e-01
7.791399955749511719e-01
7.834600210189819336e-01
7.824599742889404297e-01
7.826600074768066406e-01
7.788000106811523438e-01
7.817400097846984863e-01
7.852200269699096680e-01
7.825800180435180664e-01
7.856199741363525391e-01
7.835599780082702637e-01
7.804999947547912598e-01
7.834799885749816895e-01
7.832800149917602539e-01
7.827600240707397461e-01
7.850999832153320312e-01
7.874799966812133789e-01
7.845000028610229492e-01
7.875000238418579102e-01
7.880200147628784180e-01
7.876999974250793457e-01
7.843800187110900879e-01
7.881199717521667480e-01
7.898600101470947266e-01
7.900199890136718750e-01
7.875400185585021973e-01
7.876799702644348145e-01
7.885000109672546387e-01
7.893999814987182617e-01
7.883200049400329590e-01
7.849000096321105957e-01
7.883399724960327148e-01
7.888200283050537109e-01
7.866200208663940430e-01
7.876200079917907715e-01
7.874799966812133789e-01
7.910199761390686035e-01
7.896800041198730469e-01
7.919600009918212891e-01
7.889599800109863281e-01
7.916799783706665039e-01
7.877799868583679199e-01
7.915599942207336426e-01
7.912399768829345703e-01
7.910599708557128906e-01
7.902600169181823730e-01
7.895600199699401855e-01
7.914000153541564941e-01
7.912799715995788574e-01
7.933200001716613770e-01
7.916399836540222168e-01
7.925999760627746582e-01
7.930600047111511230e-01
7.937200069427490234e-01
7.935400009155273438e-01
7.932800054550170898e-01
7.916200160980224609e-01
7.914800047874450684e-01
7.932800054550170898e-01
7.952200174331665039e-01
7.928599715232849121e-01
7.974200248718261719e-01
7.956600189208984375e-01
7.934399843215942383e-01
7.936400175094604492e-01
7.951200008392333984e-01
7.941600084304809570e-01
7.953799962997436523e-01
7.964400053024291992e-01
7.968199849128723145e-01
7.977600097656250000e-01
7.947199940681457520e-01
7.954599857330322266e-01
7.954000234603881836e-01
7.963799834251403809e-01
7.979400157928466797e-01
7.978600263595581055e-01
7.969400286674499512e-01
7.989599704742431641e-01
7.973799705505371094e-01
7.976800203323364258e-01
7.978000044822692871e-01
7.956200242042541504e-01
8.010600209236145020e-01
7.987400293350219727e-01
7.973399758338928223e-01
7.986199855804443359e-01
7.973799705505371094e-01
7.994199991226196289e-01
7.998200058937072754e-01
7.992200255393981934e-01
8.005999922752380371e-01
8.005800247192382812e-01
7.991399765014648438e-01
8.046799898147583008e-01
7.986400127410888672e-01
8.008199930191040039e-01
8.015800118446350098e-01
7.995600104331970215e-01
8.020600080490112305e-01
8.004999756813049316e-01
7.997199892997741699e-01
8.062999844551086426e-01
8.021600246429443359e-01
8.003600239753723145e-01
8.010799884796142578e-01
8.036800026893615723e-01
8.035399913787841797e-01
8.030400276184082031e-01
8.021600246429443359e-01
8.037999868392944336e-01
7.996000051498413086e-01
8.044599890708923340e-01
8.040400147438049316e-01
8.010799884796142578e-01
8.076800107955932617e-01
8.030599951744079590e-01
7.997199892997741699e-01
