2.303108665466308658e+00
2.302164273738861233e+00
2.301509586811065766e+00
2.300642959594726644e+00
2.298050080299377296e+00
2.287827498435974327e+00
2.189501208782195896e+00
2.082416150808334532e+00
2.023615321159362601e+00
1.981977854490280189e+00
1.942059893369674661e+00
1.905619183301925590e+00
1.867469502687454153e+00
1.837284650564193766e+00
1.815024645805358938e+00
1.788013406276702799e+00
1.761083013534545882e+00
1.738563779115676944e+00
1.720053146600723171e+00
1.703409348726272476e+00
1.684050027132034222e+00
1.674377775192260831e+00
1.657791350603103675e+00
1.641592601060867240e+00
1.631995962381362908e+00
1.620877799034118549e+00
1.608650264501571669e+00
1.600908721446991034e+00
1.592456865549087608e+00
1.585460650444030728e+00
1.571856894016265827e+00
1.561758529424667419e+00
1.556382499456405721e+00
1.549175164937973026e+00
1.542859628915786763e+00
1.542414338350295955e+00
1.523527934551238916e+00
1.521381757259368861e+00
1.512360577583312882e+00
1.506108401775360095e+00
1.502491072416305640e+00
1.500085693120956520e+00
1.492926134824752893e+00
1.484137582778930708e+00
1.478854868888854979e+00
1.479506462812423706e+00
1.471306605815887458e+00
1.470406578063964798e+00
1.465626282930374114e+00
1.460178087472915553e+00
1.459753818750381571e+00
1.449581187248230041e+00
1.450443121671676661e+00
1.441034528970718487e+00
1.439105644702911357e+00
1.438674786329269484e+00
1.435232753992080612e+00
1.428831681489944438e+00
1.427119602441787816e+00
1.424671188831329260e+00
1.419899318456649739e+00
1.419166592121124282e+00
1.415838262081146270e+00
1.412495881080627402e+00
1.407391723394394001e+00
1.402876649379730223e+00
1.402073717594146673e+00
1.399827444791793774e+00
1.396094475507736243e+00
1.400368555545806970e+00
1.391044683933257975e+00
1.387370778322219778e+00
1.387106144428253085e+00
1.379569347858428996e+00
1.385654795169830367e+00
1.381778486967086828e+00
1.380099298715591338e+00
1.371979176998138428e+00
1.379008100748062127e+00
1.373066028594970733e+00
1.369598435878753628e+00
1.365295026540756185e+00
1.364113555192947302e+00
1.361551274299621639e+00
1.364648814439773483e+00
1.362692956686019974e+00
1.351622991800308204e+00
1.352050178766250665e+00
1.353265637397766064e+00
1.353065194845199493e+00
1.346458212614059402e+00
1.347692963600158667e+00
1.350470008850097603e+00
1.347879863023757840e+00
1.341326709032058639e+00
1.339876128673553435e+00
1.340983858346939117e+00
1.338752260923385728e+00
1.332796741724014300e+00
1.329169047832488904e+00
1.334553938746452229e+00
1.328630496501922664e+00
1.334048883438110344e+00
1.324053936004638610e+00
1.327336343407630848e+00
1.322220085620880115e+00
1.321453881502151484e+00
1.320236990690231371e+00
1.318805296659469661e+00
1.317467655539512617e+00
1.315466226816177420e+00
1.313602411985397289e+00
1.317498251318931501e+00
1.312437786102294890e+00
1.312168617725372410e+00
1.309215053558349551e+00
1.309832920551299962e+00
1.308934818029403591e+00
1.304251325607299838e+00
1.309386677742004457e+00
1.303335335493087666e+00
1.300861002206802342e+00
1.302471472263336150e+00
1.299048962593078560e+00
1.296441514968872166e+00
1.299532990932464660e+00
1.291713204264640869e+00
1.292600106000900251e+00
1.289428999662399322e+00
1.287798200726509190e+00
1.287417315959930475e+00
1.289841588377952597e+00
1.288242754340171770e+00
1.288361321568489037e+00
1.284087104797363210e+00
1.282883003234863262e+00
1.277084132909774850e+00
1.286171680808067430e+00
1.281129038095474293e+00
1.279483383059501600e+00
1.284050907492637617e+00
1.277850022077560377e+00
1.282143610477447515e+00
1.273850618481636054e+00
1.276230005383491406e+00
1.275209722042083715e+00
1.276079030275344861e+00
1.272164459228515732e+00
1.265859458684921224e+00
1.267633911132812541e+00
1.269007605314254716e+00
1.268393417119979771e+00
1.265501580595970177e+00
1.267704225301742538e+00
1.264861441373825057e+00
1.262933817982673679e+00
1.261632569789886471e+00
1.261016062140464689e+00
1.257795370936393820e+00
1.259121439933776898e+00
1.259575045466422960e+00
1.253086445569992158e+00
1.257035169959068277e+00
1.255455463290214624e+00
1.255159265756607079e+00
1.251377794504165752e+00
1.250262820363044813e+00
1.251406023979187099e+00
1.249833025693893429e+00
1.255151235818863009e+00
1.249158017873764015e+00
1.245186398029327401e+00
1.252824207663536082e+00
1.250821118831634493e+00
1.243126541137695273e+00
1.243762754559516903e+00
1.246437938332557671e+00
1.243669354081153866e+00
1.246795603036880529e+00
1.239661577701568707e+00
1.241218947529792782e+00
1.241538203597068790e+00
1.239611746072769138e+00
1.237314424276351854e+00
1.238572501420974747e+00
1.235661370754241872e+00
1.236084932923317004e+00
1.238848254323005715e+00
1.234635258197784413e+00
1.235826172947883661e+00
1.232084589362144378e+00
1.231407886147499076e+00
1.226395860433578511e+00
1.228547053694724944e+00
1.233299322366714579e+00
1.229413115262985245e+00
1.227025805830955552e+00
1.229632396578788756e+00
1.227325012922287018e+00
1.224438328623771666e+00
1.224060594677925051e+00
1.225162628293037459e+00
1.223201435565948403e+00
1.221431932449340785e+00
1.219114273786544800e+00
1.221050159096717769e+00
1.218204145193100052e+00
1.218975253820419269e+00
1.223333588719367926e+00
1.216671736240386936e+00
1.215300100922584559e+00
1.213820549964904849e+00
1.216889449238777177e+00
1.214106978774070811e+00
1.213560208797454854e+00
1.213694328308105419e+00
1.209432636618614110e+00
1.210454783678054813e+00
1.211642472147941518e+00
1.208233421087264947e+00
1.211912466526031462e+00
1.208103153705596844e+00
1.206552576541900734e+00
1.205867676019668489e+00
1.209705792546272196e+00
1.205145618677139208e+00
1.207527674436569276e+00
1.205488327383995140e+00
1.204126060366630613e+00
1.203661241054534869e+00
1.204391237258911174e+00
1.203417872786521903e+00
1.203006282210349998e+00
1.209181667566299412e+00
1.202745977282524192e+00
1.198381626844406078e+00
1.199208815097808856e+00
1.200709264039993229e+00
1.201492866396904002e+00
1.191710836410522445e+00
1.195457694172859187e+00
1.197107984542846726e+00
1.193956324815750092e+00
1.198830205082893396e+00
1.192996621489524900e+00
1.193284494161605869e+00
1.196777488946914714e+00
1.193773053765296854e+00
1.195923123478889405e+00
1.195280790209770183e+00
1.191327129602432144e+00
1.191993998765945362e+00
1.187560814499855066e+00
1.189525578618049639e+00
1.186710122704505821e+00
1.188138456225395156e+00
1.190215003967285190e+00
1.186025251030921934e+00
1.187472852110862842e+00
1.188073822498321608e+00
1.187561699748039157e+00
1.182006838560104356e+00
1.184908423066139305e+00
1.185625007271766673e+00
1.183928136229515093e+00
1.180259237051010102e+00
1.180285872459411634e+00
1.181658578991889863e+00
1.177064951896667377e+00
1.181987298846244760e+00
1.180781370639800931e+00
1.180640860438346929e+00
1.182422569155693104e+00
1.182748330950736948e+00
1.178447774648666346e+00
1.177217780232429511e+00
1.179168010115623444e+00
1.178637899160385194e+00
1.173725700974464381e+00
1.174693259596824690e+00
1.175206706404686052e+00
1.171377556562423816e+00
1.173549103736877486e+00
1.173027377724647602e+00
1.172202844142913758e+00
1.176511971712112414e+00
1.173897909283637908e+00
1.176830963373184158e+00
1.170223099827766511e+00
1.170392437219619719e+00
1.168546968936920116e+00
1.165011967062950182e+00
1.170410332441329970e+00
1.167243883609771826e+00
1.164727920651435822e+00
1.162768728971481424e+00
1.166461199760437051e+00
1.168261952519416891e+00
1.164521110892295930e+00
1.162792772054672241e+00
1.166484807372093258e+00
1.160375521540641719e+00
1.165214331150054905e+00
1.164789759397506730e+00
1.161520664453506546e+00
1.167544593930244456e+00
1.163597934484481788e+00
1.162102449536323467e+00
1.166168574571609495e+00
1.162403018236160213e+00
1.158325655221938977e+00
1.160651506900787444e+00
1.159677865147590747e+00
1.155381597280502382e+00
1.156086073994636587e+00
1.159505363225936891e+00
1.158755475282668979e+00
1.160165717959404041e+00
1.152345630049705472e+00
1.158950465321540779e+00
1.158987794280052164e+00
1.153979772448539665e+00
1.152554076433181862e+00
1.149677820205688539e+00
1.154886857390403643e+00
1.157383334517478879e+00
1.152307185173034654e+00
1.153102537035942010e+00
1.149874024510383563e+00
1.149845856308937098e+00
1.151533517241478011e+00
1.150942274570465162e+00
1.151962990999221725e+00
1.151528185486793587e+00
1.147507759332656807e+00
1.151669921874999947e+00
1.149450921058654762e+00
1.148524845838546860e+00
1.150429021835327248e+00
1.148737052798271208e+00
1.145763525485992362e+00
1.148750126838684160e+00
1.144541051387786945e+00
1.141205353379249665e+00
1.146195281267166077e+00
1.140183528780937205e+00
1.146244725704193224e+00
1.149080349326133677e+00
1.141225636243820230e+00
1.145715039134025615e+00
1.144347096204757719e+00
1.144968111038207947e+00
1.146896643400192151e+00
1.141119562029838663e+00
1.140970967173576378e+00
1.139995818495750379e+00
1.137435444116592365e+00
1.143761018157005260e+00
1.141827872037887603e+00
1.139109716773033076e+00
1.138134198188781809e+00
1.141642689108848474e+00
1.139241500020027109e+00
1.135283232927322361e+00
1.135267308831214850e+00
1.134519372701644935e+00
1.133534708142280634e+00
1.136095988512039190e+00
1.137785494089126548e+00
1.136730783224105812e+00
1.135399674773216239e+00
1.135636648774146940e+00
1.132670654892921513e+00
1.132039671063423070e+00
1.132929280638694802e+00
1.136353578686714272e+00
1.131055750727653519e+00
1.134677551984786925e+00
1.134084033727645879e+00
1.133995267391204820e+00
1.131346145391464164e+00
1.128309645771980341e+00
1.130357895255088785e+00
1.129367337942123406e+00
1.127856630086898848e+00
1.123248057723045257e+00
1.133981285452842602e+00
1.129925132513046160e+00
1.131377591609954880e+00
1.127418503642082293e+00
1.126276510834693934e+00
1.127621299028396695e+00
1.128301489353179976e+00
1.127350201010703934e+00
1.125710121870040936e+00
1.124898711204528778e+00
1.125864265680313059e+00
1.122152666807174626e+00
1.125628406763076850e+00
1.125487381339073112e+00
1.121212623834610067e+00
1.120739665865898127e+00
1.122494957327842657e+00
1.127371389627456644e+00
1.120381454467773485e+00
1.120984156847000035e+00
1.122301236748695308e+00
1.122905695915222157e+00
1.124053346037864776e+00
1.123145553708076561e+00
1.121655039787292418e+00
1.118886108756065312e+00
1.125291445493698195e+00
1.121833748817443910e+00
1.121387640118598927e+00
1.116723159313201874e+00
1.115621341109275910e+00
1.112018869400024368e+00
1.118224201917648264e+00
1.115215549588203459e+00
1.117548772096633947e+00
1.117953434944152891e+00
1.119190788745880072e+00
1.120848883271217344e+00
1.118890844106674276e+00
1.112607243657112166e+00
1.110362181425094574e+00
1.114832556843757594e+00
1.114676628470420816e+00
1.114348611354827989e+00
1.110555721044540478e+00
1.113074521780013981e+00
1.113206371903419534e+00
1.110900328874588006e+00
1.111628083944320666e+00
1.112610232949256872e+00
1.111022786974906973e+00
1.110114003419876205e+00
1.113602667927741985e+00
1.111235431194305345e+00
1.113967075109481897e+00
1.105560269713401711e+00
1.106650080204010012e+00
1.122145394802093410e+00
1.115542750954628071e+00
1.105903464794159019e+00
1.108285672545433087e+00
1.110845038890838632e+00
1.106205359935760413e+00
1.113801856279373226e+00
1.115534900188446032e+00
1.108904648184776409e+00
1.106187854051589925e+00
1.107558970570564183e+00
1.108639080047607361e+00
1.110211802721023489e+00
1.104759924292564310e+00
1.103430774092674316e+00
1.105762278914451668e+00
1.103971234917640709e+00
1.107435100317001320e+00
1.109159575939178577e+00
1.101832139611244266e+00
1.102426109433174206e+00
1.105571230053901566e+00
1.106410700440406902e+00
1.101001067876815842e+00
1.100970434904098516e+00
1.101377351880073574e+00
1.104809890389442550e+00
1.103841429352760306e+00
1.103055151700973457e+00
1.099708105802535973e+00
1.104967918634414570e+00
1.102420526266097989e+00
1.101449019908905091e+00
1.100413151979446447e+00
1.099198362708091681e+00
1.102298618197441016e+00
1.095440340876579377e+00
1.100274130344390811e+00
1.097603228330612080e+00
1.098685570001602274e+00
1.096564333558082582e+00
1.099989593982696467e+00
1.101411094069480789e+00
1.098289521694183257e+00
1.092580350995063787e+00
1.094403246045112521e+00
1.103622378468513521e+00
1.098634907603263766e+00
1.095780067682266212e+00
1.095972420096397393e+00
1.094512649059295573e+00
1.092746119618415834e+00
1.101567683339119030e+00
1.090385414123535179e+00
1.094750986456870967e+00
1.092787204980850246e+00
1.091034467458724899e+00
