1.003400012850761414e-01
1.026000007987022400e-01
1.092799976468086243e-01
1.348599940538406372e-01
1.597599983215332031e-01
1.670600026845932007e-01
1.778199970722198486e-01
1.851599961519241333e-01
1.893399953842163086e-01
1.990599930286407471e-01
2.089599967002868652e-01
2.216199934482574463e-01
2.320400029420852661e-01
2.398799955844879150e-01
2.500000000000000000e-01
2.572599947452545166e-01
2.613399922847747803e-01
2.680000066757202148e-01
2.743600010871887207e-01
2.817400097846984863e-01
2.931599915027618408e-01
2.945399880409240723e-01
2.938399910926818848e-01
3.005799949169158936e-01
3.053199946880340576e-01
3.091999888420104980e-01
3.116999864578247070e-01
3.165000081062316895e-01
3.215599954128265381e-01
3.260200023651123047e-01
3.291999995708465576e-01
3.315199911594390869e-01
3.342800140380859375e-01
3.374199867248535156e-01
3.413800001144409180e-01
3.424800038337707520e-01
3.495599925518035889e-01
3.480600118637084961e-01
3.511399924755096436e-01
3.540999889373779297e-01
3.553200066089630127e-01
3.590199947357177734e-01
3.614799976348876953e-01
3.642399907112121582e-01
3.650000095367431641e-01
3.692600131034851074e-01
3.713800013065338135e-01
3.712800145149230957e-01
3.759599924087524414e-01
3.776000142097473145e-01
3.799999952316284180e-01
3.857600092887878418e-01
3.838599920272827148e-01
3.876599967479705811e-01
3.905600011348724365e-01
3.905000090599060059e-01
3.934600055217742920e-01
3.962599933147430420e-01
3.971799910068511963e-01
4.007999897003173828e-01
4.023999869823455811e-01
4.030799865722656250e-01
4.068999886512756348e-01
4.054200053215026855e-01
4.097200036048889160e-01
4.142599999904632568e-01
4.115000069141387939e-01
4.146400094032287598e-01
4.178799986839294434e-01
4.178999960422515869e-01
4.174000024795532227e-01
4.176599979400634766e-01
4.219799935817718506e-01
4.224199950695037842e-01
4.219000041484832764e-01
4.262999892234802246e-01
4.259400069713592529e-01
4.264400005340576172e-01
4.281800091266632080e-01
4.283599853515625000e-01
4.318799972534179688e-01
4.332199990749359131e-01
4.333400130271911621e-01
4.367400109767913818e-01
4.361400008201599121e-01
4.401800036430358887e-01
4.395799934864044189e-01
4.383600056171417236e-01
4.425399899482727051e-01
4.456799924373626709e-01
4.413799941539764404e-01
4.428600072860717773e-01
4.472799897193908691e-01
4.462400078773498535e-01
4.488799870014190674e-01
4.497599899768829346e-01
4.470199942588806152e-01
4.509400129318237305e-01
4.493800103664398193e-01
4.509800076484680176e-01
4.537200033664703369e-01
4.548400044441223145e-01
4.556399881839752197e-01
4.569000005722045898e-01
4.557400047779083252e-01
4.580599963665008545e-01
4.583199918270111084e-01
4.559600055217742920e-01
4.601800143718719482e-01
4.598599970340728760e-01
4.635399878025054932e-01
4.610199928283691406e-01
4.639199972152709961e-01
4.649400115013122559e-01
4.645200073719024658e-01
4.666999876499176025e-01
4.640600085258483887e-01
4.663000106811523438e-01
4.673199951648712158e-01
4.684799909591674805e-01
4.693799912929534912e-01
4.689199924468994141e-01
4.694600105285644531e-01
4.705399870872497559e-01
4.739600121974945068e-01
4.729000031948089600e-01
4.725799858570098877e-01
4.733000099658966064e-01
4.744400084018707275e-01
4.763000011444091797e-01
4.724200069904327393e-01
4.761599898338317871e-01
4.796000123023986816e-01
4.799599945545196533e-01
4.765200018882751465e-01
4.774399995803833008e-01
4.783999919891357422e-01
4.799199998378753662e-01
4.810999929904937744e-01
4.809400141239166260e-01
4.818400144577026367e-01
4.832200109958648682e-01
4.832600057125091553e-01
4.832800030708312988e-01
4.860799908638000488e-01
4.844000041484832764e-01
4.854800105094909668e-01
4.848800003528594971e-01
4.824000000953674316e-01
4.828000068664550781e-01
4.872199892997741699e-01
4.872199892997741699e-01
4.894799888134002686e-01
4.862599968910217285e-01
4.863399863243103027e-01
4.880999922752380371e-01
4.882999956607818604e-01
4.921599924564361572e-01
4.904600083827972412e-01
4.896000027656555176e-01
4.944399893283843994e-01
4.929800033569335938e-01
4.926599860191345215e-01
4.937399923801422119e-01
4.932399988174438477e-01
4.938600063323974609e-01
4.956600069999694824e-01
4.961200058460235596e-01
4.923000037670135498e-01
4.922600090503692627e-01
4.941999912261962891e-01
4.948999881744384766e-01
4.972800016403198242e-01
4.966399967670440674e-01
4.965600073337554932e-01
4.997999966144561768e-01
4.971599876880645752e-01
4.961600005626678467e-01
4.990400075912475586e-01
4.979200065135955811e-01
4.958400130271911621e-01
4.990999996662139893e-01
4.985199868679046631e-01
4.996800124645233154e-01
5.002599954605102539e-01
5.041000247001647949e-01
5.029199719429016113e-01
5.019999742507934570e-01
5.030599832534790039e-01
5.020400285720825195e-01
5.066199898719787598e-01
5.051599740982055664e-01
5.036000013351440430e-01
5.062199831008911133e-01
5.044800043106079102e-01
5.042799711227416992e-01
5.064200162887573242e-01
5.033599734306335449e-01
5.055199861526489258e-01
5.059800148010253906e-01
5.033400058746337891e-01
5.066999793052673340e-01
5.067600011825561523e-01
5.077599883079528809e-01
5.046799778938293457e-01
5.048400163650512695e-01
5.095800161361694336e-01
5.077000260353088379e-01
5.106599926948547363e-01
5.077599883079528809e-01
5.077999830245971680e-01
5.079600214958190918e-01
5.070199966430664062e-01
5.086200237274169922e-01
5.111399888992309570e-01
5.122799873352050781e-01
5.112400054931640625e-01
5.109800100326538086e-01
5.133000016212463379e-01
5.106800198554992676e-01
5.138000249862670898e-01
5.099800229072570801e-01
5.135400295257568359e-01
5.144799947738647461e-01
5.133000016212463379e-01
5.136200189590454102e-01
5.138000249862670898e-01
5.150399804115295410e-01
5.161399841308593750e-01
5.163400173187255859e-01
5.140600204467773438e-01
5.121600031852722168e-01
5.153599977493286133e-01
5.171999931335449219e-01
5.151000022888183594e-01
5.156000256538391113e-01
5.180799961090087891e-01
5.174000263214111328e-01
5.164999961853027344e-01
5.156199932098388672e-01
5.194000005722045898e-01
5.175600051879882812e-01
5.176200270652770996e-01
5.202000141143798828e-01
5.205000042915344238e-01
5.202400088310241699e-01
5.217400193214416504e-01
5.208200216293334961e-01
5.209800004959106445e-01
5.211200118064880371e-01
5.199800133705139160e-01
5.183799862861633301e-01
5.219399929046630859e-01
5.249599814414978027e-01
5.222399830818176270e-01
5.238199830055236816e-01
5.244799852371215820e-01
5.212200284004211426e-01
5.233600139617919922e-01
5.227800011634826660e-01
5.227400064468383789e-01
5.250599980354309082e-01
5.243999958038330078e-01
5.218600034713745117e-01
5.251200199127197266e-01
5.239800214767456055e-01
5.248799920082092285e-01
5.246000289916992188e-01
5.257599949836730957e-01
5.251200199127197266e-01
5.253999829292297363e-01
5.251399874687194824e-01
5.238999724388122559e-01
5.273600220680236816e-01
5.275999903678894043e-01
5.277400016784667969e-01
5.298799872398376465e-01
5.297399759292602539e-01
5.284000039100646973e-01
5.294600129127502441e-01
5.268599987030029297e-01
5.304999947547912598e-01
5.302799940109252930e-01
5.290600061416625977e-01
5.303400158882141113e-01
5.312600135803222656e-01
5.310000181198120117e-01
5.315200090408325195e-01
5.293999910354614258e-01
5.281999707221984863e-01
5.298600196838378906e-01
5.315799713134765625e-01
5.290399789810180664e-01
5.319399833679199219e-01
5.314999818801879883e-01
5.291399955749511719e-01
5.304399728775024414e-01
5.291799902915954590e-01
5.324400067329406738e-01
5.327399969100952148e-01
5.297200083732604980e-01
5.376200079917907715e-01
5.324000120162963867e-01
5.289199948310852051e-01
5.326799750328063965e-01
5.331799983978271484e-01
5.373799800872802734e-01
5.333399772644042969e-01
5.347800254821777344e-01
5.337600111961364746e-01
5.340399742126464844e-01
5.355200171470642090e-01
5.333999991416931152e-01
5.342400074005126953e-01
5.363399982452392578e-01
5.364800095558166504e-01
5.338199734687805176e-01
5.376799702644348145e-01
5.363600254058837891e-01
5.378400087356567383e-01
5.356400012969970703e-01
5.367199778556823730e-01
5.368800163269042969e-01
5.389999747276306152e-01
5.366799831390380859e-01
5.387399792671203613e-01
5.398399829864501953e-01
5.357599854469299316e-01
5.411599874496459961e-01
5.402600169181823730e-01
5.381000041961669922e-01
5.393199920654296875e-01
5.411800146102905273e-01
5.388200283050537109e-01
5.401600003242492676e-01
5.384600162506103516e-01
5.419999957084655762e-01
5.397400259971618652e-01
5.419999957084655762e-01
5.412399768829345703e-01
5.432000160217285156e-01
5.399600267410278320e-01
5.414599776268005371e-01
5.449799895286560059e-01
5.398600101470947266e-01
5.415400266647338867e-01
5.424200296401977539e-01
5.394399762153625488e-01
5.423200130462646484e-01
5.402799844741821289e-01
5.436400175094604492e-01
5.428000092506408691e-01
5.430200099945068359e-01
5.462599992752075195e-01
5.461800098419189453e-01
5.433400273323059082e-01
5.465999841690063477e-01
5.449600219726562500e-01
5.476400256156921387e-01
5.432199835777282715e-01
5.446599721908569336e-01
5.473399758338928223e-01
5.458400249481201172e-01
5.487200021743774414e-01
5.476599931716918945e-01
5.447000265121459961e-01
5.467000007629394531e-01
5.464000105857849121e-01
5.461599826812744141e-01
5.455800294876098633e-01
5.495799779891967773e-01
5.466799736022949219e-01
5.444200038909912109e-01
5.458999872207641602e-01
5.494999885559082031e-01
5.465000271797180176e-01
5.468000173568725586e-01
5.482400059700012207e-01
5.505399703979492188e-01
5.485399961471557617e-01
5.490999817848205566e-01
5.492600202560424805e-01
5.468400120735168457e-01
5.504400134086608887e-01
5.481399893760681152e-01
5.485399961471557617e-01
5.526199936866760254e-01
5.461400151252746582e-01
5.478799939155578613e-01
5.496000051498413086e-01
5.480800271034240723e-01
5.485399961471557617e-01
5.496000051498413086e-01
5.527200102806091309e-01
5.509600043296813965e-01
5.506200194358825684e-01
5.534399747848510742e-01
5.506399869918823242e-01
5.535799860954284668e-01
5.519199967384338379e-01
5.498999953269958496e-01
5.509799718856811523e-01
5.475599765777587891e-01
5.536400079727172852e-01
5.520600080490112305e-01
5.535399913787841797e-01
5.504199862480163574e-01
5.527999997138977051e-01
5.515000224113464355e-01
5.516999959945678711e-01
5.545399785041809082e-01
5.532199740409851074e-01
5.544800162315368652e-01
5.537199974060058594e-01
5.562400221824645996e-01
5.545399785041809082e-01
5.537199974060058594e-01
5.535200238227844238e-01
5.564799904823303223e-01
5.557600259780883789e-01
5.548800230026245117e-01
5.565199851989746094e-01
5.579000115394592285e-01
5.568400025367736816e-01
5.582399964332580566e-01
5.569199919700622559e-01
5.589600205421447754e-01
5.573599934577941895e-01
5.574200153350830078e-01
5.585399866104125977e-01
5.549600124359130859e-01
5.559399724006652832e-01
5.565599799156188965e-01
5.560600161552429199e-01
5.585600137710571289e-01
5.557199716567993164e-01
5.566800236701965332e-01
5.572999715805053711e-01
5.557000041007995605e-01
5.562999844551086426e-01
5.586799979209899902e-01
5.590199828147888184e-01
5.573999881744384766e-01
5.615599751472473145e-01
5.587800145149230957e-01
5.584599971771240234e-01
5.598199963569641113e-01
5.570799708366394043e-01
5.602399706840515137e-01
5.588200092315673828e-01
5.582600235939025879e-01
5.594199895858764648e-01
5.609200000762939453e-01
5.605800151824951172e-01
5.620800256729125977e-01
5.637599825859069824e-01
5.614600181579589844e-01
5.597000122070312500e-01
5.603399872779846191e-01
5.614600181579589844e-01
5.588799715042114258e-01
5.606600046157836914e-01
5.623999834060668945e-01
5.661000013351440430e-01
5.621600151062011719e-01
5.627999901771545410e-01
5.631200075149536133e-01
5.629400014877319336e-01
5.610399842262268066e-01
5.655599832534790039e-01
5.631399750709533691e-01
5.622799992561340332e-01
5.632399916648864746e-01
5.590800046920776367e-01
5.633199810981750488e-01
5.639799833297729492e-01
5.644000172615051270e-01
5.617799758911132812e-01
5.630800127983093262e-01
5.644400119781494141e-01
5.638399720191955566e-01
5.632200241088867188e-01
5.615400075912475586e-01
5.641000270843505859e-01
5.617799758911132812e-01
5.620800256729125977e-01
5.661000013351440430e-01
5.645200014114379883e-01
5.643600225448608398e-01
5.681800246238708496e-01
5.658800005912780762e-01
5.670199990272521973e-01
5.679000020027160645e-01
5.686399936676025391e-01
5.670199990272521973e-01
5.683599710464477539e-01
5.656399726867675781e-01
5.668399930000305176e-01
5.624399781227111816e-01
5.659199953079223633e-01
