3.843612704753875953e+00
2.340885527610778727e+00
2.312628605365753209e+00
2.262600862503051591e+00
2.190895857334136831e+00
2.152850486755371051e+00
2.125463787555694761e+00
2.113098291873932055e+00
2.098613309144973904e+00
2.086497128963470615e+00
2.073027806758880764e+00
2.054377964258193856e+00
2.039134410858154389e+00
2.025813254594802881e+00
2.010599764108657705e+00
1.995320456504821705e+00
1.984705225467681800e+00
1.971961611032486017e+00
1.957178895235061722e+00
1.943675068616867119e+00
1.930903958082199168e+00
1.924563176631927552e+00
1.914296530485153136e+00
1.904270040512084927e+00
1.898500031948089584e+00
1.887479901075363120e+00
1.882779553651809712e+00
1.873472366094589336e+00
1.864746558189392056e+00
1.854718861103057836e+00
1.849985971450805566e+00
1.839978685379028311e+00
1.836517288684844873e+00
1.828281404495239348e+00
1.822240263700485308e+00
1.813450045585632386e+00
1.803287020921707118e+00
1.802742660522461016e+00
1.790857354879379360e+00
1.787670508146286030e+00
1.781644447326660163e+00
1.777645401954650817e+00
1.767922587394714418e+00
1.765580677032470680e+00
1.757974454879760673e+00
1.751127926588058381e+00
1.742471505165100076e+00
1.739990661144256601e+00
1.731802150726318379e+00
1.724105658531188912e+00
1.717877964496612453e+00
1.708362094640731854e+00
1.707911773443222092e+00
1.699472692728042578e+00
1.691582328319549466e+00
1.687228565692901583e+00
1.683430464506149304e+00
1.676720462083816532e+00
1.670145667314529403e+00
1.662911765336990255e+00
1.658459176063537654e+00
1.656685651302337581e+00
1.644049867630004824e+00
1.648665842771530166e+00
1.639809383630752571e+00
1.630671280860900962e+00
1.632183608770370498e+00
1.625788071393966749e+00
1.619211681604385333e+00
1.618461316108703585e+00
1.611108105421066305e+00
1.609361433029174782e+00
1.604209866762161152e+00
1.598547925472259434e+00
1.598147256374359060e+00
1.594752091169357344e+00
1.592848649024963370e+00
1.588186404705047572e+00
1.584269809484481817e+00
1.580689749479293749e+00
1.575811119079589817e+00
1.572854158401489233e+00
1.571495929479598930e+00
1.564834986925125015e+00
1.560766062021255562e+00
1.554984031915664699e+00
1.556638746023178088e+00
1.555182742834091192e+00
1.553005908966064386e+00
1.542394918203353837e+00
1.546592674016952440e+00
1.542549525737762384e+00
1.538725158691406358e+00
1.539089653015136783e+00
1.530878950119018533e+00
1.528943991422653248e+00
1.529457255125045823e+00
1.523446899652481035e+00
1.524866823434829710e+00
1.518042463302612388e+00
1.519027106523513693e+00
1.509680583477020166e+00
1.505627628326416056e+00
1.507669323205947931e+00
1.507893193960189837e+00
1.503616334199905369e+00
1.504688750267028752e+00
1.501543279409408571e+00
1.499596011877059931e+00
1.498653594017028912e+00
1.489818159818649290e+00
1.491666821479797456e+00
1.490086403131484882e+00
1.487247060537338239e+00
1.487387624979019218e+00
1.480512766122817903e+00
1.486187431812286297e+00
1.480206744670867991e+00
1.478887864351272619e+00
1.473189919948577842e+00
1.472741896867752143e+00
1.472121534347534233e+00
1.468628430604934643e+00
1.473370931863784872e+00
1.467451143503189170e+00
1.463945735454559305e+00
1.464134569406509323e+00
1.466595025300979627e+00
1.458915671348571808e+00
1.458160421609878465e+00
1.462203791379928619e+00
1.450162202835082903e+00
1.450888863801956141e+00
1.448607268810272242e+00
1.449096257209777860e+00
1.448380923748016302e+00
1.447308245897293011e+00
1.442755662202835021e+00
1.441474542617797949e+00
1.442161301374435434e+00
1.437887853384018033e+00
1.438821576595306295e+00
1.434629219770431563e+00
1.433922645568847631e+00
1.431362054586410526e+00
1.430400325775146531e+00
1.425820636034011768e+00
1.429626464843750000e+00
1.429414369583129840e+00
1.428833084583282398e+00
1.427013753414154040e+00
1.420415228366851856e+00
1.417666879415512060e+00
1.419730127573013201e+00
1.423973907947540196e+00
1.421960818767547652e+00
1.417102916717529304e+00
1.416588619470596333e+00
1.415982484340667646e+00
1.419163830041885399e+00
1.410468071460723838e+00
1.411841683626174904e+00
1.409098972797393712e+00
1.405646378993988144e+00
1.404698461532592813e+00
1.406658603668212937e+00
1.404698889970779518e+00
1.403160296440124410e+00
1.404098320960998514e+00
1.406388031721115039e+00
1.400854051828384295e+00
1.402293650150299165e+00
1.396974084138870253e+00
1.399466819524765038e+00
1.396166537284851072e+00
1.395100914478301979e+00
1.393857621669769342e+00
1.393216413259506181e+00
1.395695337295532301e+00
1.388881077766418448e+00
1.395479290008544870e+00
1.391208643913269150e+00
1.387838876008987476e+00
1.386153530597686867e+00
1.385337030887603849e+00
1.385611716032028262e+00
1.383351027488708418e+00
1.383649884939193830e+00
1.383075981855392378e+00
1.386074170827865659e+00
1.375982138633728091e+00
1.375877874374389576e+00
1.379882103443145658e+00
1.374748785734176693e+00
1.377969918251037651e+00
1.376145750522613564e+00
1.372475337982177690e+00
1.376348389148712048e+00
1.372819664478301949e+00
1.371489126682281512e+00
1.373479989767074638e+00
1.370009062051773085e+00
1.368440071821212856e+00
1.370170287847518820e+00
1.370468214511871397e+00
1.371696244001388454e+00
1.362303071260452247e+00
1.365208132505416838e+00
1.365623254776000994e+00
1.367723498940467852e+00
1.367005010366439732e+00
1.364238352298736467e+00
1.362889335632324173e+00
1.359076446533203031e+00
1.357011041879653934e+00
1.355824826478958078e+00
1.358765569686889663e+00
1.356932304382324261e+00
1.357171361923217745e+00
1.355174206733703590e+00
1.352167358875274727e+00
1.355467967987060485e+00
1.351406300306320141e+00
1.349164942741394091e+00
1.354467682361602865e+00
1.351844522953033367e+00
1.348184995174408041e+00
1.350131244421005183e+00
1.347551515579223702e+00
1.347182622194290191e+00
1.346882730007171736e+00
1.344394590139389001e+00
1.346338297367095871e+00
1.342491302132606590e+00
1.344188636541366666e+00
1.340160048484802191e+00
1.344496481895446793e+00
1.340878007173538222e+00
1.342841947317123363e+00
1.344511660575866685e+00
1.337099512100219822e+00
1.336236125230789273e+00
1.341643503665923998e+00
1.334445550203323450e+00
1.333166615486145012e+00
1.329525154113769592e+00
1.332885229825973461e+00
1.331062287092208862e+00
1.331072989702224652e+00
1.330480825662612832e+00
1.330104276180267275e+00
1.329031160116195709e+00
1.334030683755874636e+00
1.329077146410942101e+00
1.332218388557434130e+00
1.325200191259384264e+00
1.323120903015136740e+00
1.325134156227111726e+00
1.324554510116577211e+00
1.325368505001068176e+00
1.324254594564437948e+00
1.321015968561172427e+00
1.322515279531478960e+00
1.326986823320388753e+00
1.323557845592498783e+00
1.321413031339645494e+00
1.320441784620284942e+00
1.318419443845748829e+00
1.318411062479019069e+00
1.314381800055503868e+00
1.317219100236892704e+00
1.318324501395225612e+00
1.319111706256866468e+00
1.315848684430122484e+00
1.309434158086776767e+00
1.314637728691101071e+00
1.313651885509490969e+00
1.311297666430473408e+00
1.313918220043182483e+00
1.312025025367736797e+00
1.309347314596176037e+00
1.304942760348319908e+00
1.308797910451888979e+00
1.308268133521079957e+00
1.308106752872467027e+00
1.305432667970657379e+00
1.304830115079879782e+00
1.300882776379585160e+00
1.308984479665756151e+00
1.305271715998649551e+00
1.306326977729797445e+00
1.304235083460807854e+00
1.308267204284667917e+00
1.301151359438896149e+00
1.302077854394912748e+00
1.304487396478652972e+00
1.301235971927642732e+00
1.305690909147262602e+00
1.299314404010772694e+00
1.294373030900955124e+00
1.298757375955581717e+00
1.292081366539001408e+00
1.298190994262695241e+00
1.300513681411743061e+00
1.296098670005798370e+00
1.291861458539962815e+00
1.294475541472434932e+00
1.296053438425064153e+00
1.288497388362884521e+00
1.296039405107498155e+00
1.291356267213821463e+00
1.291608677148818884e+00
1.292234744429588300e+00
1.292021703958511347e+00
1.290496360421180766e+00
1.285505861401557981e+00
1.292513620376587014e+00
1.282943388581275990e+00
1.288606142163276624e+00
1.285194303989410480e+00
1.289493157029151904e+00
1.286762289047241214e+00
1.287096259951591382e+00
1.281487680435180687e+00
1.288062098741531436e+00
1.283461279034614488e+00
1.280240689754486016e+00
1.286556209921836835e+00
1.282328057885169903e+00
1.277326764106750501e+00
1.286017562270164394e+00
1.280396097898483188e+00
1.280244765520095918e+00
1.278116342067718403e+00
1.281019867777824395e+00
1.278612224221229443e+00
1.282056358456611589e+00
1.273840206861496016e+00
1.276420799732208344e+00
1.278812969446182279e+00
1.271871844530105600e+00
1.273128517389297443e+00
1.272008918285369772e+00
1.267691181778907827e+00
1.272486333608627396e+00
1.273833761453628588e+00
1.274386795520782378e+00
1.277847536325454669e+00
1.271092055201530346e+00
1.272830272674560614e+00
1.269112387418746879e+00
1.265659665107726983e+00
1.270369144678115791e+00
1.266994822263717735e+00
1.266409959793090900e+00
1.265594403862953188e+00
1.264915895104408161e+00
1.265821153640747099e+00
1.265343141317367470e+00
1.267001140117645308e+00
1.265073772549629272e+00
1.259450899958610481e+00
1.262087068915367150e+00
1.257008027076721213e+00
1.260653665661811917e+00
1.260772334814071582e+00
1.261009338617324893e+00
1.262058398842811568e+00
1.260387951970100451e+00
1.263483275890350255e+00
1.253183020472526499e+00
1.258882395982742208e+00
1.260388871788978626e+00
1.257680411338806259e+00
1.252343619585037260e+00
1.260732605457305811e+00
1.259948680281639088e+00
1.250212893724441443e+00
1.252559894442558219e+00
1.254428420305252034e+00
1.254301737546920759e+00
1.253958732962608291e+00
1.258146418571472136e+00
1.252999047636985885e+00
1.251813744068145828e+00
1.250652618765830892e+00
1.247662402510643087e+00
1.254317064881324661e+00
1.249009088635444575e+00
1.250114877820014847e+00
1.253145316243171603e+00
1.251886407732963669e+00
1.251229825258254991e+00
1.246574092984199522e+00
1.245707054257392921e+00
1.247892196774482709e+00
1.241746340870857335e+00
1.249382936596870497e+00
1.244717234611511181e+00
1.244512940049171457e+00
1.247497110843658552e+00
1.243886783838272114e+00
1.248937969565391493e+00
1.242354445576667743e+00
1.241672838568687487e+00
1.240376335740089431e+00
1.243664780855178842e+00
1.244829307198524582e+00
1.243635770678520158e+00
1.240967630267143296e+00
1.239437982082366885e+00
1.244477739930152982e+00
1.240417742848396232e+00
1.242589000225067242e+00
1.238415371775627216e+00
1.238583667397499033e+00
1.240740483164787245e+00
1.237185679912567116e+00
1.233923211932182351e+00
1.236302384018898026e+00
1.239026881456375184e+00
1.234126102566718952e+00
1.237572524785995443e+00
1.232564472436904923e+00
1.237787519454956131e+00
1.230500469923019313e+00
1.229814221978187572e+00
1.228523997426032910e+00
1.229525506854057371e+00
1.230198926687240624e+00
1.232647441864013649e+00
1.234538681268692040e+00
1.229883315443992542e+00
1.231652733802795385e+00
1.226219132423400859e+00
1.229565495133399855e+00
1.233214471340179363e+00
1.230618020772934029e+00
1.231733157634735010e+00
1.226649471640586908e+00
1.224488577723503058e+00
1.226847564816474945e+00
1.226792024135589632e+00
1.220818224310874944e+00
1.225781476974487250e+00
1.232822445511817966e+00
1.224807455301284875e+00
1.225904115080833412e+00
1.224961654424667312e+00
1.223979261398315366e+00
1.226949556350708015e+00
1.221849416375160313e+00
1.219842901468277008e+00
1.222050509691238407e+00
1.219696248054504384e+00
1.217249744653701837e+00
1.221573826313018696e+00
1.219466498136520416e+00
1.222252022504806579e+00
1.217837735295295820e+00
1.224105760931968767e+00
1.218925838232040482e+00
1.214001010537147485e+00
1.210956290125846824e+00
1.218327945351600716e+00
1.215913419604301549e+00
1.213974048972129793e+00
1.218174270749092125e+00
1.219030285477638254e+00
1.211986137866973845e+00
1.212825164079666118e+00
1.216832141995429994e+00
1.211491457581520104e+00
1.217287938833236716e+00
1.211948166728019638e+00
1.215047726273536632e+00
1.215805727839469830e+00
1.215764786839485190e+00
1.216574546933174128e+00
1.207127997756004323e+00
1.212513832092285249e+00
1.210080794334411625e+00
1.216263712286949072e+00
1.211249284982681251e+00
1.215037535309791528e+00
1.210059942007064793e+00
1.206599994778633222e+00
1.214170336604118328e+00
1.209372005462646449e+00
1.205913024425506519e+00
1.207390120267868072e+00
1.204595028519630517e+00
1.205890919089317226e+00
1.198748974084854035e+00
1.206437615394592378e+00
1.205793370127677955e+00
1.204001844048500081e+00
1.198160034894943271e+00
1.205861063003540012e+00
1.205517842292785691e+00
