1.202199980616569519e-01
1.915999948978424072e-01
2.609399855136871338e-01
3.043000102043151855e-01
3.292599916458129883e-01
3.436200022697448730e-01
3.549000024795532227e-01
3.652999997138977051e-01
3.772799968719482422e-01
3.873800039291381836e-01
3.947600126266479492e-01
4.020200073719024658e-01
4.092800021171569824e-01
4.159399867057800293e-01
4.189999997615814209e-01
4.226999878883361816e-01
4.255599975585937500e-01
4.343999922275543213e-01
4.371399879455566406e-01
4.426600039005279541e-01
4.424200057983398438e-01
4.465599954128265381e-01
4.499799907207489014e-01
4.557600021362304688e-01
4.586800038814544678e-01
4.595800042152404785e-01
4.642199873924255371e-01
4.629600048065185547e-01
4.684199988842010498e-01
4.720999896526336670e-01
4.754399955272674561e-01
4.773600101470947266e-01
4.801599979400634766e-01
4.797799885272979736e-01
4.846400022506713867e-01
4.855000078678131104e-01
4.864000082015991211e-01
4.908199906349182129e-01
4.916799962520599365e-01
4.938600063323974609e-01
4.990000128746032715e-01
4.991999864578247070e-01
4.998199939727783203e-01
5.005800127983093262e-01
5.027400255203247070e-01
5.046200156211853027e-01
5.060799717903137207e-01
5.047600269317626953e-01
5.119199752807617188e-01
5.107799768447875977e-01
5.153599977493286133e-01
5.137000083923339844e-01
5.157399773597717285e-01
5.169799923896789551e-01
5.197399854660034180e-01
5.199000239372253418e-01
5.227599740028381348e-01
5.233799815177917480e-01
5.240600109100341797e-01
5.247799754142761230e-01
5.302399992942810059e-01
5.298600196838378906e-01
5.286999940872192383e-01
5.309399962425231934e-01
5.341600179672241211e-01
5.358600020408630371e-01
5.357400178909301758e-01
5.376200079917907715e-01
5.382599830627441406e-01
5.389400124549865723e-01
5.388799905776977539e-01
5.422599911689758301e-01
5.390999913215637207e-01
5.450999736785888672e-01
5.468000173568725586e-01
5.454999804496765137e-01
5.489000082015991211e-01
5.470600128173828125e-01
5.495799779891967773e-01
5.490199923515319824e-01
5.505800247192382812e-01
5.525599718093872070e-01
5.556399822235107422e-01
5.544999837875366211e-01
5.541200041770935059e-01
5.582600235939025879e-01
5.567600131034851074e-01
5.572000145912170410e-01
5.565199851989746094e-01
5.644599795341491699e-01
5.607200264930725098e-01
5.612400174140930176e-01
5.645800232887268066e-01
5.638200044631958008e-01
5.654600262641906738e-01
5.655999779701232910e-01
5.655599832534790039e-01
5.680199861526489258e-01
5.700399875640869141e-01
5.701599717140197754e-01
5.721600055694580078e-01
5.692999958992004395e-01
5.720999836921691895e-01
5.718600153923034668e-01
5.774000287055969238e-01
5.752599835395812988e-01
5.747399926185607910e-01
5.774199962615966797e-01
5.794799923896789551e-01
5.783600211143493652e-01
5.804799795150756836e-01
5.789399743080139160e-01
5.821200013160705566e-01
5.840799808502197266e-01
5.855600237846374512e-01
5.851600170135498047e-01
5.863800048828125000e-01
5.871999859809875488e-01
5.860599875450134277e-01
5.884400010108947754e-01
5.860400199890136719e-01
5.905399918556213379e-01
5.924800038337707520e-01
5.878000259399414062e-01
5.938599705696105957e-01
5.928400158882141113e-01
5.961599946022033691e-01
5.927399992942810059e-01
5.936599969863891602e-01
5.959799885749816895e-01
5.984799861907958984e-01
5.974599719047546387e-01
5.976200103759765625e-01
6.007199883460998535e-01
6.018599867820739746e-01
6.037799715995788574e-01
6.018599867820739746e-01
6.019799709320068359e-01
5.997800230979919434e-01
6.064599752426147461e-01
6.027600169181823730e-01
6.067399978637695312e-01
6.083599925041198730e-01
6.091399788856506348e-01
6.117200255393981934e-01
6.078799962997436523e-01
6.111000180244445801e-01
6.109200119972229004e-01
6.094200015068054199e-01
6.118999719619750977e-01
6.118999719619750977e-01
6.116200089454650879e-01
6.161800026893615723e-01
6.152600049972534180e-01
6.163200139999389648e-01
6.164799928665161133e-01
6.187000274658203125e-01
6.177800297737121582e-01
6.191400289535522461e-01
6.196799874305725098e-01
6.214799880981445312e-01
6.195799708366394043e-01
6.217399835586547852e-01
6.255199909210205078e-01
6.264399886131286621e-01
6.228600144386291504e-01
6.233999729156494141e-01
6.274999976158142090e-01
6.274399757385253906e-01
6.257799863815307617e-01
6.284199953079223633e-01
6.241599917411804199e-01
6.319000124931335449e-01
6.278600096702575684e-01
6.292600035667419434e-01
6.307399868965148926e-01
6.322199702262878418e-01
6.337800025939941406e-01
6.328399777412414551e-01
6.324399709701538086e-01
6.340199708938598633e-01
6.358799934387207031e-01
6.360999941825866699e-01
6.346200108528137207e-01
6.376600265502929688e-01
6.345000267028808594e-01
6.382799744606018066e-01
6.398599743843078613e-01
6.411600112915039062e-01
6.411399841308593750e-01
6.416199803352355957e-01
6.449800133705139160e-01
6.431599855422973633e-01
6.419199705123901367e-01
6.424800157546997070e-01
6.455199718475341797e-01
6.445400118827819824e-01
6.454200148582458496e-01
6.451799869537353516e-01
6.481199860572814941e-01
6.464599967002868652e-01
6.462200284004211426e-01
6.484400033950805664e-01
6.515200138092041016e-01
6.495800018310546875e-01
6.473399996757507324e-01
6.502400040626525879e-01
6.530200242996215820e-01
6.544600129127502441e-01
6.548799872398376465e-01
6.535800099372863770e-01
6.562799811363220215e-01
6.570199728012084961e-01
6.546199917793273926e-01
6.567599773406982422e-01
6.574000120162963867e-01
6.574000120162963867e-01
6.557800173759460449e-01
6.597599983215332031e-01
6.586400270462036133e-01
6.582400202751159668e-01
6.636000275611877441e-01
6.637799739837646484e-01
6.609600186347961426e-01
6.613199710845947266e-01
6.628999710083007812e-01
6.654999852180480957e-01
6.646599769592285156e-01
6.654400229454040527e-01
6.638799905776977539e-01
6.639800071716308594e-01
6.678400039672851562e-01
6.676399707794189453e-01
6.661800146102905273e-01
6.659200191497802734e-01
6.686999797821044922e-01
6.698600053787231445e-01
6.715999841690063477e-01
6.702799797058105469e-01
6.725800037384033203e-01
6.687399744987487793e-01
6.730800271034240723e-01
6.714199781417846680e-01
6.741799712181091309e-01
6.693800091743469238e-01
6.763399839401245117e-01
6.749399900436401367e-01
6.736599802970886230e-01
6.779000163078308105e-01
6.767799854278564453e-01
6.796000003814697266e-01
6.782600283622741699e-01
6.783800125122070312e-01
6.783000230789184570e-01
6.804199814796447754e-01
6.813200116157531738e-01
6.816599965095520020e-01
6.789000034332275391e-01
6.847800016403198242e-01
6.813600063323974609e-01
6.870800256729125977e-01
6.822400093078613281e-01
6.834800243377685547e-01
6.858199834823608398e-01
6.841199994087219238e-01
6.866199970245361328e-01
6.868000030517578125e-01
6.837199926376342773e-01
6.906999945640563965e-01
6.880599856376647949e-01
6.869199872016906738e-01
6.875399947166442871e-01
6.921600103378295898e-01
6.884999871253967285e-01
6.894000172615051270e-01
6.912999749183654785e-01
6.898400187492370605e-01
6.911600232124328613e-01
6.901199817657470703e-01
6.938400268554687500e-01
6.919199824333190918e-01
6.946200132369995117e-01
6.929000020027160645e-01
6.948800086975097656e-01
6.955599784851074219e-01
6.973599791526794434e-01
6.956599950790405273e-01
6.964399814605712891e-01
6.987199783325195312e-01
6.984000205993652344e-01
6.991599798202514648e-01
6.994000077247619629e-01
7.002999782562255859e-01
6.966599822044372559e-01
7.002599835395812988e-01
7.002199888229370117e-01
6.987400054931640625e-01
6.974800229072570801e-01
7.001399993896484375e-01
6.978600025177001953e-01
7.007399797439575195e-01
7.016199827194213867e-01
7.048000097274780273e-01
7.048799991607666016e-01
7.008200287818908691e-01
7.026399970054626465e-01
7.067000269889831543e-01
7.067199945449829102e-01
7.055600285530090332e-01
7.058600187301635742e-01
7.059999704360961914e-01
7.097600102424621582e-01
7.059199810028076172e-01
7.103400230407714844e-01
7.068399786949157715e-01
7.078199982643127441e-01
7.075600028038024902e-01
7.103400230407714844e-01
7.108600139617919922e-01
7.111200094223022461e-01
7.119600176811218262e-01
7.114999890327453613e-01
7.138599753379821777e-01
7.101799845695495605e-01
7.124199867248535156e-01
7.126200199127197266e-01
7.136399745941162109e-01
7.156199812889099121e-01
7.144399881362915039e-01
7.166600227355957031e-01
7.160599827766418457e-01
7.152799963951110840e-01
7.159799933433532715e-01
7.172200083732604980e-01
7.171999812126159668e-01
7.156599760055541992e-01
7.220000028610229492e-01
7.180399894714355469e-01
7.178000211715698242e-01
7.205200195312500000e-01
7.215600013732910156e-01
7.222399711608886719e-01
7.208200097084045410e-01
7.210000157356262207e-01
7.217199802398681641e-01
7.226999998092651367e-01
7.217800021171569824e-01
7.222800254821777344e-01
7.233999967575073242e-01
7.212399840354919434e-01
7.252200245857238770e-01
7.249600291252136230e-01
7.247400283813476562e-01
7.250400185585021973e-01
7.230600118637084961e-01
7.250400185585021973e-01
7.267199754714965820e-01
7.290199995040893555e-01
7.263000011444091797e-01
7.263600230216979980e-01
7.268400192260742188e-01
7.287799715995788574e-01
7.294200062751770020e-01
7.306600213050842285e-01
7.264199852943420410e-01
7.319800257682800293e-01
7.265200018882751465e-01
7.297599911689758301e-01
7.315000295639038086e-01
7.292600274085998535e-01
7.319599986076354980e-01
7.314199805259704590e-01
7.310600280761718750e-01
7.332000136375427246e-01
7.330399751663208008e-01
7.352600097656250000e-01
7.340599894523620605e-01
7.368400096893310547e-01
7.343199849128723145e-01
7.361000180244445801e-01
7.360799908638000488e-01
7.341799736022949219e-01
7.362800240516662598e-01
7.351999878883361816e-01
7.402200102806091309e-01
7.358999848365783691e-01
7.375599741935729980e-01
7.380999922752380371e-01
7.411199808120727539e-01
7.376999855041503906e-01
7.426199913024902344e-01
7.376400232315063477e-01
7.408400177955627441e-01
7.431200146675109863e-01
7.387599945068359375e-01
7.399200201034545898e-01
7.392600178718566895e-01
7.415400147438049316e-01
7.425799965858459473e-01
7.412400245666503906e-01
7.398399710655212402e-01
7.439000010490417480e-01
7.441800236701965332e-01
7.392799854278564453e-01
7.426999807357788086e-01
7.421399950981140137e-01
7.424799799919128418e-01
7.417399883270263672e-01
7.425799965858459473e-01
7.445200085639953613e-01
7.435799837112426758e-01
7.470999956130981445e-01
7.435200214385986328e-01
7.470800280570983887e-01
7.459400296211242676e-01
7.484200000762939453e-01
7.484599947929382324e-01
7.472199797630310059e-01
7.474799752235412598e-01
7.460200190544128418e-01
7.497599720954895020e-01
7.477999925613403320e-01
7.500200271606445312e-01
7.523999810218811035e-01
7.486600279808044434e-01
7.506800293922424316e-01
7.501400113105773926e-01
7.513800263404846191e-01
7.490199804306030273e-01
7.502200007438659668e-01
7.520599961280822754e-01
7.539399862289428711e-01
7.531599998474121094e-01
7.512400150299072266e-01
7.554200291633605957e-01
7.573199868202209473e-01
7.531999945640563965e-01
7.558000087738037109e-01
7.542200088500976562e-01
7.552199959754943848e-01
7.518799901008605957e-01
7.562000155448913574e-01
7.538400292396545410e-01
7.581400275230407715e-01
7.570999860763549805e-01
7.565400004386901855e-01
7.562199831008911133e-01
7.558799982070922852e-01
7.555400133132934570e-01
7.562999725341796875e-01
7.566199898719787598e-01
7.567200064659118652e-01
7.588000297546386719e-01
7.580599784851074219e-01
7.583000063896179199e-01
7.548400163650512695e-01
7.615600228309631348e-01
7.591199874877929688e-01
7.590399980545043945e-01
7.622399926185607910e-01
7.648599743843078613e-01
7.563400268554687500e-01
7.629399895668029785e-01
7.616000175476074219e-01
7.636799812316894531e-01
7.629200220108032227e-01
7.610599994659423828e-01
7.624199986457824707e-01
7.644799947738647461e-01
7.603800296783447266e-01
7.637799978256225586e-01
7.674199938774108887e-01
7.638599872589111328e-01
7.655000090599060059e-01
7.625799775123596191e-01
7.657799720764160156e-01
7.658200263977050781e-01
7.687799930572509766e-01
7.636799812316894531e-01
7.660199999809265137e-01
7.661399841308593750e-01
7.653999924659729004e-01
7.675999999046325684e-01
7.663999795913696289e-01
7.662799954414367676e-01
7.712200284004211426e-01
7.698799967765808105e-01
7.662199735641479492e-01
7.677800059318542480e-01
7.665399909019470215e-01
7.685199975967407227e-01
7.688400149345397949e-01
7.720999717712402344e-01
7.690200209617614746e-01
7.680000066757202148e-01
7.705000042915344238e-01
7.683399915695190430e-01
7.745199799537658691e-01
7.720999717712402344e-01
7.702599763870239258e-01
