6.752669442653655985e+00
2.692612182140350363e+00
2.620404501914978201e+00
2.511584154605865482e+00
2.478003430843353172e+00
2.444865660190582268e+00
2.428843782901763948e+00
2.396599359035492149e+00
2.374450130939483650e+00
2.340336870670318703e+00
2.297583520889282305e+00
2.244522201538086126e+00
2.210895329952240029e+00
2.187808958530426118e+00
2.166430858612060639e+00
2.145264530420303295e+00
2.136517095088958929e+00
2.117551677703857216e+00
2.101515364170074562e+00
2.087799125432967973e+00
2.072505341291427605e+00
2.058451876640319700e+00
2.046837446928024384e+00
2.037525791168212752e+00
2.027335958957672268e+00
2.015794039249420244e+00
2.004508821249008310e+00
1.998567491531372031e+00
1.990946447372436534e+00
1.982395653724670304e+00
1.975869108200073221e+00
1.967919681549072264e+00
1.962333044528961290e+00
1.953320265531539812e+00
1.947846328496932955e+00
1.943194849491119314e+00
1.933832753658294656e+00
1.930070728540420610e+00
1.917408372879028322e+00
1.922189990043640107e+00
1.915572283029556289e+00
1.912395804166793889e+00
1.900454142570495497e+00
1.898710164785385235e+00
1.891988017559051549e+00
1.888499069929122864e+00
1.882787377357482805e+00
1.880614557981491020e+00
1.873035800457000688e+00
1.870080559968948286e+00
1.873165268182754417e+00
1.861629568099975485e+00
1.861102978467941371e+00
1.855986039161682033e+00
1.854557641267776447e+00
1.845026842355728114e+00
1.844342909574508749e+00
1.837599743843078670e+00
1.832079254388809142e+00
1.830413636445999082e+00
1.829487159967422505e+00
1.824426845073700010e+00
1.822192523241043194e+00
1.814007605791091882e+00
1.813199368476867690e+00
1.809622114896774381e+00
1.807326087236404311e+00
1.802050120592117333e+00
1.797815517902374260e+00
1.794815487384796127e+00
1.796205942630767716e+00
1.791974452495574965e+00
1.792254192829132009e+00
1.789600429296493544e+00
1.784513397216796804e+00
1.780580095291137699e+00
1.773967763185501090e+00
1.774060415029525828e+00
1.772086456775665342e+00
1.765870705842971899e+00
1.762815958261489957e+00
1.762871019601821798e+00
1.766512342929840162e+00
1.756366066217422528e+00
1.760214779376983563e+00
1.753018324851989718e+00
1.751343882560729925e+00
1.745336119413375853e+00
1.746441494226455671e+00
1.745485261201858540e+00
1.738477205038070572e+00
1.739873253107070861e+00
1.736663940906524761e+00
1.733973432779312152e+00
1.734181478261947573e+00
1.728318135976791403e+00
1.731809320211410430e+00
1.725089807987213231e+00
1.727141679525375340e+00
1.720040482997894360e+00
1.719952346563339285e+00
1.715267308473586994e+00
1.716622075796127245e+00
1.709816890478134122e+00
1.711271254539489695e+00
1.710440767288208042e+00
1.709903825759887752e+00
1.712021336555481055e+00
1.703445126295089818e+00
1.702377542734146099e+00
1.698166359663009661e+00
1.699854210615158179e+00
1.701275709152221705e+00
1.692578388452529836e+00
1.695071897506713832e+00
1.695226387023925696e+00
1.695322750091552644e+00
1.690923034906387290e+00
1.687754023075103804e+00
1.687659810781478864e+00
1.686090195894241361e+00
1.685627870798110939e+00
1.681899814605712917e+00
1.686325789213180437e+00
1.681215182304382383e+00
1.677535729885101246e+00
1.677511732101440334e+00
1.677178083181381174e+00
1.679439386606216500e+00
1.671014342308044354e+00
1.667911305427551172e+00
1.671809618949890108e+00
1.671252829313278232e+00
1.671524049043655369e+00
1.665520232439041237e+00
1.668172839641571148e+00
1.665999146223068328e+00
1.667541074037551807e+00
1.661734875917434628e+00
1.659234176874160749e+00
1.658800914287567041e+00
1.662607988119125357e+00
1.656050440549850400e+00
1.659761251926422210e+00
1.658283565998077469e+00
1.654751583099365320e+00
1.652057561874389569e+00
1.648812091350555509e+00
1.647416793107986388e+00
1.647676152467727695e+00
1.649560388088226359e+00
1.648048269987106407e+00
1.643307988643646134e+00
1.645574663162231444e+00
1.645666107177734316e+00
1.638891728878021148e+00
1.641022193431854292e+00
1.639670074939727717e+00
1.639260438919067475e+00
1.636842789649963326e+00
1.635817598819732765e+00
1.631675778150558420e+00
1.635389267206192043e+00
1.629764901161193880e+00
1.635469248056411695e+00
1.631206555366516042e+00
1.629287568092346206e+00
1.634162129878997893e+00
1.633064359188079795e+00
1.625805938243865878e+00
1.625784293651580725e+00
1.626228769302368260e+00
1.620984107255935669e+00
1.624551448106765772e+00
1.622175179004669232e+00
1.623411381721496571e+00
1.622996217966079735e+00
1.613981367111205989e+00
1.622032081842422535e+00
1.615532227754592931e+00
1.614124530553817660e+00
1.615797139644622904e+00
1.612016243457794262e+00
1.615986013412475497e+00
1.612404472112655585e+00
1.609225288152694722e+00
1.614665479898452771e+00
1.609817123174667408e+00
1.612991532087326041e+00
1.607421226024627670e+00
1.607379288196563616e+00
1.608370781183242837e+00
1.602882341623306228e+00
1.602884998559951812e+00
1.606328574895858674e+00
1.606075223922729389e+00
1.600487775564193749e+00
1.602867472410202110e+00
1.601749254226684460e+00
1.596855348348617643e+00
1.596725512981414852e+00
1.596910315036773609e+00
1.594993691205978337e+00
1.594123198032379118e+00
1.595227037906646661e+00
1.589684864044189405e+00
1.588731880903244020e+00
1.596776097536086958e+00
1.593436899423599229e+00
1.589489546298980649e+00
1.588189527034759463e+00
1.584318246603012126e+00
1.591538099527358918e+00
1.589150087594985994e+00
1.590873305797576798e+00
1.589479572772979799e+00
1.590227813243865862e+00
1.587833239316940315e+00
1.585669617891311667e+00
1.587766936302185128e+00
1.583813357591629112e+00
1.578306336402893084e+00
1.580067984342575116e+00
1.575769848823547425e+00
1.577596804857253954e+00
1.577584219694137646e+00
1.581274641752242971e+00
1.576358893156051710e+00
1.572391625165939333e+00
1.571185127496719458e+00
1.570801853179931706e+00
1.575580696821212712e+00
1.575413793802261431e+00
1.570317006111145108e+00
1.571136191606521626e+00
1.570287204980850282e+00
1.576871505260467599e+00
1.569667725086212107e+00
1.566214962482452400e+00
1.568676741361618054e+00
1.567058533430099487e+00
1.571497403860092179e+00
1.564314846038818319e+00
1.562328066110610925e+00
1.566997208356857296e+00
1.564617785692214991e+00
1.563910223722457804e+00
1.562265625476837227e+00
1.569834407329559367e+00
1.560697755575179979e+00
1.559318574905395494e+00
1.561963480472564614e+00
1.555741083145141701e+00
1.555586427211761436e+00
1.557779411554336635e+00
1.558015589237213172e+00
1.558854273796081547e+00
1.553296813964843759e+00
1.554725898504257131e+00
1.555311930894851757e+00
1.558783410549163806e+00
1.551914515495300240e+00
1.549797816753387458e+00
1.549994416236877504e+00
1.545438437700271672e+00
1.547771696090698201e+00
1.548566446781158401e+00
1.546809874296188436e+00
1.548122476100921574e+00
1.545884770154952959e+00
1.546694075345993014e+00
1.552484749317169177e+00
1.545038850069045955e+00
1.548055353403091416e+00
1.545462667942047119e+00
1.545959300279617255e+00
1.542356251001357981e+00
1.541590111494064441e+00
1.545071267604827936e+00
1.540010667085647489e+00
1.540241741180419899e+00
1.542860590457916237e+00
1.543348587274551376e+00
1.540674946308135951e+00
1.542804948329925541e+00
1.538050077915191549e+00
1.543452797651290842e+00
1.534925282478332598e+00
1.536156961917877206e+00
1.536012491226196319e+00
1.532798152446746887e+00
1.533747845649719332e+00
1.534637327432632370e+00
1.529703908681869562e+00
1.529079026699066146e+00
1.532894567966461175e+00
1.537598858356475917e+00
1.532584163904190167e+00
1.537914456367492688e+00
1.534835688591003500e+00
1.533587622404098516e+00
1.530292746782302871e+00
1.532184964418411344e+00
1.527970366716384865e+00
1.530002488851547326e+00
1.524836911678314255e+00
1.524800033807754529e+00
1.523091679334640514e+00
1.528882179737091063e+00
1.528919373989105157e+00
1.528706281185150173e+00
1.530194880008697522e+00
1.526498769521713150e+00
1.526158683300018248e+00
1.521687893152236848e+00
1.523666929721832375e+00
1.523666643619537409e+00
1.522802894830703746e+00
1.520212644100189303e+00
1.526293272733688422e+00
1.516874815702438317e+00
1.523756351470947346e+00
1.518685802698135356e+00
1.515595041751861549e+00
1.518968788862228303e+00
1.517669247150421175e+00
1.518794126749038798e+00
1.515090703010559148e+00
1.514324723720550603e+00
1.510748436927795479e+00
1.515139736652374225e+00
1.517836277723312310e+00
1.513558416843414411e+00
1.512110655307769669e+00
1.513752317667007352e+00
1.515381257295608464e+00
1.512596916198730490e+00
1.511446872472762992e+00
1.509060060739517262e+00
1.508222939968109078e+00
1.514408530473709158e+00
1.509174033880233745e+00
1.508069210767746027e+00
1.510909456014633223e+00
1.510102652311325011e+00
1.512436130523681532e+00
1.510069227457046415e+00
1.508079676389694201e+00
1.503152833223342810e+00
1.508085071086883611e+00
1.501031789302825992e+00
1.503245875120162944e+00
1.507226524829864411e+00
1.506562758445739725e+00
1.508088189601898277e+00
1.503484389066696236e+00
1.501169414997100882e+00
1.499984911680221522e+00
1.505737672567367458e+00
1.500568629026412859e+00
1.504222762584686235e+00
1.507350468397140597e+00
1.500973492145538435e+00
1.498337035894393932e+00
1.499811773538589410e+00
1.501334357261657759e+00
1.501985842466354359e+00
1.496235220432281521e+00
1.499594122171401978e+00
1.499870296001434289e+00
1.494202154397964444e+00
1.497085099935531627e+00
1.496961922168731585e+00
1.493999943971633826e+00
1.496125253200530913e+00
1.494383629083633425e+00
1.494810309410095295e+00
1.499628777027130155e+00
1.493770520210266017e+00
1.492551566362380955e+00
1.494799626588821484e+00
1.492193758487701416e+00
1.491622040271759042e+00
1.493984234809875522e+00
1.493551791429519549e+00
1.491633059263229422e+00
1.490721845865249584e+00
1.496652621507644554e+00
1.490955829143524092e+00
1.491545372009277282e+00
1.489888247013092082e+00
1.485305305004119836e+00
1.491919551372528074e+00
1.488370142936706442e+00
1.479892687320709221e+00
1.486413948774337745e+00
1.488792388439178493e+00
1.491534132003784263e+00
1.485312587261199857e+00
1.488352746963500950e+00
1.487242351770400983e+00
1.478523711681365871e+00
1.484507455348968552e+00
1.492070254802703833e+00
1.481360208749771035e+00
1.482304420709609882e+00
1.481544388532638479e+00
1.484285176753997737e+00
1.480504678487777781e+00
1.484523802042007512e+00
1.482076482057571365e+00
1.480101847171783502e+00
1.483237855434417662e+00
1.474441577434539852e+00
1.477758015632629318e+00
1.478990333795547452e+00
1.481462875366210907e+00
1.479692208290100064e+00
1.474668997764587486e+00
1.479677814722061058e+00
1.474817562103271529e+00
1.477586624860763642e+00
1.479704055547714336e+00
1.478072878599166806e+00
1.472828819990158022e+00
1.470941162586212103e+00
1.477242353677749698e+00
1.473939902305603011e+00
1.469274927616119442e+00
1.478950833320617608e+00
1.473829840421676529e+00
1.472369398593902590e+00
1.475703340291977028e+00
1.473982886314392005e+00
1.474386127948760894e+00
1.469933529853820753e+00
1.469505874872207629e+00
1.476207267761230568e+00
1.472675394058227560e+00
1.470356357574462924e+00
1.477436954975128280e+00
1.470479020357131850e+00
1.465797001600265492e+00
1.474029855489730867e+00
1.467587215662002453e+00
1.468935717105865457e+00
1.475053853511810287e+00
1.468723491668701087e+00
1.468367401838302611e+00
1.466386213541030825e+00
1.465658220767974917e+00
1.467353583335876399e+00
1.466316309928894057e+00
1.468328989982605082e+00
1.465032741546630879e+00
1.459391232490539592e+00
1.466658156871795571e+00
1.469533073425292935e+00
1.466617104768753066e+00
1.466034657716751122e+00
1.465458482742309609e+00
1.468981911182403621e+00
1.466387410879135045e+00
1.462432907819747996e+00
1.466523162603378339e+00
1.459525865554809565e+00
1.463842002630233674e+00
1.462762685775756744e+00
1.462461941242217955e+00
1.452354162216186628e+00
1.462731635570526212e+00
1.461139504909515274e+00
1.459140182733535740e+00
1.463322663545608471e+00
1.456680133819580059e+00
1.464754851818084624e+00
1.460631457328796401e+00
1.457984947919845675e+00
1.456509956836700370e+00
1.462714236021041891e+00
1.458186511278152464e+00
1.452544512271881194e+00
1.453833541393280138e+00
1.455301545858383117e+00
1.458917454957961990e+00
1.459050466775894117e+00
1.455269033432006864e+00
1.452786057472229109e+00
1.457082085609435973e+00
1.455746176958084170e+00
1.456145059823989785e+00
1.453355761528015044e+00
1.453224765539169239e+00
1.452984022855758672e+00
1.453253823041915860e+00
1.459056305170059131e+00
1.449922313928604156e+00
1.454791726589202971e+00
1.453872754096984909e+00
1.455099226713180594e+00
