1.015599966049194336e-01
9.762000292539596558e-02
1.004799976944923401e-01
1.042999997735023499e-01
1.058000028133392334e-01
1.096599996089935303e-01
1.297399997711181641e-01
1.529600024223327637e-01
1.640599966049194336e-01
1.728799939155578613e-01
1.835000067949295044e-01
1.943199932575225830e-01
2.105199992656707764e-01
2.179999947547912598e-01
2.255399972200393677e-01
2.351199984550476074e-01
2.414599955081939697e-01
2.437600046396255493e-01
2.495799958705902100e-01
2.584599852561950684e-01
2.599599957466125488e-01
2.671400010585784912e-01
2.693200111389160156e-01
2.759200036525726318e-01
2.808400094509124756e-01
2.850599884986877441e-01
2.865400016307830811e-01
2.904399931430816650e-01
2.936800122261047363e-01
2.967999875545501709e-01
2.978200018405914307e-01
3.027200102806091309e-01
3.052000105381011963e-01
3.087199926376342773e-01
3.062799870967864990e-01
3.130800127983093262e-01
3.174400031566619873e-01
3.154200017452239990e-01
3.228600025177001953e-01
3.241600096225738525e-01
3.249399960041046143e-01
3.305599987506866455e-01
3.306599855422973633e-01
3.330999910831451416e-01
3.372800052165985107e-01
3.401400148868560791e-01
3.397600054740905762e-01
3.474000096321105957e-01
3.447799980640411377e-01
3.486799895763397217e-01
3.511399924755096436e-01
3.515000045299530029e-01
3.530800044536590576e-01
3.516600131988525391e-01
3.553999960422515869e-01
3.592199981212615967e-01
3.589000105857849121e-01
3.605000078678131104e-01
3.605000078678131104e-01
3.617199957370758057e-01
3.653399944305419922e-01
3.707599937915802002e-01
3.725599944591522217e-01
3.728600144386291504e-01
3.710399866104125977e-01
3.769600093364715576e-01
3.771600127220153809e-01
3.763000071048736572e-01
3.796600103378295898e-01
3.784399926662445068e-01
3.796400129795074463e-01
3.826400041580200195e-01
3.825600147247314453e-01
3.837999999523162842e-01
3.860000073909759521e-01
3.866400122642517090e-01
3.882200121879577637e-01
3.907999992370605469e-01
3.918200135231018066e-01
3.913800120353698730e-01
3.951799869537353516e-01
3.952600061893463135e-01
3.954600095748901367e-01
3.979400098323822021e-01
3.983199894428253174e-01
3.988200128078460693e-01
3.970600068569183350e-01
3.986800014972686768e-01
3.977600038051605225e-01
4.009000062942504883e-01
4.023999869823455811e-01
4.036200046539306641e-01
4.008199870586395264e-01
4.031800031661987305e-01
4.038000106811523438e-01
4.058600068092346191e-01
4.043399989604949951e-01
4.072000086307525635e-01
4.063200056552886963e-01
4.090600013732910156e-01
4.087400138378143311e-01
4.079400002956390381e-01
4.105199873447418213e-01
4.124000072479248047e-01
4.104399979114532471e-01
4.148400127887725830e-01
4.131200015544891357e-01
4.136199951171875000e-01
4.142999947071075439e-01
4.144400060176849365e-01
4.137000143527984619e-01
4.175400137901306152e-01
4.171400070190429688e-01
4.151600003242492676e-01
4.180200099945068359e-01
4.223000109195709229e-01
4.189200103282928467e-01
4.187600016593933105e-01
4.211399853229522705e-01
4.225400090217590332e-01
4.193800091743469238e-01
4.198400080204010010e-01
4.225000143051147461e-01
4.217000007629394531e-01
4.231800138950347900e-01
4.246200025081634521e-01
4.236600100994110107e-01
4.237000048160552979e-01
4.263199865818023682e-01
4.262399971485137939e-01
4.248600006103515625e-01
4.273599982261657715e-01
4.278999865055084229e-01
4.292599856853485107e-01
4.269799888134002686e-01
4.301399886608123779e-01
4.288800060749053955e-01
4.301599860191345215e-01
4.320000112056732178e-01
4.334799945354461670e-01
4.311999976634979248e-01
4.317399859428405762e-01
4.310599863529205322e-01
4.311200082302093506e-01
4.330199956893920898e-01
4.354400038719177246e-01
4.310399889945983887e-01
4.344600141048431396e-01
4.341199994087219238e-01
4.357799887657165527e-01
4.375000000000000000e-01
4.349600076675415039e-01
4.352000057697296143e-01
4.380800127983093262e-01
4.358200132846832275e-01
4.361999928951263428e-01
4.361799955368041992e-01
4.412600100040435791e-01
4.382199943065643311e-01
4.395399987697601318e-01
4.392800033092498779e-01
4.431799948215484619e-01
4.439800083637237549e-01
4.399600028991699219e-01
4.456000030040740967e-01
4.435600042343139648e-01
4.422599971294403076e-01
4.463199973106384277e-01
4.443599879741668701e-01
4.445399940013885498e-01
4.474399983882904053e-01
4.456999897956848145e-01
4.440599977970123291e-01
4.465599954128265381e-01
4.457199871540069580e-01
4.440799951553344727e-01
4.470399916172027588e-01
4.477199912071228027e-01
4.466800093650817871e-01
4.453600049018859863e-01
4.487200081348419189e-01
4.491800069808959961e-01
4.476400017738342285e-01
4.505000114440917969e-01
4.497199952602386475e-01
4.512400031089782715e-01
4.518199861049652100e-01
4.513800144195556641e-01
4.512200057506561279e-01
4.505000114440917969e-01
4.499599933624267578e-01
4.547599852085113525e-01
4.543400108814239502e-01
4.506199955940246582e-01
4.523400068283081055e-01
4.535599946975708008e-01
4.570200145244598389e-01
4.541400074958801270e-01
4.546799957752227783e-01
4.526999890804290771e-01
4.560000002384185791e-01
4.551999866962432861e-01
4.553599953651428223e-01
4.561200141906738281e-01
4.570600092411041260e-01
4.517000019550323486e-01
4.594799876213073730e-01
4.593999981880187988e-01
4.570200145244598389e-01
4.593400061130523682e-01
4.613400101661682129e-01
4.587599933147430420e-01
4.580200016498565674e-01
4.615400135517120361e-01
4.628599882125854492e-01
4.630999863147735596e-01
4.628399908542633057e-01
4.597400128841400146e-01
4.647400081157684326e-01
4.616799950599670410e-01
4.640400111675262451e-01
4.623399972915649414e-01
4.618200063705444336e-01
4.618999958038330078e-01
4.660600125789642334e-01
4.661400020122528076e-01
4.663999974727630615e-01
4.666399955749511719e-01
4.648199975490570068e-01
4.648999869823455811e-01
4.654799997806549072e-01
4.708400070667266846e-01
4.632000029087066650e-01
4.660399854183197021e-01
4.661400020122528076e-01
4.678800106048583984e-01
4.706000089645385742e-01
4.675999879837036133e-01
4.659000039100646973e-01
4.668399989604949951e-01
4.659200012683868408e-01
4.698399901390075684e-01
4.694400131702423096e-01
4.682399928569793701e-01
4.686200022697448730e-01
4.702999889850616455e-01
4.718399941921234131e-01
4.707199931144714355e-01
4.725199937820434570e-01
4.714199900627136230e-01
4.744200110435485840e-01
4.716199934482574463e-01
4.724799990653991699e-01
4.707399904727935791e-01
4.748800098896026611e-01
4.739400148391723633e-01
4.723800122737884521e-01
4.738200008869171143e-01
4.754799902439117432e-01
4.730199873447418213e-01
4.706200063228607178e-01
4.742999970912933350e-01
4.738999903202056885e-01
4.746400117874145508e-01
4.740799963474273682e-01
4.752799868583679199e-01
4.728200137615203857e-01
4.732800126075744629e-01
4.771200120449066162e-01
4.745199978351593018e-01
4.741599857807159424e-01
4.780200123786926270e-01
4.736199975013732910e-01
4.798400104045867920e-01
4.740200042724609375e-01
4.749000072479248047e-01
4.768599867820739746e-01
4.788999855518341064e-01
4.795399904251098633e-01
4.795399904251098633e-01
4.783999919891357422e-01
4.781599938869476318e-01
4.779199957847595215e-01
4.772599935531616211e-01
4.786399900913238525e-01
4.794799983501434326e-01
4.795799851417541504e-01
4.812799990177154541e-01
4.775399863719940186e-01
4.791600108146667480e-01
4.776000082492828369e-01
4.840399920940399170e-01
4.839800000190734863e-01
4.824999868869781494e-01
4.842799901962280273e-01
4.809800088405609131e-01
4.822399914264678955e-01
4.846999943256378174e-01
4.818400144577026367e-01
4.834200143814086914e-01
4.810799956321716309e-01
4.809800088405609131e-01
4.839200079441070557e-01
4.835999906063079834e-01
4.852800071239471436e-01
4.856399893760681152e-01
4.823600053787231445e-01
4.851399958133697510e-01
4.876999855041503906e-01
4.848600029945373535e-01
4.842000007629394531e-01
4.873600006103515625e-01
4.853000044822692871e-01
4.836199879646301270e-01
4.856399893760681152e-01
4.866000115871429443e-01
4.836199879646301270e-01
4.823800027370452881e-01
4.854399859905242920e-01
4.847800135612487793e-01
4.871999919414520264e-01
4.849199950695037842e-01
4.825600087642669678e-01
4.905799925327301025e-01
4.869999885559082031e-01
4.903599917888641357e-01
4.885399937629699707e-01
4.887599945068359375e-01
4.853799939155578613e-01
4.859600067138671875e-01
4.893400073051452637e-01
4.899600148200988770e-01
4.873400032520294189e-01
4.887599945068359375e-01
4.905000030994415283e-01
4.878599941730499268e-01
4.906199872493743896e-01
4.887399971485137939e-01
4.890800118446350098e-01
4.909200072288513184e-01
4.912199974060058594e-01
4.915400147438049316e-01
4.925200045108795166e-01
4.916400015354156494e-01
4.918400049209594727e-01
4.911600053310394287e-01
4.937399923801422119e-01
4.916599988937377930e-01
4.926199913024902344e-01
4.915600121021270752e-01
4.916200041770935059e-01
4.942399859428405762e-01
4.916599988937377930e-01
4.920000135898590088e-01
4.941000044345855713e-01
4.971399903297424316e-01
4.934000074863433838e-01
4.934200048446655273e-01
4.921799898147583008e-01
4.955599904060363770e-01
4.908599853515625000e-01
4.955399930477142334e-01
4.945000112056732178e-01
4.951600134372711182e-01
4.950599968433380127e-01
4.973399937152862549e-01
4.929200112819671631e-01
4.944399893283843994e-01
4.960600137710571289e-01
4.967199862003326416e-01
4.939599931240081787e-01
4.973999857902526855e-01
4.953199923038482666e-01
4.958600103855133057e-01
4.976800084114074707e-01
4.959999918937683105e-01
4.983200132846832275e-01
4.935399889945983887e-01
4.974800050258636475e-01
4.944599866867065430e-01
4.994400143623352051e-01
4.954000115394592285e-01
4.988400042057037354e-01
4.975599944591522217e-01
4.979200065135955811e-01
4.997400045394897461e-01
4.984599947929382324e-01
4.987199902534484863e-01
4.944800138473510742e-01
4.997400045394897461e-01
4.962399899959564209e-01
4.992600083351135254e-01
4.995799958705902100e-01
4.981600046157836914e-01
5.007799863815307617e-01
5.004000067710876465e-01
5.000399947166442871e-01
5.009999871253967285e-01
4.988799989223480225e-01
5.030800104141235352e-01
4.999000132083892822e-01
4.991999864578247070e-01
4.988999962806701660e-01
5.009800195693969727e-01
4.990400075912475586e-01
5.024799704551696777e-01
4.997000098228454590e-01
4.998599886894226074e-01
5.009199976921081543e-01
4.978800117969512939e-01
5.022199749946594238e-01
5.011799931526184082e-01
5.042799711227416992e-01
5.004799962043762207e-01
4.998199939727783203e-01
5.010399818420410156e-01
5.014600157737731934e-01
5.036000013351440430e-01
4.999600052833557129e-01
4.992800056934356689e-01
5.028399825096130371e-01
5.008800029754638672e-01
5.027800202369689941e-01
5.019999742507934570e-01
4.990000128746032715e-01
5.043600201606750488e-01
5.039799809455871582e-01
5.039600133895874023e-01
5.040400028228759766e-01
5.034400224685668945e-01
5.034999847412109375e-01
5.044199824333190918e-01
5.050399899482727051e-01
5.022400021553039551e-01
5.062000155448913574e-01
5.038400292396545410e-01
5.048000216484069824e-01
5.046600103378295898e-01
5.032399892807006836e-01
5.049200057983398438e-01
5.064200162887573242e-01
5.070000290870666504e-01
5.034800171852111816e-01
5.037999749183654785e-01
5.080599784851074219e-01
5.064200162887573242e-01
5.038999915122985840e-01
5.056800246238708496e-01
5.078799724578857422e-01
5.065600275993347168e-01
5.086799860000610352e-01
5.040400028228759766e-01
5.066000223159790039e-01
5.107600092887878418e-01
5.082399845123291016e-01
5.079399943351745605e-01
5.066199898719787598e-01
5.065600275993347168e-01
5.052400231361389160e-01
5.072399973869323730e-01
5.067999958992004395e-01
5.094000101089477539e-01
5.068200230598449707e-01
5.062000155448913574e-01
5.068600177764892578e-01
5.065400004386901855e-01
5.090399980545043945e-01
5.068200230598449707e-01
5.096399784088134766e-01
5.085600018501281738e-01
5.094599723815917969e-01
5.116000175476074219e-01
5.077400207519531250e-01
5.106800198554992676e-01
5.088999867439270020e-01
5.087000131607055664e-01
5.086200237274169922e-01
5.062800049781799316e-01
5.103800296783447266e-01
5.096799731254577637e-01
5.087800025939941406e-01
5.128800272941589355e-01
5.075200200080871582e-01
5.096200108528137207e-01
5.108600258827209473e-01
5.071799755096435547e-01
5.104200243949890137e-01
5.131000280380249023e-01
5.095000267028808594e-01
5.072199702262878418e-01
5.133799910545349121e-01
5.111600160598754883e-01
5.118600130081176758e-01
5.133399963378906250e-01
5.113599896430969238e-01
5.108000040054321289e-01
5.138599872589111328e-01
5.121999979019165039e-01
5.109000205993652344e-01
5.139999985694885254e-01
