2.691230618000030717e+00
2.118166218757629338e+00
1.986978832960128782e+00
1.901604907989501880e+00
1.848372501134872392e+00
1.805625172138214163e+00
1.776521187067031882e+00
1.751296869993209881e+00
1.724017620325088540e+00
1.701432811021804881e+00
1.680712173461914150e+00
1.659422261238098217e+00
1.642063742399215709e+00
1.624141128778457732e+00
1.609274284601211580e+00
1.598052117824554363e+00
1.589460508346557610e+00
1.572830912590026831e+00
1.561333752393722518e+00
1.551426268339157089e+00
1.546487023591995191e+00
1.533119673728942978e+00
1.522621292829513528e+00
1.516426186323165837e+00
1.503213777542114160e+00
1.496662810325622539e+00
1.488751214504241860e+00
1.483182996749877969e+00
1.473646466732025040e+00
1.464721409797668406e+00
1.463694671630859423e+00
1.450702312469482447e+00
1.446573251008987482e+00
1.439612938404083220e+00
1.432466593742370620e+00
1.430788291931152312e+00
1.419031629562377939e+00
1.414238655567169101e+00
1.412207728624343961e+00
1.405051138877868588e+00
1.402575872421264691e+00
1.396724964618682785e+00
1.388506820201873770e+00
1.385049695014953564e+00
1.373609046220779506e+00
1.375787130832672123e+00
1.366955252408981414e+00
1.367057870388030949e+00
1.357416742086410499e+00
1.357489986181259045e+00
1.351265948414802631e+00
1.350310971021652318e+00
1.341763727188110433e+00
1.339686498165130635e+00
1.338475763797760010e+00
1.330810983180999774e+00
1.327694462299346956e+00
1.322607996225356963e+00
1.320688238859176744e+00
1.314137077331543058e+00
1.311488716006278921e+00
1.306897843122482250e+00
1.304926854610443110e+00
1.299110475301742618e+00
1.297280836462974651e+00
1.291591119408607380e+00
1.286352411508560278e+00
1.284507550477981486e+00
1.285882492423057633e+00
1.279425410389900097e+00
1.274142788410186800e+00
1.273585312843322770e+00
1.276172481536865133e+00
1.266459674358367815e+00
1.265133490324020338e+00
1.260808217167854295e+00
1.258141153216361996e+00
1.254485490322112984e+00
1.248039720177650524e+00
1.252809037446975804e+00
1.247001096129417341e+00
1.242757661461830088e+00
1.238076748251915049e+00
1.239828475594520585e+00
1.233729441523552017e+00
1.230317145705223103e+00
1.229624631762504583e+00
1.225750839591026375e+00
1.226182406306266737e+00
1.216167254447936941e+00
1.215731963515281677e+00
1.215149601936340362e+00
1.214094363808631893e+00
1.205127520322799572e+00
1.206266559123992943e+00
1.205450568914413489e+00
1.203879172444343615e+00
1.196627483963966343e+00
1.193892496943473880e+00
1.193263970017433229e+00
1.189465545177459616e+00
1.190736930131912175e+00
1.188628795623779322e+00
1.181958039641380243e+00
1.177950085759162935e+00
1.178415219545364323e+00
1.177863078355789295e+00
1.174628092050552297e+00
1.169038030385971094e+00
1.167022434949874787e+00
1.157816130399703880e+00
1.165301352143287561e+00
1.160030243158340468e+00
1.157745740532875045e+00
1.156080995917320164e+00
1.154399108529090778e+00
1.149992691874504036e+00
1.147402258038520806e+00
1.147461831331253013e+00
1.145685422182083135e+00
1.145945020437240558e+00
1.138355747580528154e+00
1.133908366084098729e+00
1.138892930269241432e+00
1.125684750795364453e+00
1.129051890969276384e+00
1.124608144879341021e+00
1.129080540060997118e+00
1.120511942267417904e+00
1.117958688855171134e+00
1.116645817041397093e+00
1.117687520861625705e+00
1.117337047457694910e+00
1.111046369314193649e+00
1.108949558258056634e+00
1.104233690261840817e+00
1.103596826910972606e+00
1.108282405376434410e+00
1.101884833574295008e+00
1.097990579128265365e+00
1.103906777620315527e+00
1.089472233533859358e+00
1.087540706753730824e+00
1.094461567044258121e+00
1.083500551462173389e+00
1.089101885199546871e+00
1.084523558139800947e+00
1.082395988345146165e+00
1.080445403575897245e+00
1.076992180705070412e+00
1.075209177970886332e+00
1.074615659594535755e+00
1.068046875476837076e+00
1.066854601860046436e+00
1.065266678810119716e+00
1.065364938139915507e+00
1.062114056229591430e+00
1.064668090224266006e+00
1.057589500904083213e+00
1.059435592651367219e+00
1.055518563389778119e+00
1.052059496045112619e+00
1.050777870774269207e+00
1.047240261197090128e+00
1.044140044331550499e+00
1.045260970711707982e+00
1.041726022124290552e+00
1.033508171916007967e+00
1.037575676202774133e+00
1.037420171022415127e+00
1.033650539517402711e+00
1.038558303594589338e+00
1.026389074325561479e+00
1.034439145803451643e+00
1.028685349225997969e+00
1.029933403730392438e+00
1.019694363713264496e+00
1.017765366673469618e+00
1.016355644226074162e+00
1.017681696891784560e+00
1.013617490053176917e+00
1.017891463518142636e+00
1.010482762455940264e+00
1.010131412029266373e+00
1.006440784335136396e+00
1.007610250592231749e+00
1.001777686834335324e+00
9.983089658021926383e-01
9.968106938600540534e-01
1.001266167759895298e+00
9.942497445344924412e-01
9.952578139305114924e-01
9.935569479465484743e-01
9.911483947038650655e-01
9.948981678485870894e-01
9.916799737215041821e-01
9.856114143133163363e-01
9.824952803850174332e-01
9.846143317222595392e-01
9.761284575462341184e-01
9.776387308835983170e-01
9.777603662014007213e-01
9.782040531635284308e-01
9.711259022951126418e-01
9.685599368810653420e-01
9.727006181478500269e-01
9.723386312723160119e-01
9.626704357862472250e-01
9.616254444122314116e-01
9.605187642574309903e-01
9.638051978349685411e-01
9.616063382625580358e-01
9.572755446434021431e-01
9.548146618604660407e-01
9.521223020553588601e-01
9.505066952705383265e-01
9.559510543346404488e-01
9.498014149665832129e-01
9.478388726711273193e-01
9.493780814409256141e-01
9.486512167453765576e-01
9.391150987148284557e-01
9.339565142393112529e-01
9.415158611536026401e-01
9.398776082992553738e-01
9.382176467180252111e-01
9.317967354059218943e-01
9.299413336515426343e-01
9.285775904655456658e-01
9.272624092102050852e-01
9.301653856039047152e-01
9.226718885898590461e-01
9.230346305370330517e-01
9.289474039077758594e-01
9.227175406217574816e-01
9.144005734920501727e-01
9.188538486957550377e-01
9.116527993679046649e-01
9.164552081823349461e-01
9.117796834707260212e-01
9.159552077054977648e-01
9.073848029375076729e-01
9.102966530919075483e-01
9.105689374208449927e-01
9.143055300712585876e-01
9.079971023797989149e-01
9.010942377448082352e-01
9.034770278930663867e-01
8.995209182500839562e-01
9.030531990528106734e-01
8.931137782335281106e-01
8.945238355398178465e-01
8.956130105257034124e-01
8.937272949218749707e-01
8.885676865577697425e-01
8.851058753728866524e-01
8.907363845109939060e-01
8.857333855628967134e-01
8.769676251411437917e-01
8.859637056589126924e-01
8.677580871582031286e-01
8.841624984741210946e-01
8.842458956241607826e-01
8.746328028440475411e-01
8.712827041149139307e-01
8.732722209692000970e-01
8.710625369548797847e-01
8.753539918661117358e-01
8.647689352035522470e-01
8.699981596469879008e-01
8.703682439327240505e-01
8.648729342222213345e-01
8.565415539741516593e-01
8.639461792707443522e-01
8.636371880769729836e-01
8.638084716796875506e-01
8.600056141614913496e-01
8.562460528612136912e-01
8.600948743820190368e-01
8.504602094888686903e-01
8.579589536190033172e-01
8.471769088506698742e-01
8.532875093221664597e-01
8.516541361808777078e-01
8.442626489400864020e-01
8.446572417020797863e-01
8.480781838893890479e-01
8.445079213380813909e-01
8.426959999799727985e-01
8.377903331518172791e-01
8.428569771051407367e-01
8.400393444299697476e-01
8.365149750709534038e-01
8.438147994279860953e-01
8.371949228048324310e-01
8.329458516836166782e-01
8.377307876348495386e-01
8.349398481249808990e-01
8.316399054527282564e-01
8.369207249879837551e-01
8.322467613220214666e-01
8.304430501461028680e-01
8.224320737719535979e-01
8.229813513755798171e-01
8.275521823167800717e-01
8.318760669231415328e-01
8.162124247550964773e-01
8.206569793224334219e-01
8.196138819456100233e-01
8.154820533990859710e-01
8.170539543032646623e-01
8.178684916496277157e-01
8.182392395734786605e-01
8.088903307914734331e-01
8.094982891082763699e-01
8.111447163820266759e-01
8.149920364618301605e-01
8.110338640213012873e-01
8.065826516151428649e-01
8.036107290983199869e-01
8.088828401565552051e-01
8.029736838936806231e-01
8.015176118612289402e-01
8.034970607161522338e-01
8.002972287535667917e-01
7.990378887653351025e-01
7.986733716726303056e-01
7.907722479701042584e-01
7.954971779584885105e-01
7.949998675584792895e-01
7.957765471339225405e-01
7.977909668684005640e-01
7.907723313570023116e-01
7.852479997873306194e-01
7.902855843305587324e-01
7.975912085771560411e-01
7.827849911451340015e-01
7.871332957744597847e-01
7.932755089402199200e-01
7.796824404001235775e-01
7.768717850446701378e-01
7.801493988037109251e-01
7.772580125331878254e-01
7.700902136564254929e-01
7.769950122833252371e-01
7.749217207431793319e-01
7.746722599267960030e-01
7.809938744902610308e-01
7.660393461585044417e-01
7.743951368331909446e-01
7.685975371599197414e-01
7.682296273112296792e-01
7.678230298757553474e-01
7.650613895654678753e-01
7.730780602693557713e-01
7.684531660079956250e-01
7.658441162109375089e-01
7.553262603282928644e-01
7.667734932303428286e-01
7.621827137470245095e-01
7.637718852758407229e-01
7.580559415221214126e-01
7.613242319226265487e-01
7.556546902656555709e-01
7.579646787047386036e-01
7.610843231081962923e-01
7.626543513536453434e-01
7.522025156021118208e-01
7.513571607470512781e-01
7.564320792555808692e-01
7.496012077331543066e-01
7.519578088521957637e-01
7.512788180112838221e-01
7.463771368265151862e-01
7.467078459858894623e-01
7.436332423090934451e-01
7.465947013497352680e-01
7.398146662712097310e-01
7.426584265232085702e-01
7.355166990160941776e-01
7.383404293656349315e-01
7.446880042552947998e-01
7.424993177652359222e-01
7.448360893130302474e-01
7.325966650843620531e-01
7.362791967391967285e-01
7.356541631817817839e-01
7.343024840950965748e-01
7.351387391686439177e-01
7.389176607728004109e-01
7.257080644965171468e-01
7.329240303039550319e-01
7.292085021138191570e-01
7.231505872011184666e-01
7.306092503070831246e-01
7.266375812888145047e-01
7.273924812078476076e-01
7.177430813908577401e-01
7.204254004955291668e-01
7.268455138802528692e-01
7.235993867516518074e-01
7.234964742660522363e-01
7.188678150773047948e-01
7.339231328368186480e-01
7.188705281615257459e-01
7.274716344475745666e-01
7.154977497458457902e-01
7.213934629559516365e-01
7.242471047043800292e-01
7.105318629145622733e-01
7.144117746353149112e-01
7.125533410906791376e-01
7.202579493522643928e-01
7.104371356368064383e-01
7.144892338514328145e-01
7.062770763039588617e-01
7.077623845338821829e-01
7.096049723029136391e-01
7.085351492762566039e-01
7.047192316651343935e-01
7.051156232953071923e-01
7.060463989377021576e-01
7.035698994994163957e-01
6.999942028522491144e-01
7.120278311371803781e-01
6.980655661225318998e-01
6.971265476942062334e-01
7.000739664435386977e-01
7.046596282124519828e-01
7.020593581795692151e-01
6.986651694774628218e-01
6.879421047568321512e-01
6.912089939117431747e-01
7.006369007825851147e-01
6.893506137132644485e-01
6.871979354619980329e-01
6.946969308257102682e-01
6.856138740181922930e-01
6.870067778825760252e-01
6.901884514689445860e-01
6.934314429759979026e-01
6.884891689419746497e-01
6.954701473116874366e-01
6.803699780702591182e-01
6.845265954136848796e-01
6.874399960637093132e-01
6.809796773195266884e-01
6.849062465429306412e-01
6.856514101624489044e-01
6.859115529656409915e-01
6.791662124991416638e-01
6.833425549864768911e-01
6.783415647149085848e-01
6.829901793599129078e-01
6.813165165781974730e-01
6.855595296621322943e-01
6.745534845590591688e-01
6.791148678064345967e-01
6.736091641783714667e-01
6.678221377730370056e-01
6.631028854846954257e-01
6.833817993402481195e-01
6.721029693484306122e-01
6.697844219803810173e-01
6.711646500229835333e-01
6.662666862607001805e-01
6.713917360305786675e-01
6.651961814165114895e-01
6.696449087262154043e-01
6.737148661017418050e-01
6.664115119576453639e-01
6.579335805177688457e-01
6.641596753597259761e-01
6.591702985167503526e-01
6.667350980043411646e-01
6.645044765472412074e-01
6.612806616425513928e-01
6.520320807695388909e-01
6.648303346037864880e-01
6.632952373623848263e-01
6.565586922764777844e-01
6.626233840584755397e-01
6.560257184505462469e-01
6.560841549634933711e-01
6.565965606570244306e-01
6.455894275903701907e-01
6.512728576660156143e-01
6.561090764403343378e-01
6.514662019610405475e-01
6.532059257626533499e-01
6.524811673760414488e-01
6.513408544659614607e-01
6.450419824719428874e-01
6.555361570119857539e-01
6.545154727101325509e-01
6.497517088651657557e-01
6.471194692850112951e-01
6.404146419763565579e-01
6.396605927944183367e-01
6.472027084231376515e-01
