3.246157302379608200e+00
2.286639730453491115e+00
2.176615225315094104e+00
2.120565206766128696e+00
2.090242316961288260e+00
2.055749168872833099e+00
2.032419831037521440e+00
2.011180940866470479e+00
1.989173417329788141e+00
1.969435099840164183e+00
1.954591796159744321e+00
1.936570073127746650e+00
1.917965353250503435e+00
1.903954663276672399e+00
1.892466836452484147e+00
1.880400774955749421e+00
1.863354622125625637e+00
1.850014262199401793e+00
1.840058385133743313e+00
1.832810801029205239e+00
1.817406846523284880e+00
1.808685399770736613e+00
1.795136890649795536e+00
1.786482361555099541e+00
1.776179267644882209e+00
1.766974033594131521e+00
1.755335839509964080e+00
1.743062287807464639e+00
1.738316697359085117e+00
1.728484255313873286e+00
1.720416973829269391e+00
1.706153696775436490e+00
1.699627659559249881e+00
1.693000784873962328e+00
1.681082023143768200e+00
1.675394623517990178e+00
1.667355877637863193e+00
1.662389039754867515e+00
1.656769632101058987e+00
1.652564707040786729e+00
1.644790195703506486e+00
1.638347527265548775e+00
1.633501169681549126e+00
1.627855921268463124e+00
1.620520005702972499e+00
1.618862804174423298e+00
1.609623890161514304e+00
1.608659497022628893e+00
1.600762210369110150e+00
1.598146055221557615e+00
1.593055081844329868e+00
1.586412137031555147e+00
1.580031199455261159e+00
1.579975856304168591e+00
1.578276668310165443e+00
1.571293725013732878e+00
1.561866413354873639e+00
1.561985333681106480e+00
1.561002282142639253e+00
1.551795439004898025e+00
1.549276610136032017e+00
1.544427314281463515e+00
1.539617169618606507e+00
1.538028151988983128e+00
1.529777538776397661e+00
1.531881068468093909e+00
1.529960069179534976e+00
1.525564390659332359e+00
1.519960523605346614e+00
1.515810443878173874e+00
1.513800721645355285e+00
1.512548548936843762e+00
1.505838083505630420e+00
1.505196080207824805e+00
1.498286085128784251e+00
1.498705379009246830e+00
1.494451682090759181e+00
1.488844049930572400e+00
1.488600335121154750e+00
1.484975828647613572e+00
1.482083194732666032e+00
1.480825771331787166e+00
1.478161252021789496e+00
1.478312062978744512e+00
1.473938529491424454e+00
1.468015490055084138e+00
1.467890577077865633e+00
1.462534086704254221e+00
1.461376134395599324e+00
1.459236309766769324e+00
1.453698862314224183e+00
1.457791599988937481e+00
1.452281515598297101e+00
1.450820430994033794e+00
1.448222445726394580e+00
1.437259126901626605e+00
1.445107439994812060e+00
1.440105756282806349e+00
1.436809533834457309e+00
1.434421959877014263e+00
1.431644436836242651e+00
1.426970128774643021e+00
1.427048982858657888e+00
1.423912696361541830e+00
1.424018085002899170e+00
1.421811151266098028e+00
1.415868659973144483e+00
1.418199894905090241e+00
1.417380589485168541e+00
1.411214933872222854e+00
1.407176314592361477e+00
1.414694551944732703e+00
1.403308526992797844e+00
1.404313009977340654e+00
1.398479099750518762e+00
1.401861393451690585e+00
1.399397484540939374e+00
1.398878354072570884e+00
1.396463169336318977e+00
1.390560075283050478e+00
1.394467539072036688e+00
1.388903066396713237e+00
1.388805641412734992e+00
1.388347968339920024e+00
1.381561003446579061e+00
1.384866115808486953e+00
1.380824331521987913e+00
1.378069844007492106e+00
1.378541740179061836e+00
1.376471234798431365e+00
1.374824175357818534e+00
1.374686238050460751e+00
1.370730833768844636e+00
1.369545195102691570e+00
1.368065227031707742e+00
1.369115618944168000e+00
1.365258017301559379e+00
1.364558562278747500e+00
1.365484020709991420e+00
1.356194344043731626e+00
1.361030009031295673e+00
1.358506121873855665e+00
1.362517100095749001e+00
1.353918915510177623e+00
1.354285613536834632e+00
1.350478076934814364e+00
1.350841521739959639e+00
1.351461608409881610e+00
1.349239184617996301e+00
1.348098531723022520e+00
1.348878629446029764e+00
1.347203240156173765e+00
1.341843340873718260e+00
1.342576247692108149e+00
1.342472493410110435e+00
1.337326153278350915e+00
1.341094762086868286e+00
1.338819275140762377e+00
1.334169187307357785e+00
1.333352844476699772e+00
1.333573589682579108e+00
1.330623577713966332e+00
1.325957396984100312e+00
1.323423970460891663e+00
1.326766886472702023e+00
1.328062939643859908e+00
1.323622275114059388e+00
1.323429189920425353e+00
1.319030614614486785e+00
1.322122937917709296e+00
1.320090866804122909e+00
1.321702380418777523e+00
1.320120739221572803e+00
1.311640192389488258e+00
1.313313803553581183e+00
1.311766891837120141e+00
1.315463764190673901e+00
1.313614987373352028e+00
1.311192167758941540e+00
1.311270800828933769e+00
1.308730899572372541e+00
1.303976184606552069e+00
1.303409698247909532e+00
1.303884584188461204e+00
1.308376064538955719e+00
1.306453599572181767e+00
1.301772612094879156e+00
1.298887542247772142e+00
1.300419968843460117e+00
1.296553436040878360e+00
1.303240765213966368e+00
1.297049636721611110e+00
1.300959165334701462e+00
1.288739806771278307e+00
1.291462865591049169e+00
1.294449720144271954e+00
1.291763777256011991e+00
1.293982094645500291e+00
1.288328479051589870e+00
1.289933255314827054e+00
1.284285275578498808e+00
1.285265345096588074e+00
1.281720798730850319e+00
1.277211043596267803e+00
1.283788246870040783e+00
1.281886742830276482e+00
1.281591313123703113e+00
1.276500990152358961e+00
1.278695617079734781e+00
1.282856632232665994e+00
1.275667468070983857e+00
1.275345981597900469e+00
1.274918393731117261e+00
1.275818027377128683e+00
1.272804827570915176e+00
1.274685947418212839e+00
1.264971300840377788e+00
1.271474194288253701e+00
1.269624066710472121e+00
1.270310121059417652e+00
1.271266499757766733e+00
1.264323432803154068e+00
1.267262026071548364e+00
1.265839134931564303e+00
1.268369929432868970e+00
1.266155054330825758e+00
1.263505593895912105e+00
1.260333620309829650e+00
1.259609874963760312e+00
1.258195929765701271e+00
1.256910384535789404e+00
1.259889304995536863e+00
1.256395231246948185e+00
1.254806297540664639e+00
1.260574645042419339e+00
1.258152266025543309e+00
1.255997139692306419e+00
1.249001577138900698e+00
1.255868436098098728e+00
1.248174674987792887e+00
1.247183371901512183e+00
1.246362434148788445e+00
1.247234559178352464e+00
1.246727617144584688e+00
1.248487223029136617e+00
1.244263378977775503e+00
1.247440556287765512e+00
1.246600477814674424e+00
1.239485920786857598e+00
1.237662001252174404e+00
1.244296044588089067e+00
1.240055056333541961e+00
1.238864131093025289e+00
1.243471451520919757e+00
1.234697934985160783e+00
1.237422739028930740e+00
1.242108421087265047e+00
1.241108899712562552e+00
1.234938474297523570e+00
1.230315171480178771e+00
1.233286819338798468e+00
1.228957691669464003e+00
1.230663932442665143e+00
1.231191788911819351e+00
1.228395285248756519e+00
1.228566156029701206e+00
1.226716272115707440e+00
1.231307654023170439e+00
1.223745005011558584e+00
1.221640999794006310e+00
1.226476784348487836e+00
1.226460616588592512e+00
1.221356765270233069e+00
1.222263953208923448e+00
1.221069555282592756e+00
1.227156079053878690e+00
1.221820485830307002e+00
1.212474607348442035e+00
1.221168916702270568e+00
1.219337106108665525e+00
1.212511897802352800e+00
1.216943915009498500e+00
1.216851969361305130e+00
1.216700533270835827e+00
1.212960799813270540e+00
1.212446284890174919e+00
1.215067707896232641e+00
1.213470070958137415e+00
1.208400570273399310e+00
1.208478044390678408e+00
1.208121914505958516e+00
1.210822052597999576e+00
1.214658800125122173e+00
1.208941357016563467e+00
1.205822116732597316e+00
1.201607831716537511e+00
1.209469748854637094e+00
1.203398162126541049e+00
1.208763083815574735e+00
1.200398815989494272e+00
1.196535772442817613e+00
1.195794337749481295e+00
1.197689416050911060e+00
1.194988017678260794e+00
1.199653386950492839e+00
1.197486368656158540e+00
1.200911755919456425e+00
1.196323309063911378e+00
1.197458536505699112e+00
1.198017701148986758e+00
1.192877457499504024e+00
1.195523294210433907e+00
1.190073711991310068e+00
1.186934620499610959e+00
1.193572485446929843e+00
1.188687278032302785e+00
1.192020874261856100e+00
1.189433306097984255e+00
1.185824763894081091e+00
1.191184207081794844e+00
1.191082380414009156e+00
1.187633304238319365e+00
1.192588389277458250e+00
1.190734157204627941e+00
1.181423585057258530e+00
1.183535688519477880e+00
1.180490063667297473e+00
1.187949695706367548e+00
1.185506458759307824e+00
1.179704933762550256e+00
1.179311632871627769e+00
1.181205223321914577e+00
1.179836713552474992e+00
1.183765557765960708e+00
1.180196505188942036e+00
1.181839308500289842e+00
1.178145035862922629e+00
1.177481357097625692e+00
1.176810379266738815e+00
1.177824510335922170e+00
1.169900916457176310e+00
1.180429760813713091e+00
1.168746519327163780e+00
1.171123666882514902e+00
1.175920775890350267e+00
1.175049984931945790e+00
1.171321475505828769e+00
1.172073095440864465e+00
1.171219628572464089e+00
1.169115820527076632e+00
1.165997129917144770e+00
1.169802072167396512e+00
1.164440738916397100e+00
1.165561138272285469e+00
1.162137251019477846e+00
1.168120118856430079e+00
1.165279622554779015e+00
1.165556602835655209e+00
1.162004066705703664e+00
1.164298464655876053e+00
1.158692735314369227e+00
1.160250314116477943e+00
1.156729845643043486e+00
1.156507083177566564e+00
1.159873779058456345e+00
1.162013311505317725e+00
1.157171527504921027e+00
1.157281232953071504e+00
1.151493878602981580e+00
1.156392300486564606e+00
1.152828043937683011e+00
1.152423677921295075e+00
1.155276374459266675e+00
1.154335649490356497e+00
1.147873131036758476e+00
1.153541643023490826e+00
1.153813369274139466e+00
1.157949938654899702e+00
1.148411886096000645e+00
1.144952374458312994e+00
1.151500877499580300e+00
1.153411826610565294e+00
1.149711849093437266e+00
1.143845539450645488e+00
1.144385780096054184e+00
1.147983091950416590e+00
1.145813499808311375e+00
1.146001500129699702e+00
1.139758280634880050e+00
1.144406648278236460e+00
1.137632719635963463e+00
1.141914920687675528e+00
1.141514385938644516e+00
1.146511238574981606e+00
1.139213122010231061e+00
1.138384599328041036e+00
1.139664076209068400e+00
1.137194417953491188e+00
1.137689111948013254e+00
1.134239237666130107e+00
1.139439483642578077e+00
1.141126346111297707e+00
1.135384058117866468e+00
1.132821916937827966e+00
1.130967815756797723e+00
1.133624500870704654e+00
1.128789195299148451e+00
1.128352141141891529e+00
1.134352157711982834e+00
1.131553525328636178e+00
1.130802057743072409e+00
1.128835944533348012e+00
1.127647491335868946e+00
1.132580424189567614e+00
1.126148729085922229e+00
1.121876683831214860e+00
1.128440456390380930e+00
1.130410520315170197e+00
1.126507763028144815e+00
1.129445676207542437e+00
1.124102592468261719e+00
1.125532948374748266e+00
1.124674387454986491e+00
1.127642052412033191e+00
1.124435348987579353e+00
1.124292449712753328e+00
1.121593527078628583e+00
1.124662382364272961e+00
1.124250160455703806e+00
1.118535434603691092e+00
1.120408046841621319e+00
1.120712694644927954e+00
1.115170784950256344e+00
1.113772667527198834e+00
1.116924499511718682e+00
1.117255947709083541e+00
1.114497251033782943e+00
1.118206535696983250e+00
1.116563947439193738e+00
1.109077686548233022e+00
1.115645308136939962e+00
1.113608363389968936e+00
1.113746818780898984e+00
1.108302164316177452e+00
1.114197273612022476e+00
1.114362164020538337e+00
1.108530785083770676e+00
1.114447433948516863e+00
1.110113150835037255e+00
1.113280080914497372e+00
1.109019068002700781e+00
1.103664711475372373e+00
1.105077831387519804e+00
1.104217469096183679e+00
1.105491930246353061e+00
1.105943623542785748e+00
1.106188040256500305e+00
1.100721451044082588e+00
1.106163602113723776e+00
1.102436323165893572e+00
1.099837012052536034e+00
1.102619053959846607e+00
1.102679196953773477e+00
1.099603752493858444e+00
1.104499046921729954e+00
1.100573099493980411e+00
1.095869052886962791e+00
1.102172794342040962e+00
1.099583534598350454e+00
1.099750079393386759e+00
1.100159689307212751e+00
1.095999452829361065e+00
1.097745965361595077e+00
1.095213330626487735e+00
1.095818451166153062e+00
1.097424496889114476e+00
1.100741563320159822e+00
1.093983686327934191e+00
1.091723660588264533e+00
1.096839416742324769e+00
1.093093734741210854e+00
1.099438039422035107e+00
1.091685070633888310e+00
1.090854704737663328e+00
1.087162955999374292e+00
1.091325853109359700e+00
1.088298947453498755e+00
1.094134975790977515e+00
1.086175054550170938e+00
1.094651535391807595e+00
1.088971868515014707e+00
1.089258525371551434e+00
1.084833931088447612e+00
1.085093072414398119e+00
1.086393585920333971e+00
1.088352360963821486e+00
1.079286345124244706e+00
1.081386708617210424e+00
1.075562481403350867e+00
1.081312249064445563e+00
