1.023999974131584167e-01
1.239399984478950500e-01
1.631399989128112793e-01
1.801799982786178589e-01
2.010799944400787354e-01
2.231400012969970703e-01
2.349199950695037842e-01
2.439000010490417480e-01
2.581399977207183838e-01
2.685199975967407227e-01
2.777400016784667969e-01
2.833999991416931152e-01
2.943400144577026367e-01
2.980999946594238281e-01
3.038600087165832520e-01
3.128199875354766846e-01
3.200399875640869141e-01
3.204399943351745605e-01
3.285399973392486572e-01
3.324800133705139160e-01
3.357400000095367432e-01
3.409399986267089844e-01
3.473199903964996338e-01
3.483000099658966064e-01
3.532600104808807373e-01
3.576200008392333984e-01
3.587400019168853760e-01
3.682599961757659912e-01
3.682799935340881348e-01
3.733400106430053711e-01
3.761599957942962646e-01
3.798199892044067383e-01
3.825399875640869141e-01
3.878200054168701172e-01
3.899399936199188232e-01
3.919200003147125244e-01
3.955799937248229980e-01
3.977999985218048096e-01
4.024400115013122559e-01
4.022200107574462891e-01
4.081200063228607178e-01
4.059000015258789062e-01
4.096800088882446289e-01
4.124400019645690918e-01
4.169600009918212891e-01
4.167799949645996094e-01
4.167799949645996094e-01
4.166199862957000732e-01
4.221400022506713867e-01
4.214600026607513428e-01
4.239200055599212646e-01
4.275000095367431641e-01
4.305000007152557373e-01
4.314000010490417480e-01
4.276199936866760254e-01
4.310599863529205322e-01
4.356800019741058350e-01
4.342800080776214600e-01
4.395999908447265625e-01
4.367800056934356689e-01
4.415600001811981201e-01
4.433999955654144287e-01
4.456999897956848145e-01
4.436599910259246826e-01
4.473600089550018311e-01
4.476799964904785156e-01
4.467400014400482178e-01
4.505000114440917969e-01
4.506399929523468018e-01
4.525400102138519287e-01
4.531799852848052979e-01
4.541400074958801270e-01
4.535599946975708008e-01
4.571599960327148438e-01
4.599800109863281250e-01
4.580000042915344238e-01
4.620200097560882568e-01
4.623000025749206543e-01
4.641000032424926758e-01
4.648399949073791504e-01
4.648799896240234375e-01
4.651800096035003662e-01
4.665000140666961670e-01
4.681000113487243652e-01
4.673399925231933594e-01
4.681000113487243652e-01
4.702199995517730713e-01
4.737400114536285400e-01
4.693399965763092041e-01
4.732399880886077881e-01
4.751999974250793457e-01
4.752599895000457764e-01
4.770799875259399414e-01
4.790999889373779297e-01
4.795199930667877197e-01
4.842399954795837402e-01
4.790000021457672119e-01
4.818800091743469238e-01
4.807400107383728027e-01
4.833399951457977295e-01
4.832800030708312988e-01
4.838800132274627686e-01
4.846799969673156738e-01
4.867799878120422363e-01
4.866200089454650879e-01
4.870800077915191650e-01
4.901599884033203125e-01
4.888600111007690430e-01
4.896799921989440918e-01
4.937199950218200684e-01
4.921999871730804443e-01
4.923000037670135498e-01
4.938200116157531738e-01
4.940800070762634277e-01
4.958600103855133057e-01
4.941799938678741455e-01
4.939799904823303223e-01
4.970999956130981445e-01
4.975599944591522217e-01
4.977599978446960449e-01
5.005000233650207520e-01
4.981000125408172607e-01
4.998399913311004639e-01
5.010399818420410156e-01
5.048599839210510254e-01
4.979999959468841553e-01
5.017600059509277344e-01
5.027599930763244629e-01
5.014399886131286621e-01
5.037000179290771484e-01
5.054600238800048828e-01
5.061399936676025391e-01
5.052400231361389160e-01
5.050200223922729492e-01
5.092999935150146484e-01
5.059599876403808594e-01
5.061399936676025391e-01
5.094199776649475098e-01
5.084000229835510254e-01
5.102000236511230469e-01
5.110200047492980957e-01
5.124199986457824707e-01
5.100399851799011230e-01
5.118399858474731445e-01
5.130199790000915527e-01
5.135999917984008789e-01
5.147399902343750000e-01
5.132399797439575195e-01
5.145800113677978516e-01
5.160999894142150879e-01
5.139399766921997070e-01
5.151399970054626465e-01
5.176399946212768555e-01
5.165399909019470215e-01
5.167400240898132324e-01
5.199400186538696289e-01
5.167400240898132324e-01
5.191799998283386230e-01
5.165200233459472656e-01
5.182200074195861816e-01
5.217599868774414062e-01
5.209800004959106445e-01
5.221599936485290527e-01
5.214400291442871094e-01
5.237799882888793945e-01
5.241000056266784668e-01
5.198799967765808105e-01
5.227400064468383789e-01
5.242000222206115723e-01
5.255600214004516602e-01
5.232200026512145996e-01
5.216400027275085449e-01
5.250999927520751953e-01
5.312600135803222656e-01
5.301399827003479004e-01
5.289199948310852051e-01
5.251799821853637695e-01
5.256199836730957031e-01
5.277199745178222656e-01
5.263400077819824219e-01
5.256800055503845215e-01
5.304600000381469727e-01
5.306400060653686523e-01
5.301799774169921875e-01
5.290600061416625977e-01
5.311400294303894043e-01
5.341200232505798340e-01
5.312799811363220215e-01
5.312399864196777344e-01
5.307800173759460449e-01
5.321599841117858887e-01
5.340999960899353027e-01
5.313199758529663086e-01
5.350999832153320312e-01
5.374000072479248047e-01
5.354400277137756348e-01
5.347599983215332031e-01
5.324199795722961426e-01
5.351799726486206055e-01
5.333999991416931152e-01
5.401800274848937988e-01
5.375599861145019531e-01
5.385800004005432129e-01
5.393199920654296875e-01
5.350999832153320312e-01
5.371400117874145508e-01
5.382400155067443848e-01
5.397800207138061523e-01
5.413600206375122070e-01
5.393400192260742188e-01
5.416200160980224609e-01
5.382400155067443848e-01
5.400599837303161621e-01
5.401600003242492676e-01
5.443599820137023926e-01
5.394799709320068359e-01
5.439000129699707031e-01
5.426999926567077637e-01
5.433200001716613770e-01
5.426399707794189453e-01
5.415800213813781738e-01
5.479199886322021484e-01
5.433800220489501953e-01
5.427799820899963379e-01
5.426800251007080078e-01
5.441200137138366699e-01
5.449799895286560059e-01
5.467000007629394531e-01
5.429400205612182617e-01
5.446799993515014648e-01
5.485000014305114746e-01
5.444999933242797852e-01
5.471400022506713867e-01
5.486400127410888672e-01
5.461199879646301270e-01
5.482599735260009766e-01
5.487400293350219727e-01
5.493800044059753418e-01
5.483999848365783691e-01
5.503399968147277832e-01
5.535200238227844238e-01
5.507400035858154297e-01
5.500000119209289551e-01
5.511800050735473633e-01
5.515599846839904785e-01
5.520200133323669434e-01
5.527600049972534180e-01
5.514799952507019043e-01
5.528600215911865234e-01
5.544199943542480469e-01
5.507599711418151855e-01
5.515400171279907227e-01
5.533000230789184570e-01
5.522199869155883789e-01
5.559200048446655273e-01
5.559399724006652832e-01
5.517799854278564453e-01
5.518800020217895508e-01
5.562400221824645996e-01
5.574200153350830078e-01
5.562800168991088867e-01
5.599600076675415039e-01
5.564200282096862793e-01
5.592399835586547852e-01
5.583400130271911621e-01
5.595999956130981445e-01
5.576400160789489746e-01
5.574600100517272949e-01
5.602800250053405762e-01
5.610200166702270508e-01
5.584599971771240234e-01
5.571200251579284668e-01
5.595200061798095703e-01
5.585399866104125977e-01
5.584200024604797363e-01
5.550000071525573730e-01
5.585399866104125977e-01
5.650399923324584961e-01
5.604400038719177246e-01
5.610200166702270508e-01
5.615599751472473145e-01
5.608000159263610840e-01
5.597599744796752930e-01
5.613999962806701660e-01
5.610600113868713379e-01
5.641000270843505859e-01
5.640199780464172363e-01
5.619000196456909180e-01
5.638399720191955566e-01
5.628600120544433594e-01
5.648000240325927734e-01
5.640799999237060547e-01
5.636000037193298340e-01
5.641000270843505859e-01
5.653200149536132812e-01
5.658400058746337891e-01
5.650200247764587402e-01
5.683400034904479980e-01
5.647199749946594238e-01
5.685399770736694336e-01
5.691599845886230469e-01
5.670800209045410156e-01
5.677800178527832031e-01
5.698599815368652344e-01
5.684199929237365723e-01
5.699599981307983398e-01
5.660200119018554688e-01
5.677400231361389160e-01
5.698000192642211914e-01
5.677599906921386719e-01
5.719000101089477539e-01
5.708400011062622070e-01
5.724200010299682617e-01
5.720400214195251465e-01
5.717999935150146484e-01
5.730800032615661621e-01
5.720599889755249023e-01
5.714799761772155762e-01
5.718600153923034668e-01
5.727199912071228027e-01
5.725399851799011230e-01
5.741800069808959961e-01
5.716599822044372559e-01
5.707200169563293457e-01
5.747399926185607910e-01
5.720800161361694336e-01
5.762000083923339844e-01
5.735599994659423828e-01
5.731199979782104492e-01
5.738400220870971680e-01
5.752000212669372559e-01
5.761399865150451660e-01
5.739600062370300293e-01
5.734199881553649902e-01
5.746799707412719727e-01
5.759199857711791992e-01
5.757399797439575195e-01
5.779799818992614746e-01
5.745999813079833984e-01
5.758799910545349121e-01
5.802000164985656738e-01
5.763000249862670898e-01
5.792199969291687012e-01
5.798000097274780273e-01
5.797200202941894531e-01
5.773199796676635742e-01
5.784000158309936523e-01
5.777400135993957520e-01
5.801399946212768555e-01
5.790399909019470215e-01
5.821599960327148438e-01
5.797799825668334961e-01
5.814200043678283691e-01
5.798599720001220703e-01
5.793200135231018066e-01
5.792400240898132324e-01
5.809800028800964355e-01
5.795000195503234863e-01
5.818600058555603027e-01
5.809999704360961914e-01
5.827800035476684570e-01
5.850800275802612305e-01
5.850600004196166992e-01
5.853199958801269531e-01
5.833399891853332520e-01
5.816000103950500488e-01
5.810800194740295410e-01
5.813999772071838379e-01
5.860000252723693848e-01
5.831999778747558594e-01
5.853800177574157715e-01
5.865399837493896484e-01
5.825399756431579590e-01
5.831999778747558594e-01
5.855399966239929199e-01
5.855799913406372070e-01
5.846999883651733398e-01
5.835599899291992188e-01
5.851799845695495605e-01
5.860599875450134277e-01
5.844799876213073730e-01
5.848799943923950195e-01
5.853000283241271973e-01
5.883399844169616699e-01
5.860199928283691406e-01
5.870400071144104004e-01
5.896800160408020020e-01
5.867599844932556152e-01
5.889000296592712402e-01
5.860800147056579590e-01
5.917599797248840332e-01
5.903999805450439453e-01
5.880799889564514160e-01
5.883200168609619141e-01
5.899400115013122559e-01
5.913800001144409180e-01
5.906999707221984863e-01
5.889400243759155273e-01
5.908200144767761230e-01
5.894200205802917480e-01
5.888000130653381348e-01
5.884199738502502441e-01
5.928800106048583984e-01
5.932400226593017578e-01
5.931400060653686523e-01
5.913400053977966309e-01
5.917400121688842773e-01
5.927799940109252930e-01
5.921199917793273926e-01
5.948399901390075684e-01
5.918800234794616699e-01
5.932000279426574707e-01
5.931199789047241211e-01
5.915399789810180664e-01
5.953800082206726074e-01
5.946800112724304199e-01
5.908399820327758789e-01
5.937600135803222656e-01
5.944399833679199219e-01
5.913599729537963867e-01
5.960999727249145508e-01
5.931800007820129395e-01
5.961800217628479004e-01
5.939999818801879883e-01
5.934200286865234375e-01
5.962200164794921875e-01
5.942599773406982422e-01
5.941799879074096680e-01
5.965399742126464844e-01
5.985599756240844727e-01
5.938599705696105957e-01
5.967599749565124512e-01
5.967400074005126953e-01
5.985000133514404297e-01
6.007199883460998535e-01
5.995200276374816895e-01
5.981799960136413574e-01
5.947600007057189941e-01
5.967199802398681641e-01
6.022800207138061523e-01
5.997800230979919434e-01
5.972599983215332031e-01
5.993199944496154785e-01
6.015800237655639648e-01
5.983399748802185059e-01
5.998399853706359863e-01
6.006000041961669922e-01
5.999199748039245605e-01
6.006399989128112793e-01
5.990599989891052246e-01
6.004800200462341309e-01
5.986800193786621094e-01
6.036800146102905273e-01
6.028000116348266602e-01
6.004800200462341309e-01
6.020799875259399414e-01
6.011000275611877441e-01
6.027600169181823730e-01
6.035000085830688477e-01
6.043199896812438965e-01
6.021199822425842285e-01
6.024399995803833008e-01
6.016600131988525391e-01
6.043999791145324707e-01
6.030399799346923828e-01
6.046000123023986816e-01
6.057199835777282715e-01
6.014999747276306152e-01
6.039599776268005371e-01
6.043999791145324707e-01
6.047599911689758301e-01
6.060799956321716309e-01
6.039800047874450684e-01
6.047999858856201172e-01
6.044600009918212891e-01
6.039999723434448242e-01
6.026999950408935547e-01
6.055200099945068359e-01
6.076400279998779297e-01
6.047599911689758301e-01
6.057400107383728027e-01
6.049000024795532227e-01
6.062999963760375977e-01
6.073399782180786133e-01
6.084600090980529785e-01
6.060000061988830566e-01
6.080200076103210449e-01
6.084399819374084473e-01
6.090199947357177734e-01
6.061999797821044922e-01
6.099799871444702148e-01
6.084399819374084473e-01
6.094599962234497070e-01
6.069599986076354980e-01
6.087399721145629883e-01
6.047400236129760742e-01
6.087399721145629883e-01
6.100199818611145020e-01
6.113399863243103027e-01
6.101999878883361816e-01
