1.543399989604949951e-01
2.408999949693679810e-01
3.356800079345703125e-01
3.752200007438659668e-01
3.971399962902069092e-01
4.167000055313110352e-01
4.287599921226501465e-01
4.366999864578247070e-01
4.489200115203857422e-01
4.544200003147125244e-01
4.623399972915649414e-01
4.691599905490875244e-01
4.754999876022338867e-01
4.794600009918212891e-01
4.858199954032897949e-01
4.875999987125396729e-01
4.950599968433380127e-01
4.973599910736083984e-01
5.030000209808349609e-01
5.060200095176696777e-01
5.062800049781799316e-01
5.125399827957153320e-01
5.155799984931945801e-01
5.145599842071533203e-01
5.174400210380554199e-01
5.226799845695495605e-01
5.256400108337402344e-01
5.264199972152709961e-01
5.325000286102294922e-01
5.326799750328063965e-01
5.309399962425231934e-01
5.355200171470642090e-01
5.385199785232543945e-01
5.400800108909606934e-01
5.443800091743469238e-01
5.433599948883056641e-01
5.478199720382690430e-01
5.474200248718261719e-01
5.492399930953979492e-01
5.539399981498718262e-01
5.511199831962585449e-01
5.572599768638610840e-01
5.590400099754333496e-01
5.598000288009643555e-01
5.585600137710571289e-01
5.610200166702270508e-01
5.611799955368041992e-01
5.687199831008911133e-01
5.687599778175354004e-01
5.686200261116027832e-01
5.702800154685974121e-01
5.749599933624267578e-01
5.789800286293029785e-01
5.762199759483337402e-01
5.755199790000915527e-01
5.777999758720397949e-01
5.787199735641479492e-01
5.817599892616271973e-01
5.820199847221374512e-01
5.871800184249877930e-01
5.837399959564208984e-01
5.838800072669982910e-01
5.898200273513793945e-01
5.862799882888793945e-01
5.908399820327758789e-01
5.906000137329101562e-01
5.938599705696105957e-01
5.950000286102294922e-01
5.953800082206726074e-01
5.976200103759765625e-01
5.982999801635742188e-01
6.014800071716308594e-01
6.032800078392028809e-01
6.053599715232849121e-01
6.065999865531921387e-01
6.077600121498107910e-01
6.083199977874755859e-01
6.098799705505371094e-01
6.098799705505371094e-01
6.140599846839904785e-01
6.132799983024597168e-01
6.171200275421142578e-01
6.144199967384338379e-01
6.215800046920776367e-01
6.197000145912170410e-01
6.200199723243713379e-01
6.220600008964538574e-01
6.239399909973144531e-01
6.261000037193298340e-01
6.247799992561340332e-01
6.273400187492370605e-01
6.292600035667419434e-01
6.333199739456176758e-01
6.302000284194946289e-01
6.317800283432006836e-01
6.316999793052673340e-01
6.349400281906127930e-01
6.348000168800354004e-01
6.335600018501281738e-01
6.342999935150146484e-01
6.383600234985351562e-01
6.401200294494628906e-01
6.402199864387512207e-01
6.391199827194213867e-01
6.426600217819213867e-01
6.434800028800964355e-01
6.426799893379211426e-01
6.429200172424316406e-01
6.471599936485290527e-01
6.456599831581115723e-01
6.484599709510803223e-01
6.500800251960754395e-01
6.521999835968017578e-01
6.506800055503845215e-01
6.512799859046936035e-01
6.541799902915954590e-01
6.531000137329101562e-01
6.567400097846984863e-01
6.564599871635437012e-01
6.581199765205383301e-01
6.575000286102294922e-01
6.583999991416931152e-01
6.606799960136413574e-01
6.619399785995483398e-01
6.619799733161926270e-01
6.643199920654296875e-01
6.642600297927856445e-01
6.641399860382080078e-01
6.664800047874450684e-01
6.699200272560119629e-01
6.673600077629089355e-01
6.720799803733825684e-01
6.695200204849243164e-01
6.698399782180786133e-01
6.737599968910217285e-01
6.744999885559082031e-01
6.747199892997741699e-01
6.731399893760681152e-01
6.786000132560729980e-01
6.777399778366088867e-01
6.808999776840209961e-01
6.785600185394287109e-01
6.816599965095520020e-01
6.812000274658203125e-01
6.819999814033508301e-01
6.812599897384643555e-01
6.845800280570983887e-01
6.818199753761291504e-01
6.847000122070312500e-01
6.853200197219848633e-01
6.854400038719177246e-01
6.872400045394897461e-01
6.911399960517883301e-01
6.866199970245361328e-01
6.915799975395202637e-01
6.920599937438964844e-01
6.878200173377990723e-01
6.930199861526489258e-01
6.901800036430358887e-01
6.930000185966491699e-01
6.930999755859375000e-01
6.934800148010253906e-01
6.967399716377258301e-01
6.990200281143188477e-01
6.981199979782104492e-01
6.994799971580505371e-01
6.966999769210815430e-01
6.994199752807617188e-01
6.997399926185607910e-01
7.020199894905090332e-01
7.000200152397155762e-01
7.001399993896484375e-01
7.042800188064575195e-01
7.062399983406066895e-01
7.052400112152099609e-01
7.049000263214111328e-01
7.039999961853027344e-01
7.078599929809570312e-01
7.122600078582763672e-01
7.081999778747558594e-01
7.067800164222717285e-01
7.089800238609313965e-01
7.098799943923950195e-01
7.091199755668640137e-01
7.105200290679931641e-01
7.126399874687194824e-01
7.107800245285034180e-01
7.121800184249877930e-01
7.138599753379821777e-01
7.154200077056884766e-01
7.139199972152709961e-01
7.148200273513793945e-01
7.191399931907653809e-01
7.167199850082397461e-01
7.199199795722961426e-01
7.153800129890441895e-01
7.178199887275695801e-01
7.227200269699096680e-01
7.187399864196777344e-01
7.164400219917297363e-01
7.259200215339660645e-01
7.231199741363525391e-01
7.198200225830078125e-01
7.222200036048889160e-01
7.224000096321105957e-01
7.256000041961669922e-01
7.268999814987182617e-01
7.204399704933166504e-01
7.241399884223937988e-01
7.272800207138061523e-01
7.292799949645996094e-01
7.312399744987487793e-01
7.305799722671508789e-01
7.311800122261047363e-01
7.289999723434448242e-01
7.311800122261047363e-01
7.311000227928161621e-01
7.300199866294860840e-01
7.313799858093261719e-01
7.307999730110168457e-01
7.304000258445739746e-01
7.315800189971923828e-01
7.316799759864807129e-01
7.355800271034240723e-01
7.348399758338928223e-01
7.349200248718261719e-01
7.337399721145629883e-01
7.341399788856506348e-01
7.345799803733825684e-01
7.366799712181091309e-01
7.360799908638000488e-01
7.334600090980529785e-01
7.365400195121765137e-01
7.383800148963928223e-01
7.391600012779235840e-01
7.429999709129333496e-01
7.447000145912170410e-01
7.433400154113769531e-01
7.433400154113769531e-01
7.409999966621398926e-01
7.432399988174438477e-01
7.437599897384643555e-01
7.454199790954589844e-01
7.389000058174133301e-01
7.403799891471862793e-01
7.451599836349487305e-01
7.442600131034851074e-01
7.440999746322631836e-01
7.420600056648254395e-01
7.485399842262268066e-01
7.441800236701965332e-01
7.505400180816650391e-01
7.445200085639953613e-01
7.494999766349792480e-01
7.473199963569641113e-01
7.488200068473815918e-01
7.463600039482116699e-01
7.495999932289123535e-01
7.498400211334228516e-01
7.511600255966186523e-01
7.521600127220153809e-01
7.534800171852111816e-01
7.542799711227416992e-01
7.469999790191650391e-01
7.504000067710876465e-01
7.497599720954895020e-01
7.513399720191955566e-01
7.532600164413452148e-01
7.543600201606750488e-01
7.508999705314636230e-01
7.536200284957885742e-01
7.588999867439270020e-01
7.544400095939636230e-01
7.542799711227416992e-01
7.554600238800048828e-01
7.570999860763549805e-01
7.562800049781799316e-01
7.605599761009216309e-01
7.590399980545043945e-01
7.572799921035766602e-01
7.575200200080871582e-01
7.578600049018859863e-01
7.575799822807312012e-01
7.562999725341796875e-01
7.631000280380249023e-01
7.610999941825866699e-01
7.596799731254577637e-01
7.588400244712829590e-01
7.615000009536743164e-01
7.595199942588806152e-01
7.626799941062927246e-01
7.618799805641174316e-01
7.637599706649780273e-01
7.624199986457824707e-01
7.619600296020507812e-01
7.617999911308288574e-01
7.642999887466430664e-01
7.648599743843078613e-01
7.664399743080139160e-01
7.609400153160095215e-01
7.656000256538391113e-01
7.684999704360961914e-01
7.672600150108337402e-01
7.696599960327148438e-01
7.655400037765502930e-01
7.673199772834777832e-01
7.686200141906738281e-01
7.646999955177307129e-01
7.660800218582153320e-01
7.682200074195861816e-01
7.656400203704833984e-01
7.683200240135192871e-01
7.689399719238281250e-01
7.690799832344055176e-01
7.700999975204467773e-01
7.671399712562561035e-01
7.728000283241271973e-01
7.730200290679931641e-01
7.749400138854980469e-01
7.729600071907043457e-01
7.697399854660034180e-01
7.682800292968750000e-01
7.710999846458435059e-01
7.734199762344360352e-01
7.749400138854980469e-01
7.773000001907348633e-01
7.751799821853637695e-01
7.718799710273742676e-01
7.742000222206115723e-01
7.762600183486938477e-01
7.724800109863281250e-01
7.773399949073791504e-01
7.778400182723999023e-01
7.786399722099304199e-01
7.776799798011779785e-01
7.771199941635131836e-01
7.785000205039978027e-01
7.751799821853637695e-01
7.768399715423583984e-01
7.788199782371520996e-01
7.797399759292602539e-01
7.770400047302246094e-01
7.785800099372863770e-01
7.738199830055236816e-01
7.784000039100646973e-01
7.829800248146057129e-01
7.787600159645080566e-01
7.790399789810180664e-01
7.803000211715698242e-01
7.776200175285339355e-01
7.774000167846679688e-01
7.804200053215026855e-01
7.791799902915954590e-01
7.801200151443481445e-01
7.804800271987915039e-01
7.788000106811523438e-01
7.814800143241882324e-01
7.860800027847290039e-01
7.837799787521362305e-01
7.814800143241882324e-01
7.838600277900695801e-01
7.827799916267395020e-01
7.815999984741210938e-01
7.851200103759765625e-01
7.847800254821777344e-01
7.864599823951721191e-01
7.846199870109558105e-01
7.853599786758422852e-01
7.855399847030639648e-01
7.852600216865539551e-01
7.875999808311462402e-01
7.823399901390075684e-01
7.867199778556823730e-01
7.869200110435485840e-01
7.862399816513061523e-01
7.909600138664245605e-01
7.868599891662597656e-01
7.885000109672546387e-01
7.859399914741516113e-01
7.861199975013732910e-01
7.889199852943420410e-01
7.863399982452392578e-01
7.883999943733215332e-01
7.873799800872802734e-01
7.916200160980224609e-01
7.871400117874145508e-01
7.852200269699096680e-01
7.881199717521667480e-01
7.906000018119812012e-01
7.905200123786926270e-01
7.877200245857238770e-01
7.930200099945068359e-01
7.910599708557128906e-01
7.891399860382080078e-01
7.880399823188781738e-01
7.918599843978881836e-01
7.894799709320068359e-01
7.923600077629089355e-01
7.879599928855895996e-01
7.903599739074707031e-01
7.941200137138366699e-01
7.920200228691101074e-01
7.934600114822387695e-01
7.942600250244140625e-01
7.947199940681457520e-01
7.929000258445739746e-01
7.907000184059143066e-01
7.919399738311767578e-01
7.953199744224548340e-01
7.934200167655944824e-01
7.925599813461303711e-01
7.968400120735168457e-01
7.930200099945068359e-01
7.938399910926818848e-01
7.951400279998779297e-01
7.934200167655944824e-01
7.969999909400939941e-01
7.990199923515319824e-01
7.961800098419189453e-01
7.987800240516662598e-01
7.961199879646301270e-01
7.933800220489501953e-01
7.953400015830993652e-01
7.963399887084960938e-01
7.978000044822692871e-01
7.998600006103515625e-01
7.956200242042541504e-01
7.947400212287902832e-01
7.962999939918518066e-01
8.019800186157226562e-01
7.957599759101867676e-01
7.964400053024291992e-01
7.974200248718261719e-01
7.998600006103515625e-01
7.950000166893005371e-01
7.998399734497070312e-01
8.014400005340576172e-01
8.000800013542175293e-01
8.014799952507019043e-01
7.986199855804443359e-01
7.988200187683105469e-01
8.019199967384338379e-01
7.996399998664855957e-01
7.991999983787536621e-01
7.987599968910217285e-01
7.993800044059753418e-01
8.029800057411193848e-01
8.005399703979492188e-01
8.006399869918823242e-01
7.992799878120422363e-01
7.991200089454650879e-01
8.032400012016296387e-01
7.985200285911560059e-01
8.013200163841247559e-01
8.021000027656555176e-01
8.001000285148620605e-01
8.026999831199645996e-01
8.024799823760986328e-01
8.013399839401245117e-01
8.062000274658203125e-01
8.027200102806091309e-01
8.019599914550781250e-01
8.015199899673461914e-01
8.028600215911865234e-01
8.023999929428100586e-01
7.991600036621093750e-01
8.068600296974182129e-01
8.034999966621398926e-01
8.025799989700317383e-01
8.065800070762634277e-01
7.995399832725524902e-01
8.052399754524230957e-01
8.034999966621398926e-01
8.045799732208251953e-01
8.066800236701965332e-01
8.042399883270263672e-01
8.064200282096862793e-01
8.065199851989746094e-01
8.047599792480468750e-01
8.044400215148925781e-01
8.052399754524230957e-01
8.055400252342224121e-01
8.051400184631347656e-01
8.079400062561035156e-01
8.091999888420104980e-01
8.074799776077270508e-01
8.066800236701965332e-01
8.035399913787841797e-01
8.078200221061706543e-01
8.060799837112426758e-01
8.094800114631652832e-01
8.068199753761291504e-01
8.062800168991088867e-01
8.097000122070312500e-01
8.083199858665466309e-01
8.085600137710571289e-01
8.090599775314331055e-01
8.113399744033813477e-01
8.087199926376342773e-01
8.071600198745727539e-01
