5.046297280788421880e+00
2.495751943588256694e+00
2.415972149372100919e+00
2.376134749412536440e+00
2.349850019931793099e+00
2.328933326244354340e+00
2.286859615802764978e+00
2.227960300922393611e+00
2.184061264514923106e+00
2.148394690275192254e+00
2.125676502466201878e+00
2.102366043806076057e+00
2.081210256814956860e+00
2.062344504833221404e+00
2.043229763031005675e+00
2.026409489393234065e+00
2.017514300346374689e+00
2.004235333204269498e+00
1.996094522714614961e+00
1.978845057964324861e+00
1.974708111286163303e+00
1.961787398815155070e+00
1.954976085424423138e+00
1.945709666728973497e+00
1.940424894809722911e+00
1.929783926486968948e+00
1.924871239185333316e+00
1.911971784353256210e+00
1.911832482576370174e+00
1.901183014631271373e+00
1.896001110792159938e+00
1.890149150848388748e+00
1.882909340858459402e+00
1.877452763795852686e+00
1.872538246870040890e+00
1.864440356969833346e+00
1.856924689531326278e+00
1.858238294839859028e+00
1.849977496862411419e+00
1.843616301536560087e+00
1.840321168899536231e+00
1.829575954914093083e+00
1.825308158874511699e+00
1.821686588287353414e+00
1.813643584012985199e+00
1.809602830648422200e+00
1.805016227006912333e+00
1.801631188631057645e+00
1.795991080999374434e+00
1.789542825937271209e+00
1.784738647222518848e+00
1.781978495121002259e+00
1.778783956050872694e+00
1.770822754144668609e+00
1.769589177846908612e+00
1.766677473306655921e+00
1.757232753515243440e+00
1.757023396730422959e+00
1.750514777660369781e+00
1.748374044895172119e+00
1.743574976444244307e+00
1.738770106792449921e+00
1.735920958042144857e+00
1.733774750709533796e+00
1.729372103214263934e+00
1.717531336784362761e+00
1.720377151489257850e+00
1.722488829612731864e+00
1.716841258525848346e+00
1.712008583307266241e+00
1.710908659458160397e+00
1.703068286657333452e+00
1.701658098220825144e+00
1.700748504638671887e+00
1.694439221858978328e+00
1.693178182601928761e+00
1.691966796875000068e+00
1.691541002988815379e+00
1.682684376239776514e+00
1.680179243564605684e+00
1.676900065898895287e+00
1.679956113815307628e+00
1.672910702705383335e+00
1.668457059621810901e+00
1.668248086214065617e+00
1.663301395416259876e+00
1.663557805299758829e+00
1.661275726795196528e+00
1.660726143598556526e+00
1.656914804697036780e+00
1.653043958663940494e+00
1.654895396232604954e+00
1.651489776849746738e+00
1.652411268711090120e+00
1.652378246068954448e+00
1.646610879659652804e+00
1.646952216148376502e+00
1.644211398363113474e+00
1.644611520290374829e+00
1.641342630863189767e+00
1.640455042839050304e+00
1.643334100008010834e+00
1.636015864849090562e+00
1.627093015432357737e+00
1.636491940736770623e+00
1.626465651988983074e+00
1.627692664861679184e+00
1.625099690675735564e+00
1.622164008378982558e+00
1.621878890991210964e+00
1.618674852848053014e+00
1.616378580570220880e+00
1.618295235157013012e+00
1.618775706291198713e+00
1.612714925050735548e+00
1.612153304576873669e+00
1.611717333316802891e+00
1.609219367027282743e+00
1.611036680936813292e+00
1.603332155704498385e+00
1.608676686286926172e+00
1.606585503816604588e+00
1.601930371999740643e+00
1.602571286916732785e+00
1.599321831226348856e+00
1.594725399732589644e+00
1.597070854425430397e+00
1.593539845228195251e+00
1.591942443370819138e+00
1.590551529169082601e+00
1.591557829856872663e+00
1.591673565149307246e+00
1.586841078996658272e+00
1.582254410743713313e+00
1.586363595485687172e+00
1.583899898767471282e+00
1.581855464935302713e+00
1.575241924762725843e+00
1.581220920801162722e+00
1.580035726308822719e+00
1.577233152389526438e+00
1.573700896024704088e+00
1.573005165815353434e+00
1.571816208362579292e+00
1.570018910169601378e+00
1.568524310111999442e+00
1.572410832405090275e+00
1.565276362895965612e+00
1.564628043651580702e+00
1.565389154195785615e+00
1.562127737522125193e+00
1.570457410573959267e+00
1.562603382349014192e+00
1.559072839260101428e+00
1.562531787633895775e+00
1.559466494798660285e+00
1.559152538537979193e+00
1.556755749225616547e+00
1.551921367883682290e+00
1.554023760318756109e+00
1.554969881057739256e+00
1.550582591533660848e+00
1.545361746549606341e+00
1.549903668403625590e+00
1.548401771783828762e+00
1.547294312715530307e+00
1.549367306709289460e+00
1.541555605173110965e+00
1.545208266258239815e+00
1.543860827207565345e+00
1.536512905359268100e+00
1.538398909807205284e+00
1.537947130203247026e+00
1.536289545059204009e+00
1.540864078521728464e+00
1.534998844385146999e+00
1.532195970296859722e+00
1.532054722070693931e+00
1.532991030693054091e+00
1.533062286615371805e+00
1.526294048547744753e+00
1.529501769304275616e+00
1.530274475336074858e+00
1.522780282497405935e+00
1.525695891380310032e+00
1.520944380521774386e+00
1.523092126607894947e+00
1.527543370962142877e+00
1.522631646394729588e+00
1.524284846305847152e+00
1.521287627696990885e+00
1.520746330261230517e+00
1.514069501876831092e+00
1.519851533412933442e+00
1.518949607610702524e+00
1.516300253152847333e+00
1.514727021217346259e+00
1.517460355043411147e+00
1.508113273143768307e+00
1.515870240926742607e+00
1.507660670280456472e+00
1.512766947031021214e+00
1.512727587938308638e+00
1.508508254289627093e+00
1.504226675271987945e+00
1.507834143877029520e+00
1.503234867811203079e+00
1.503798847436904840e+00
1.503540126323700044e+00
1.498369359254837052e+00
1.497490070104599003e+00
1.500376395702362142e+00
1.501774481534957850e+00
1.493288279771804783e+00
1.494067160129547212e+00
1.493497431516647378e+00
1.490180924892425596e+00
1.496370586633682276e+00
1.487136810302734480e+00
1.495474858045577893e+00
1.489193432569503761e+00
1.491291589975357157e+00
1.490359575033187944e+00
1.490575012445449765e+00
1.485761890888214198e+00
1.484746014833450367e+00
1.479732268333435075e+00
1.485324744939804154e+00
1.485217230081558260e+00
1.484258910179138136e+00
1.483171881198882991e+00
1.478316250801086529e+00
1.483220061540603707e+00
1.476255263090133774e+00
1.482299845457077048e+00
1.480297753334045341e+00
1.472109053611755369e+00
1.478668908834457341e+00
1.480422346591949490e+00
1.477555806636810409e+00
1.480161849975585975e+00
1.471983389139175369e+00
1.473095131158828730e+00
1.475562802791595463e+00
1.473770934343338057e+00
1.471022550821304398e+00
1.470646701812744039e+00
1.469154347896575841e+00
1.467818074464797951e+00
1.464036607027053849e+00
1.462395930528640697e+00
1.467211094379424985e+00
1.462024597883224475e+00
1.468094838619232068e+00
1.461709705352783217e+00
1.464912641048431441e+00
1.463114158868789705e+00
1.463964185237884630e+00
1.463335184335708528e+00
1.464859251976013077e+00
1.464096313238143932e+00
1.458867490530014077e+00
1.458386751413345284e+00
1.456212310075759797e+00
1.454096884489059383e+00
1.457082705736160388e+00
1.461250106096267709e+00
1.457362178325653179e+00
1.453817489624023462e+00
1.458671335697174110e+00
1.455545753240585327e+00
1.446775095701217762e+00
1.458318363666534445e+00
1.450297259092330870e+00
1.451300934314727842e+00
1.454909063816070658e+00
1.455426560640335154e+00
1.449113507986068639e+00
1.448775839328765969e+00
1.443368839263916126e+00
1.449882269620895281e+00
1.450811113119125473e+00
1.447057630300521813e+00
1.449191306114196776e+00
1.443281232118606594e+00
1.442425512075424132e+00
1.444377443552017137e+00
1.440285659551620467e+00
1.446801148176193319e+00
1.440624655008315935e+00
1.446593939542770491e+00
1.436437485218048149e+00
1.438907939434051597e+00
1.441370291471481213e+00
1.435072148561477690e+00
1.436849383354187104e+00
1.439616881370544332e+00
1.432171539068222144e+00
1.436194094896316553e+00
1.439137245893478356e+00
1.434381920337677085e+00
1.436684553861617974e+00
1.434651734113693289e+00
1.434119599103927722e+00
1.431667732000351023e+00
1.429708444833755587e+00
1.430918469667434634e+00
1.426957509040832628e+00
1.429389885902404789e+00
1.428891305685043411e+00
1.432478148937225360e+00
1.425104468822479209e+00
1.429667558193206789e+00
1.432699412584304888e+00
1.421748576402664277e+00
1.428123957157134916e+00
1.433245850801467824e+00
1.429308341264724724e+00
1.426317039012908960e+00
1.428377440452575753e+00
1.418379934072494519e+00
1.423412395715713430e+00
1.429044383764267012e+00
1.423487589359283545e+00
1.421760983943939127e+00
1.416997599840164268e+00
1.422465003013610785e+00
1.420489790201187041e+00
1.423419863939285213e+00
1.423945384263992420e+00
1.419532859325408847e+00
1.421502473115920928e+00
1.419465408563613806e+00
1.418159932136535684e+00
1.411754035711288546e+00
1.419114706277847304e+00
1.417936261892318806e+00
1.417489081144332808e+00
1.416303326845169019e+00
1.411677978277206424e+00
1.410409722089767559e+00
1.414173866748809738e+00
1.413295335531234764e+00
1.415831212043762166e+00
1.410068238735199042e+00
1.414137849807739267e+00
1.409842063188552874e+00
1.411841811418533377e+00
1.405811607599258384e+00
1.405119744777679536e+00
1.408628066778182975e+00
1.409496074199676485e+00
1.408443828344345006e+00
1.407586959600448662e+00
1.406993425846099877e+00
1.403093847036361641e+00
1.407246755599975696e+00
1.404398816823959395e+00
1.407262472867965686e+00
1.402768117666244541e+00
1.403637576818466126e+00
1.407607329607009961e+00
1.400208375692367557e+00
1.403024159669876036e+00
1.401476753473281933e+00
1.399140370845794568e+00
1.405619085788726741e+00
1.405265086889266879e+00
1.399109003782272431e+00
1.396393191337585549e+00
1.405767670631408617e+00
1.398885066270828315e+00
1.400637490034103427e+00
1.399714396238326941e+00
1.396342589139938362e+00
1.398085158348083556e+00
1.395046556472778310e+00
1.402155973434448200e+00
1.399685995817184558e+00
1.399840885877609242e+00
1.397312827110290590e+00
1.398971799612045208e+00
1.394542211532592724e+00
1.393459093570709184e+00
1.396649631977081363e+00
1.395552627801895040e+00
1.394672444343566964e+00
1.394407949686050419e+00
1.400618111848831226e+00
1.391168669223785459e+00
1.395063224077224717e+00
1.391410997390747140e+00
1.387456096887588419e+00
1.387454240322113064e+00
1.392107696294784480e+00
1.391812257766723571e+00
1.390473880290985065e+00
1.388863486051559404e+00
1.389023381233215337e+00
1.386330852746963549e+00
1.387704345703125064e+00
1.388899653673171919e+00
1.387689716577529930e+00
1.387734912157058798e+00
1.389316340208053502e+00
1.383076446771621670e+00
1.389361129283904983e+00
1.385862916946411172e+00
1.386729925870895386e+00
1.388234336853027440e+00
1.383638747453689533e+00
1.384960805416107110e+00
1.378016400814056297e+00
1.386250543117523160e+00
1.387187784910202115e+00
1.382155988216400067e+00
1.380407367229461668e+00
1.377324513912201009e+00
1.380617465019225998e+00
1.381489032745361278e+00
1.379578235387802110e+00
1.380161051988601617e+00
1.381333096742630051e+00
1.381914550065994174e+00
1.384212897300720169e+00
1.375992525100707908e+00
1.375435619831085310e+00
1.379088096618652282e+00
1.377171519517898624e+00
1.375178974390030007e+00
1.375412890672683686e+00
1.379892826080322266e+00
1.378148552656173642e+00
1.376074782133102525e+00
1.373078259229659981e+00
1.373489929318427949e+00
1.373503032207489039e+00
1.376117654085159403e+00
1.376979668617248631e+00
1.374117088079452431e+00
1.370722403287887525e+00
1.371217634439468425e+00
1.375238658189773533e+00
1.375983665466308681e+00
1.370851084709167500e+00
1.371134798765182516e+00
1.371437003612518302e+00
1.373714397907257023e+00
1.369421475648880060e+00
1.369705513715744116e+00
1.370210096836090186e+00
1.374723051071166990e+00
1.373127044200897151e+00
1.367812024831771778e+00
1.368050229310989296e+00
1.367451068639755185e+00
1.368494963645935147e+00
1.368262728214263868e+00
1.367098500728607169e+00
1.367938606500625598e+00
1.371276835918426418e+00
1.361271404981613253e+00
1.369764181375503487e+00
1.366543689489364555e+00
1.370041833162307654e+00
1.366716200113296420e+00
1.363052272796630771e+00
1.363774028301238950e+00
1.364122990131378277e+00
1.366060688257217492e+00
1.366225901365280215e+00
1.357490574359893731e+00
1.363836972475051867e+00
1.361976255893707188e+00
1.360111307144165060e+00
1.362576953411102298e+00
1.359585083246231063e+00
1.368749226570129318e+00
1.362071915626525964e+00
1.362256110191345293e+00
1.361288955688476632e+00
1.359917482137680045e+00
1.365148450016975490e+00
1.358170281171798610e+00
1.359973963022232057e+00
1.361775750041007926e+00
1.357019672155380219e+00
1.359055302023887579e+00
1.362899089336395253e+00
1.360373019218444890e+00
1.357291381359100324e+00
1.358970657587051489e+00
1.356345465421676666e+00
1.356662566900253220e+00
1.355994481563568055e+00
1.354417045354843196e+00
1.357818799972534185e+00
1.354099833726883029e+00
1.355820928335189857e+00
1.350779724597930942e+00
