2.625581792354583666e+00
2.030451715230941812e+00
1.830346715688705439e+00
1.729884148359298601e+00
1.675764350175857453e+00
1.620668900728225781e+00
1.586588727712631153e+00
1.559954979896545302e+00
1.534883656740188673e+00
1.511412196397781349e+00
1.492567310094833344e+00
1.473476103544235194e+00
1.461646592140197765e+00
1.451367380380630401e+00
1.434741269826889098e+00
1.422489740371704059e+00
1.410614559173583915e+00
1.397404157400131242e+00
1.388371240615844826e+00
1.377581836938857940e+00
1.368471670866012513e+00
1.356145302534103481e+00
1.351554836034774887e+00
1.345682591199874878e+00
1.337681304454803488e+00
1.332141613721847584e+00
1.318800923347473120e+00
1.318334080457687296e+00
1.308966750144958446e+00
1.304577909708023009e+00
1.297713100671768149e+00
1.293327085137367272e+00
1.289192256689071669e+00
1.280464695215225213e+00
1.273214211583137523e+00
1.270451059460639964e+00
1.267622833013534622e+00
1.257390682935714654e+00
1.256386321783065751e+00
1.247940733551978987e+00
1.250095809221267729e+00
1.237157331824302764e+00
1.228340099096298266e+00
1.226319014549255293e+00
1.226424521803855860e+00
1.220930238366126908e+00
1.217793019533157439e+00
1.207062478303909225e+00
1.207139005422592115e+00
1.199010677695274252e+00
1.197863099694252087e+00
1.197909782409668056e+00
1.185171465754508935e+00
1.178204613447189297e+00
1.181468801856040862e+00
1.174416386127471901e+00
1.177274129986763063e+00
1.168132144212722823e+00
1.167511586070060670e+00
1.160235656738281218e+00
1.158794059991836489e+00
1.155120530724525363e+00
1.142564808726310721e+00
1.143236805558204727e+00
1.136886541128158568e+00
1.137759659171104332e+00
1.131036069393158039e+00
1.131365810394287186e+00
1.126072058916091967e+00
1.121520604252815190e+00
1.121935916066169714e+00
1.112161140441894513e+00
1.111131801605224512e+00
1.101924407720565879e+00
1.101285624980926414e+00
1.094863933205604489e+00
1.094631200432777396e+00
1.091073538661003095e+00
1.090160996198654253e+00
1.081696363806724515e+00
1.082205590844154353e+00
1.069981050491332963e+00
1.073827465891838084e+00
1.067227867841720634e+00
1.064924013018608173e+00
1.060070656418800272e+00
1.057166587829589943e+00
1.054551298975944462e+00
1.048733993172645595e+00
1.046428065180778466e+00
1.042333311200141832e+00
1.042899796843528737e+00
1.035006911635398819e+00
1.038369925975799468e+00
1.031348635792732171e+00
1.027963375568389903e+00
1.021274383425712529e+00
1.019135996937751809e+00
1.022426733136177157e+00
1.016696932792663599e+00
1.013819200754165539e+00
1.011848707199096697e+00
1.003476045727729860e+00
1.005596828222274697e+00
9.979267135858536086e-01
9.968950884342193675e-01
9.963831208944320394e-01
9.945192142724991191e-01
9.878469650745391739e-01
9.937625236511230531e-01
9.845648009777069332e-01
9.808045667409897028e-01
9.742165076732635098e-01
9.779063572883606170e-01
9.767495462894439928e-01
9.667871913909912296e-01
9.642617422342300015e-01
9.622168425321578900e-01
9.662225564718246451e-01
9.539664490222931059e-01
9.613101967573165485e-01
9.579290345907210957e-01
9.488311418294906874e-01
9.474704350233078554e-01
9.458113785982131816e-01
9.464577143192290931e-01
9.374958201646804712e-01
9.419030079841613778e-01
9.361140956878661878e-01
9.296683555841446234e-01
9.332693076133727894e-01
9.308577898740768575e-01
9.259110257625580154e-01
9.253753520250320719e-01
9.122691158056258631e-01
9.178174790143966977e-01
9.139659004211425630e-01
9.143060382604598635e-01
9.071119968891143692e-01
9.079162182807922754e-01
9.030184364318847301e-01
9.016644014120102080e-01
8.974826362133025981e-01
9.000792702436447579e-01
8.933699952363968189e-01
8.933692653179168275e-01
8.904959007501601631e-01
8.933204020857811178e-01
8.916761622428893697e-01
8.899841564893722357e-01
8.815297015905380063e-01
8.777198337316512999e-01
8.748036358356475750e-01
8.804099686145782089e-01
8.745944526195525981e-01
8.684605191946029867e-01
8.766347736120223555e-01
8.643144869804382235e-01
8.706621162891388099e-01
8.631733132600784009e-01
8.652714202404022670e-01
8.645971894860268181e-01
8.556509670019150082e-01
8.519213513135910354e-01
8.486100600957870999e-01
8.478196723461151052e-01
8.498503023386001498e-01
8.498822129964828109e-01
8.528191789388656074e-01
8.401560833454132515e-01
8.416052056550979987e-01
8.476014653444290392e-01
8.342215138673781949e-01
8.330334445834159940e-01
8.375170640945434064e-01
8.327838851213454907e-01
8.329816621541976662e-01
8.205292172431946085e-01
8.205839878320694281e-01
8.264943861961364657e-01
8.253830039501189875e-01
8.247009129524230930e-01
8.260393902063369875e-01
8.202714281678199493e-01
8.199512628316879548e-01
8.150709006190299810e-01
8.191397498846053615e-01
8.152479162216186293e-01
8.126762872934341075e-01
8.080571026802062518e-01
8.132671612501144454e-01
8.113490700721740501e-01
7.971909249424934396e-01
8.051005293130875096e-01
7.960337846279144092e-01
8.105632336735725252e-01
7.984335775375366318e-01
7.864835672378539533e-01
7.976025174260139572e-01
7.949804041385650777e-01
7.901320067644119760e-01
7.870733972787856692e-01
7.898472786545753799e-01
7.915316749811172059e-01
7.842759339213370984e-01
7.781008011698722360e-01
7.802283457517623644e-01
7.958556602597236518e-01
7.830592093467712012e-01
7.779345114827156404e-01
7.735422685146331467e-01
7.744325237870216538e-01
7.703102627396583024e-01
7.666504211425780868e-01
7.755641257762908580e-01
7.678441197872162283e-01
7.678999573588370930e-01
7.740024965405464252e-01
7.696956824064254965e-01
7.712508926987647895e-01
7.717289991974830565e-01
7.635190812349319511e-01
7.653228944540023670e-01
7.597841596603394088e-01
7.606787998080253299e-01
7.598184362649917922e-01
7.559588006138802108e-01
7.570330029726028975e-01
7.570907863378524283e-01
7.510897108912467646e-01
7.508093154430389715e-01
7.621967068314552396e-01
7.531587436199188579e-01
7.551267004013061390e-01
7.480315954089165054e-01
7.406547640562057833e-01
7.376714903712272564e-01
7.370157598257064402e-01
7.298882356286049422e-01
7.394843018054961803e-01
7.393569110035895786e-01
7.366854417324065762e-01
7.295786284208297667e-01
7.448815518021583149e-01
7.387987971305847168e-01
7.293267131447792595e-01
7.311197335124015595e-01
7.369370670914650034e-01
7.378692952990532072e-01
7.261728237271308783e-01
7.350925226211547647e-01
7.189215593338013077e-01
7.318677011728286219e-01
7.268732115030288599e-01
7.278928472995758181e-01
7.303025897741317607e-01
7.216079121232032989e-01
7.160044689774512916e-01
7.151130102276802569e-01
7.162420357465744125e-01
7.204280129075050221e-01
7.097417658567428678e-01
7.100509446263313373e-01
7.268937594294547777e-01
7.192073609828949499e-01
7.196407299041748251e-01
7.118208179473877184e-01
7.135449469685554158e-01
7.088325577378272735e-01
7.101784380674361907e-01
7.087009108662605250e-01
6.994860603809356370e-01
7.086778467297554229e-01
7.160836396217346023e-01
7.058049509525299303e-01
7.063124623894690979e-01
6.991622478365898674e-01
6.905604783892631549e-01
6.943807847499847696e-01
7.054366479516029909e-01
7.016749677658080664e-01
6.989267067909240572e-01
7.045690952539443996e-01
7.019745095968246140e-01
6.874590119123459298e-01
6.891191594004630883e-01
7.008859414458274983e-01
6.977727308869361433e-01
6.905992923974990649e-01
6.917844311594962825e-01
6.856088286638259977e-01
6.884136978983879107e-01
6.895605495572090238e-01
6.870132517814636630e-01
6.864136411547661076e-01
6.915282915234566286e-01
6.840079966187476712e-01
6.790629788637161379e-01
6.758435172438621574e-01
6.885174795985221641e-01
6.777355735898017430e-01
6.806998660564422821e-01
6.790641168355942003e-01
6.742730999588966156e-01
6.845310941338539346e-01
6.766208529472350630e-01
6.731406898498535352e-01
6.890098741054534459e-01
6.831435209512710660e-01
6.764651679396629369e-01
6.774057360887527635e-01
6.747953851819038507e-01
6.693824211955070602e-01
6.762162426710128793e-01
6.722966257333755635e-01
6.797729892730712820e-01
6.650041667222976738e-01
6.558009062409401180e-01
6.566019588112831373e-01
6.640688181519508460e-01
6.713499668836593326e-01
6.718861042261123906e-01
6.688085059523583009e-01
6.639472396969795520e-01
6.631414840817451140e-01
6.621232017874717490e-01
6.585781651139259729e-01
6.585543105602263969e-01
6.542143420577049007e-01
6.537813331484794155e-01
6.701845614314079214e-01
6.566149383783340676e-01
6.490452930331229719e-01
6.489646939039230844e-01
6.484706058502197612e-01
6.555548675060272057e-01
6.427999484539032027e-01
6.547572944164276043e-01
6.506397980451583685e-01
6.483076986670494035e-01
6.484404335618019211e-01
6.556035877466201978e-01
6.514481672048568761e-01
6.605380216836929108e-01
6.466020845770835690e-01
6.458579227924347022e-01
6.518319342136382755e-01
6.440821350812911961e-01
6.476620268225670163e-01
6.542017809748649215e-01
6.542069618701934486e-01
6.455125027894973444e-01
6.454890941381454805e-01
6.422788693904876167e-01
6.441784750819206096e-01
6.492027509808540042e-01
6.451724622249602747e-01
6.318047664761543558e-01
6.425500865578651633e-01
6.473413315415382785e-01
6.382704066038131785e-01
6.442791986465453702e-01
6.423496313691139381e-01
6.287944163680077025e-01
6.306708002090454235e-01
6.313635228872299665e-01
6.339729382991791118e-01
6.346188640594482289e-01
6.266560661196708404e-01
6.332923802733421148e-01
6.291782993078232078e-01
6.487484661340713332e-01
6.321995760202407943e-01
6.321196585893631426e-01
6.281564958095550155e-01
6.217017642855644510e-01
6.287166523337364143e-01
6.343439618349074882e-01
6.304463968873024182e-01
6.324253386855125392e-01
6.198888035416603159e-01
6.298397466540336387e-01
6.206289098262787185e-01
6.292915438413619889e-01
6.207637696266173899e-01
6.288395497798919820e-01
6.302021158337592910e-01
6.238751869201659694e-01
6.249329648017882821e-01
6.257294526696205450e-01
6.266637042164802107e-01
6.183523425459861445e-01
6.213525262475013689e-01
6.259768144488334629e-01
6.270138974785804953e-01
6.151922424435615211e-01
6.290938919782638195e-01
6.160701401233673602e-01
6.252809486389160343e-01
6.190284708142280712e-01
6.157723644375800998e-01
6.180224820375442851e-01
6.112395601868629846e-01
6.093218372464179744e-01
6.141262565851210997e-01
6.175356162786483916e-01
6.203916626572608672e-01
6.176897150874137710e-01
6.075205200314521825e-01
6.131243460178374960e-01
6.197384294867515075e-01
6.082800273895263565e-01
6.156223592162132219e-01
6.205530437827110335e-01
6.148441321253776959e-01
6.111880477070807949e-01
6.036273058652877888e-01
6.086766707301140000e-01
6.109471835494041381e-01
6.016171540617942792e-01
6.087334349751472029e-01
6.157342502772807924e-01
6.114741634726524877e-01
6.086194915175437981e-01
6.033092028498650006e-01
5.968021469116211453e-01
6.136230195760726813e-01
6.119106258153915734e-01
6.079850065708160001e-01
5.923999892473220674e-01
6.131631678342819303e-01
6.065766048431396884e-01
6.079865249395370874e-01
6.047750875353813393e-01
6.132298491597175660e-01
5.997545025944709396e-01
5.974571410417556239e-01
5.995100257992744819e-01
6.002428491711616632e-01
6.026458847522735418e-01
6.066746391654014303e-01
5.930732256174087169e-01
5.976811504364013539e-01
6.034711981415749049e-01
5.995196129679679631e-01
6.011492965817450962e-01
5.905159270167350538e-01
6.063755223155021801e-01
6.004560660719872045e-01
6.004934489727020708e-01
6.018914970159530142e-01
5.935176579952240461e-01
6.063246764540671796e-01
5.928286496400833050e-01
5.973714376091957545e-01
6.017328888773918472e-01
5.944352911710739651e-01
5.989680551290511579e-01
5.977109104990959709e-01
5.830399886369704854e-01
5.968779414892196877e-01
5.917167407274246393e-01
5.983963108658790775e-01
5.932263834476471098e-01
5.982282775640487271e-01
6.059010062813758868e-01
5.816157162189483643e-01
5.919509946107864851e-01
5.910533781051635627e-01
5.834491541981696727e-01
6.127598437070846948e-01
5.846303566694259768e-01
5.899174095392226702e-01
5.943606211543083218e-01
5.855206807851791595e-01
5.908741282224655444e-01
5.827543867230415842e-01
5.831238570809363919e-01
5.988391263484954541e-01
5.910814418792724734e-01
5.858102790117263314e-01
5.874398834705353289e-01
5.891495379209518157e-01
5.817099522948264712e-01
5.829497429132461939e-01
5.839755723476409699e-01
5.809823008775710784e-01
5.952294405102729336e-01
5.788087047636508720e-01
5.881563991308211836e-01
5.747183741331099993e-01
5.874765208661556493e-01
5.906745099425315670e-01
5.807651471495628437e-01
5.751075575351715097e-01
5.799557183384895787e-01
5.794559740424156669e-01
5.771512664556502914e-01
5.791994617283344748e-01
5.838818528652190976e-01
