9.882000088691711426e-02
9.839999675750732422e-02
1.000799983739852905e-01
1.008000001311302185e-01
9.880000352859497070e-02
1.011200025677680969e-01
1.005399972200393677e-01
1.039799973368644714e-01
1.075199991464614868e-01
1.181000024080276489e-01
1.362199932336807251e-01
1.479800045490264893e-01
1.597400009632110596e-01
1.652999967336654663e-01
1.739400029182434082e-01
1.777399927377700806e-01
1.836400032043457031e-01
1.962800025939941406e-01
2.036799937486648560e-01
2.084999978542327881e-01
2.171400040388107300e-01
2.257000058889389038e-01
2.326799929141998291e-01
2.352800071239471436e-01
2.422399967908859253e-01
2.459000051021575928e-01
2.542600035667419434e-01
2.554000020027160645e-01
2.622399926185607910e-01
2.651399970054626465e-01
2.655999958515167236e-01
2.710199952125549316e-01
2.730799913406372070e-01
2.745200097560882568e-01
2.771799862384796143e-01
2.797999978065490723e-01
2.848599851131439209e-01
2.877599895000457764e-01
2.905200123786926270e-01
2.901400029659271240e-01
2.952800095081329346e-01
2.957400083541870117e-01
3.002400100231170654e-01
3.016400039196014404e-01
3.048999905586242676e-01
3.070000112056732178e-01
3.078599870204925537e-01
3.114199936389923096e-01
3.129799962043762207e-01
3.155800104141235352e-01
3.131999969482421875e-01
3.193199932575225830e-01
3.187400102615356445e-01
3.226000070571899414e-01
3.211399912834167480e-01
3.258799910545349121e-01
3.267799913883209229e-01
3.277600109577178955e-01
3.305400013923645020e-01
3.322600126266479492e-01
3.322600126266479492e-01
3.333199918270111084e-01
3.373399972915649414e-01
3.388200104236602783e-01
3.406800031661987305e-01
3.408200144767761230e-01
3.415000140666961670e-01
3.446199893951416016e-01
3.473599851131439209e-01
3.449800014495849609e-01
3.464800119400024414e-01
3.477199971675872803e-01
3.464600145816802979e-01
3.500399887561798096e-01
3.531999886035919189e-01
3.497200012207031250e-01
3.553200066089630127e-01
3.550199866294860840e-01
3.557400107383728027e-01
3.580000102519989014e-01
3.565399944782257080e-01
3.582800030708312988e-01
3.591000139713287354e-01
3.618800044059753418e-01
3.598600029945373535e-01
3.621799945831298828e-01
3.636600077152252197e-01
3.650000095367431641e-01
3.662199974060058594e-01
3.656400144100189209e-01
3.686400055885314941e-01
3.661000132560729980e-01
3.709999918937683105e-01
3.712199926376342773e-01
3.695200085639953613e-01
3.755599856376647949e-01
3.711000084877014160e-01
3.727999925613403320e-01
3.724200129508972168e-01
3.761000037193298340e-01
3.752799928188323975e-01
3.763999938964843750e-01
3.751200139522552490e-01
3.781200051307678223e-01
3.808999955654144287e-01
3.790400028228759766e-01
3.788000047206878662e-01
3.767600059509277344e-01
3.799999952316284180e-01
3.812200129032135010e-01
3.869599997997283936e-01
3.831799924373626709e-01
3.806799948215484619e-01
3.849000036716461182e-01
3.858399987220764160e-01
3.834399878978729248e-01
3.858399987220764160e-01
3.865399956703186035e-01
3.892999887466430664e-01
3.846200108528137207e-01
3.878400027751922607e-01
3.888199925422668457e-01
3.918200135231018066e-01
3.909400105476379395e-01
3.891400098800659180e-01
3.937799930572509766e-01
3.932600021362304688e-01
3.910199999809265137e-01
3.917199969291687012e-01
3.941600024700164795e-01
3.955399990081787109e-01
3.951799869537353516e-01
3.949399888515472412e-01
3.928399980068206787e-01
3.951599895954132080e-01
3.938399851322174072e-01
3.958800137042999268e-01
3.971199989318847656e-01
4.021399915218353271e-01
3.990199863910675049e-01
3.997600078582763672e-01
4.002200067043304443e-01
4.000400006771087646e-01
3.988400101661682129e-01
3.984400033950805664e-01
4.030399918556213379e-01
4.027799963951110840e-01
4.036799967288970947e-01
4.060199856758117676e-01
4.056200087070465088e-01
4.065000116825103760e-01
4.037399888038635254e-01
4.070599973201751709e-01
4.034799933433532715e-01
4.062600135803222656e-01
4.070599973201751709e-01
4.063200056552886963e-01
4.085600078105926514e-01
4.088400006294250488e-01
4.081999957561492920e-01
4.104799926280975342e-01
4.118799865245819092e-01
4.090799987316131592e-01
4.123800098896026611e-01
4.073599874973297119e-01
4.084399938583374023e-01
4.103200137615203857e-01
4.095399975776672363e-01
4.098399877548217773e-01
4.113399982452392578e-01
4.122999906539916992e-01
4.120799899101257324e-01
4.137200117111206055e-01
4.129399955272674561e-01
4.136199951171875000e-01
4.133999943733215332e-01
4.124999940395355225e-01
4.155200123786926270e-01
4.129999876022338867e-01
4.170199930667877197e-01
4.169799983501434326e-01
4.167400002479553223e-01
4.184400141239166260e-01
4.165799915790557861e-01
4.152800142765045166e-01
4.201399981975555420e-01
4.178999960422515869e-01
4.156000018119812012e-01
4.153200089931488037e-01
4.189200103282928467e-01
4.185000061988830566e-01
4.180600047111511230e-01
4.209800064563751221e-01
4.218800067901611328e-01
4.206399917602539062e-01
4.182600080966949463e-01
4.222599864006042480e-01
4.210599958896636963e-01
4.180000126361846924e-01
4.212400019168853760e-01
4.239999949932098389e-01
4.242199957370758057e-01
4.234000146389007568e-01
4.264000058174133301e-01
4.256600141525268555e-01
4.248000085353851318e-01
4.268200099468231201e-01
4.238600134849548340e-01
4.221799969673156738e-01
4.236800074577331543e-01
4.257200062274932861e-01
4.272199869155883789e-01
4.252800047397613525e-01
4.241400063037872314e-01
4.231800138950347900e-01
4.280999898910522461e-01
4.250999987125396729e-01
4.262599945068359375e-01
4.262999892234802246e-01
4.256600141525268555e-01
4.270800054073333740e-01
4.305399954319000244e-01
4.281800091266632080e-01
4.307799935340881348e-01
4.311400055885314941e-01
4.304800033569335938e-01
4.275999963283538818e-01
4.300200045108795166e-01
4.319599866867065430e-01
4.302600026130676270e-01
4.339999854564666748e-01
4.299600124359130859e-01
4.300799965858459473e-01
4.325599968433380127e-01
4.349200129508972168e-01
4.298599958419799805e-01
4.281600117683410645e-01
4.324199855327606201e-01
4.323199987411499023e-01
4.356800019741058350e-01
4.337800145149230957e-01
4.325399994850158691e-01
4.362600147724151611e-01
4.359200000762939453e-01
4.338999986648559570e-01
4.347000122070312500e-01
4.348199963569641113e-01
4.377200007438659668e-01
4.322800040245056152e-01
4.346199929714202881e-01
4.350199997425079346e-01
4.366399943828582764e-01
4.384799897670745850e-01
4.386799931526184082e-01
4.363000094890594482e-01
4.392400085926055908e-01
4.364599883556365967e-01
4.392600059509277344e-01
4.395999908447265625e-01
4.384799897670745850e-01
4.372200071811676025e-01
4.386999905109405518e-01
4.405600130558013916e-01
4.397000074386596680e-01
4.424799978733062744e-01
4.399800002574920654e-01
4.390999972820281982e-01
4.431400001049041748e-01
4.434800148010253906e-01
4.415600001811981201e-01
4.404399991035461426e-01
4.377599954605102539e-01
4.427599906921386719e-01
4.393999874591827393e-01
4.417400062084197998e-01
4.410400092601776123e-01
4.446200132369995117e-01
4.433799982070922852e-01
4.408000111579895020e-01
4.402999877929687500e-01
4.454799890518188477e-01
4.426200091838836670e-01
4.422000050544738770e-01
4.440400004386901855e-01
4.443799853324890137e-01
4.460200071334838867e-01
4.427999854087829590e-01
4.445599913597106934e-01
4.456200003623962402e-01
4.437400102615356445e-01
4.486599862575531006e-01
4.453000128269195557e-01
4.442600011825561523e-01
4.461399912834167480e-01
4.463599920272827148e-01
4.455600082874298096e-01
4.440400004386901855e-01
4.481999874114990234e-01
4.449000060558319092e-01
4.439800083637237549e-01
4.467599987983703613e-01
4.476599991321563721e-01
4.454799890518188477e-01
4.488799870014190674e-01
4.494799971580505371e-01
4.486199915409088135e-01
4.503999948501586914e-01
4.507400095462799072e-01
4.496999979019165039e-01
4.477599859237670898e-01
4.470199942588806152e-01
4.474799931049346924e-01
4.520800113677978516e-01
4.509600102901458740e-01
4.526399970054626465e-01
4.483399987220764160e-01
4.494599997997283936e-01
4.500800073146820068e-01
4.507400095462799072e-01
4.475800096988677979e-01
4.514400064945220947e-01
4.501999914646148682e-01
4.528000056743621826e-01
4.515999853610992432e-01
4.523800015449523926e-01
4.524999856948852539e-01
4.517599940299987793e-01
4.550600051879882812e-01
4.540199935436248779e-01
4.560799896717071533e-01
4.535999894142150879e-01
4.497199952602386475e-01
4.537000060081481934e-01
4.530799984931945801e-01
4.533199965953826904e-01
4.550999999046325684e-01
4.521799981594085693e-01
4.532999992370605469e-01
4.542399942874908447e-01
4.527400135993957520e-01
4.526999890804290771e-01
4.535599946975708008e-01
4.526799917221069336e-01
4.551399946212768555e-01
4.536800086498260498e-01
4.537000060081481934e-01
4.553000032901763916e-01
4.555999934673309326e-01
4.585399925708770752e-01
4.519400000572204590e-01
4.568200111389160156e-01
4.582000076770782471e-01
4.550600051879882812e-01
4.531799852848052979e-01
4.564799964427947998e-01
4.580000042915344238e-01
4.565399885177612305e-01
4.583399891853332520e-01
4.566400051116943359e-01
4.565199911594390869e-01
4.562799930572509766e-01
4.553999900817871094e-01
4.610800147056579590e-01
4.601199924945831299e-01
4.601800143718719482e-01
4.584000110626220703e-01
4.569199979305267334e-01
4.589200019836425781e-01
4.577400088310241699e-01
4.566799998283386230e-01
4.578999876976013184e-01
4.629999995231628418e-01
4.590399861335754395e-01
4.625999927520751953e-01
4.617199897766113281e-01
4.629400074481964111e-01
4.616400003433227539e-01
4.600400030612945557e-01
4.603799879550933838e-01
4.596000015735626221e-01
4.620600044727325439e-01
4.609000086784362793e-01
4.618200063705444336e-01
4.593000113964080811e-01
4.587199985980987549e-01
4.620200097560882568e-01
4.611000120639801025e-01
4.600999951362609863e-01
4.633199870586395264e-01
4.608600139617919922e-01
4.634400010108947754e-01
4.648199975490570068e-01
4.605199992656707764e-01
4.620400071144104004e-01
4.658400118350982666e-01
4.647200107574462891e-01
4.611800014972686768e-01
4.598999917507171631e-01
4.669199883937835693e-01
4.601399898529052734e-01
4.620600044727325439e-01
4.663600027561187744e-01
4.642400145530700684e-01
4.605000019073486328e-01
4.627200067043304443e-01
4.657799899578094482e-01
4.663000106811523438e-01
4.649200141429901123e-01
4.670599997043609619e-01
4.640200138092041016e-01
4.648000001907348633e-01
4.641399979591369629e-01
4.645400047302246094e-01
4.674800038337707520e-01
4.662599861621856689e-01
4.660199880599975586e-01
4.655599892139434814e-01
4.665000140666961670e-01
4.671599864959716797e-01
4.647400081157684326e-01
4.679000079631805420e-01
4.660199880599975586e-01
4.650200009346008301e-01
4.661200046539306641e-01
4.683200120925903320e-01
4.676400125026702881e-01
4.663400053977966309e-01
4.695000052452087402e-01
4.683000147342681885e-01
4.664599895477294922e-01
4.660600125789642334e-01
4.679600000381469727e-01
4.671199917793273926e-01
4.672200083732604980e-01
4.682599902153015137e-01
4.702199995517730713e-01
4.713000059127807617e-01
4.683200120925903320e-01
4.676600098609924316e-01
4.678199887275695801e-01
4.667600095272064209e-01
4.679200053215026855e-01
4.702199995517730713e-01
4.686799943447113037e-01
4.707799851894378662e-01
4.660399854183197021e-01
4.688999950885772705e-01
4.691199958324432373e-01
4.694199860095977783e-01
4.713400006294250488e-01
4.713400006294250488e-01
4.698800146579742432e-01
4.715000092983245850e-01
4.686799943447113037e-01
4.691399931907653809e-01
4.736000001430511475e-01
4.715999960899353027e-01
4.698199927806854248e-01
4.708200097084045410e-01
4.725199937820434570e-01
4.692600071430206299e-01
4.696600139141082764e-01
4.719400107860565186e-01
4.708200097084045410e-01
4.711599946022033691e-01
4.725399911403656006e-01
4.694600105285644531e-01
4.711599946022033691e-01
4.708200097084045410e-01
4.767200052738189697e-01
4.725599884986877441e-01
4.713000059127807617e-01
4.721199870109558105e-01
4.715000092983245850e-01
4.721800088882446289e-01
4.716399908065795898e-01
4.720399975776672363e-01
4.724000096321105957e-01
4.735200107097625732e-01
4.733000099658966064e-01
4.735200107097625732e-01
4.751000106334686279e-01
4.750199913978576660e-01
4.754599928855895996e-01
4.729000031948089600e-01
4.731200039386749268e-01
4.736599922180175781e-01
4.772999882698059082e-01
4.742799997329711914e-01
4.743399918079376221e-01
4.744400084018707275e-01
4.721400141716003418e-01
4.769000113010406494e-01
4.765999913215637207e-01
4.758599996566772461e-01
4.748800098896026611e-01
4.760600030422210693e-01
4.761799871921539307e-01
4.730800092220306396e-01
4.758400022983551025e-01
